PCA_1,PCA_2,PCA_3
-1.237041973377125,0.03343686080064867,-0.9806262153856456
-1.2374562542374714,0.027236825758348703,-0.9443036351861449
-1.237182597299625,0.02688803532306172,-1.0226175484976732
-1.2373107980119977,0.03260851858078274,-0.9352747177480729
-1.236938525787498,0.03323874547841488,-0.9150095455011517
-1.237288463659758,0.03091037645608995,-1.0131122025815942
-1.2368285794674283,0.028673405764337963,-0.8510772250890409
-1.2371063789050711,0.03234901656002239,-0.9395100921853813
-1.2368561116665195,0.03318519677933366,-0.9143782867597781
-1.2369539977485788,0.03200518716426332,-0.9193508751420238
-1.236874293371605,0.027862449282527776,-0.9199810559708081
-1.2375896404327411,0.031422167821141565,-0.9620980110280994
-1.2373537279217708,0.021361957842761403,-0.926982273739932
-1.236818797903068,0.03336621541002619,-0.9340626296810454
-1.2372254958675994,0.030856223611778484,-1.0101973565830293
-1.2370286566954658,0.02909089474820321,-0.8895047848257044
-1.2370581444512327,0.03434773383230735,-0.8936792261822275
-1.236746469099213,0.03523527489526727,-0.8625747367049809
-1.2367403787282745,0.033741525915859986,-0.9212765871387276
-1.237447980855067,0.030392178108668056,-1.0071735854338493
-1.2371393023364883,0.03269213548623877,-0.9551731355635114
-1.2371552784751247,0.028013817352344365,-0.9014667711522197
-1.236895092730827,0.0269854901139934,-1.0310954886840555
-1.2371911448563233,0.03163742874230659,-0.9874109264848642
-1.2368751946192205,0.027487165033989687,-0.9160852499919164
-1.2370378183627664,0.024592228952302043,-1.0342998734747928
-1.2374835857037834,0.03273057650600032,-0.948482601854515
-1.236734017259022,0.0326091251444802,-0.9310875752762972
-1.2377450701147439,0.0239317297181592,-0.9404384774045198
-1.2368754986723136,0.02442033547537752,-0.9359580813961145
-1.237577642868826,0.026737200117046615,-0.9696166038907619
-1.2370126619552622,0.03278357734800997,-0.971842700445928
-1.2370699879649247,0.029146972563788325,-0.9480156138159079
-1.2374180113781235,0.026222651847162114,-0.9697978373553798
-1.23762378137835,0.029621107114480384,-0.9509270175206314
-1.2371545166209188,0.03125581503812495,-0.9864457259345691
-1.2375265194070317,0.024510063119261995,-0.9531323009428297
-1.237288386818541,0.026030828034096596,-0.8243102736519092
-1.2368513075595826,0.027859065133972814,-1.032629857663631
-1.237296275607666,0.02989596419905549,-1.0284696762328196
-1.2374000632900888,0.03184036962750882,-0.9848827205347244
-1.2371498689463112,0.02898332634530451,-0.9410688073716494
-1.2373648322453341,0.031421118049009114,-1.0141129585423938
-1.2373636885799781,0.031723687601294126,-0.9761887996729752
-1.237205194453699,0.028320465060802935,-1.039055100710452
-1.23731091827158,0.025947983778111184,-0.9563203838969524
-1.2366071291507523,0.02991185372055687,-0.957058687338196
-1.237515689716645,0.03234901054093035,-0.9419541423636733
-1.2373485234994122,0.028113223242226797,-0.9695984601807198
-1.2372293484521075,0.027557388699252554,-0.9475671013846496
-1.23698529876215,0.03062522250693957,-1.0419837407995005
-1.2372793432860774,0.03156803802334386,-0.9733683442751072
-1.2375535808056857,0.023422222372537802,-0.9092233117240673
-1.2371665021100022,0.0314681502113652,-1.0019542045681058
-1.2365718763035762,0.034741382508740024,-0.9390441849956586
-1.2371292192381598,0.03219583084747759,-0.8743083889603196
-1.2371708934175303,0.03271249164437456,-0.933688273764777
-1.2370428996261744,0.01963837254413692,-1.008313620323897
-1.2375681862804204,0.03282811471488292,-0.9447864904780231
-1.2369442703325835,0.034002017037446264,-0.857486065613383
-1.2369822726220145,0.025076200512117158,-0.9910380401658823
-1.237352883135289,0.03131851232475844,-1.001854897044207
-1.2366713751491993,0.03192632479398566,-0.9100784727856986
-1.2370688377279464,0.0320256364867242,-0.9379571012244832
-1.237341212166734,0.03179912608553246,-1.0261699218507523
-1.2369786891349255,0.03222309524345963,-0.9021192261972285
-1.2369519644486702,0.03131600391467986,-1.0101775228343237
-1.2372729282513468,0.030577957015351775,-0.9189338223567036
-1.2374243101159617,0.030993889929375316,-0.9577247788199893
-1.2371057050771777,0.027252559335721144,-0.9485072311660743
-1.2375155560875508,0.03202316578718357,-0.9546048420709876
-1.2369105504448803,0.026062476226994452,-1.0748610038423945
-1.237275485139768,0.031206572763853718,-0.9957417534583806
-1.237080908019335,0.03383328886182648,-0.9353170450125345
-1.2365948246597425,0.019781622851031657,-0.9655036888989666
-1.2369979506311655,0.03210664055777537,-0.961949119449458
-1.2373308719166962,0.028617825940340697,-0.8611471197402171
-1.237091919356269,0.02973824014598248,-0.8712051392734872
-1.2369641523306985,0.031137421438909733,-0.9417445764084086
-1.2371748823474953,0.030776095217804524,-1.0070858075717224
-1.2368630959062437,0.02692032573537587,-0.8887882142999104
-1.2375995311330192,0.025222952928800713,-0.9651478079364658
-1.2370208271816316,0.03166791642597169,-0.9452432527016215
-1.2374374016625218,0.030674017254495815,-0.9750335493348562
-1.2367924986601773,0.02886671790502298,-0.8969255970268759
-1.237157062924958,0.026236538546746936,-0.9884717411995644
-1.2373368049935007,0.030667542637495215,-0.9876517270596633
-1.2369415185292651,0.032943608683233865,-0.9436690676416686
-1.2361656549930917,0.028202070538438713,-0.9084822636925107
-1.237236656443764,0.03062718942765872,-1.0186651481527642
-1.2372488400355235,0.031533369975555024,-1.0046565374871332
-1.2371210936208492,0.030766593392651604,-0.9764723563180655
-1.2373164172220579,0.025552261105187553,-0.9371033621790855
-1.2374769388026545,0.031045638528546804,-0.9998589854161751
-1.2370382517764626,0.03348288468909309,-0.8984031908470483
-1.2364315673961936,0.026315225530106807,-1.0253333269240563
-1.2369694352340888,0.03377267611497626,-0.8804868931956998
-1.2366805455284946,0.02968846207934031,-0.8888389586752726
-1.236530398608978,0.03333074108810327,-0.8950908845310024
-1.2373411901160116,0.031357425746629725,-0.9770815699019372
-1.2376081710869606,0.02462990994709085,-0.867088522765601
-1.2368713369375595,0.0327682107380146,-0.9252359729913885
-1.237343470014633,0.026680260589947852,-1.033567778207876
-1.2371869144465744,0.02770046359938709,-0.9506882436207414
-1.2374229325392654,0.0312880564461044,-0.9578330436124004
-1.2373120006784315,0.02573715502627622,-0.9600063825338115
-1.2368411523509428,0.034573095355361905,-0.9267484873382742
-1.2374197207838031,0.031359749608229875,-0.9858174756824589
-1.2364727039416612,0.028274088201594383,-0.9249741882517764
-1.2374915504892503,0.03203503112265421,-0.9390848603994918
-1.2372728222129834,0.02743881079553697,-1.001566444682814
-1.2370171179966414,0.03167203900393601,-0.9369937714821859
-1.2370070251247045,0.029407142756804023,-0.9163171858524718
-1.237309548700699,0.027353098767466923,-1.0330432994821075
-1.2371183859464807,0.03102133753320595,-1.0415932940748
-1.2372287644204698,0.026367328583533998,-0.9051037461325678
-1.2373438998404713,0.0297854303251079,-0.9920339336398386
-1.2368603234859408,0.03057252885572331,-0.9294334621883356
-1.2372325237514858,0.026780332237312406,-1.016419536548936
-1.2371420333437153,0.02473346139601142,-0.9933487655910532
-1.2369848798654552,0.03178606940717373,-0.9667218718063725
-1.2370344012614904,0.03270842347676174,-0.9373116040856118
-1.2364426716277286,0.02758143942892701,-1.0277032733985159
-1.2373920892745622,0.031166737891690086,-1.0031294354830531
-1.2376141932255007,0.023480744326297383,-0.9596625398948825
-1.237133538701976,0.027774150061005767,-0.9007590228854612
-1.2372796428042914,0.03002287485622239,-0.9577133117541972
-1.2367938879573155,0.031349569198767566,-0.843329302795643
-1.2373038714644227,0.03393716960189243,-0.9557480044538611
-1.236721008997149,0.027186933470505572,-0.9043270790230904
-1.2369621882529602,0.031826767166707716,-0.9606655566636871
-1.237028562207706,0.03190512692355242,-0.947718500550243
-1.2371996589072105,0.029144484550379778,-0.9400805835814066
-1.2375142422265142,0.030937519919976928,-0.9203053620794582
-1.2368957964676965,0.0307092926585036,-0.8893273148275347
-1.237482317191695,0.024840892159649162,-0.8775885533179447
-1.236850801275797,0.03379182351467785,-0.8809777832132354
-1.237028983942833,0.028493227695876158,-0.9381057118757701
-1.2371334913646068,0.032470953820366855,-0.9114067629388943
-1.2370230946531635,0.03209419103689072,-0.9188004474840242
-1.237509184616492,0.020278786668004777,-0.9690574355868744
-1.2371302432440632,0.0257840451850789,-0.9804126747770707
-1.2375417980198844,0.02646444307113602,-0.9303651136953615
-1.236975453785802,0.03296972939456348,-0.955498575227579
-1.2370898681390312,0.029652998936711108,-1.0368256833724474
-1.2370603589794098,0.032119038361668246,-0.9664009896089177
-1.2372612574049622,0.0317085768417785,-0.9583569443459355
-1.2367814538407758,0.034679936683415555,-0.9029960743166121
-1.2370264328697962,0.03183924679597543,-0.8640631309523993
-1.2369907568174885,0.034032857411052234,-0.898750599794723
-1.2375625835993738,0.030922215164399885,-0.9504121463014368
-1.2373755249373637,0.03275652694523324,-0.9490495963071287
-1.2374993264198912,0.02525606027124516,-0.9408306236016264
-1.236664633920917,0.03398352238373078,-0.976127076802696
-1.2376418199622974,0.027340471043104428,-1.0452766216473146
-1.2370271624512341,0.03220346065817961,-0.9470809448148866
-1.2376137939501626,0.030935924393728973,-0.9824928473524565
-1.2368893690820524,0.03367033706273257,-0.9192070021696938
-1.2370194816913989,0.03371946907500958,-0.8907299543271975
-1.237266377426201,0.03102489321373849,-0.9979572712076424
-1.237272809469346,0.0332348055617043,-0.9452395155998861
-1.236554161422114,0.032419712512868785,-0.9239491814326911
-1.2371823521234009,0.03233493015127182,-1.0012581491676609
-1.2373660918198264,0.03245636157906734,-0.9429485875672129
-1.2374740322969147,0.03138312032312806,-0.9824302995302063
-1.2367479387885028,0.029695685534779612,-0.8757225306788743
-1.2373389866645608,0.02964403179238377,-0.9699652907773175
-1.2375975861030808,0.030915100684847107,-0.972013283316428
-1.2369651778424304,0.03454428517686973,-0.9223719075558588
-1.2373594445354863,0.029832487054406148,-1.015527700219342
-1.2373884230065626,0.02225864036931517,-0.9795664988685033
-1.2363780237079005,0.0303084292257611,-0.9497094379969904
-1.2372913972104107,0.03174743476933439,-1.0037010163729272
-1.2368994751997615,0.03332275414837696,-0.9440839997052418
-1.237202180755796,0.030562273763772286,-1.0074061102547016
-1.2369812182579105,0.026753572278759154,-0.9999323140419384
-1.2364735501616977,0.03177493680164432,-0.9693317957712162
-1.2370544251366455,0.03603408853182081,-0.8757645468049985
-1.2369149210839674,0.03333728236783366,-0.9018019363705905
-1.2372500283855834,0.0279323303613466,-0.9440298898499259
-1.2369606949994163,0.03351050732355085,-0.8621105362581452
-1.237688380253913,0.02964463191373367,-1.0114262112626955
-1.2371894280305427,0.029279877958044292,-0.9056696677652554
-1.2366928715512464,0.032272379163577634,-0.8939280294280035
-1.237523709761008,0.029923868954097512,-0.9602826435770243
-1.2369757484197994,0.02843527461803958,-0.9066709252184435
-1.2375796810298358,0.03131882483399329,-0.9469475887453327
-1.2372947917515718,0.027581331251617727,-0.8698562275566745
-1.2369075235030877,0.03372035507298733,-0.9544724696491101
-1.2373829959609473,0.03173632595135344,-1.0090504514439196
-1.237462705539845,0.03071624166803489,-0.9328086304492433
-1.2373100378069426,0.02400066952489766,-0.9248798621944366
-1.2367910738861676,0.03464040714874525,-0.930843798667293
-1.2373097134437832,0.02244338902489508,-1.0869500822923597
-1.2366167341151386,0.034705496797458595,-0.8459274973782285
-1.2365225569233103,0.0349665074225752,-0.9563358786910556
-1.2370629082599418,0.030682289113782697,-0.8906905841533093
-1.2368821723915722,0.025737644931817988,-1.0285437326002664
-1.2371852524255667,0.03259484329626675,-0.906078388699615
-1.23672832036471,0.023409282637156508,-0.8500320863100229
-1.2372600670251976,0.03130483237410535,-0.9883256144129621
-1.237345440236107,0.027825858563601567,-0.9643194532915855
-1.2372953428107505,0.030979071819662193,-1.0067973715681426
-1.237411861890042,0.031144063458809004,-0.9966712895923762
-1.2371794405829248,0.03150978727327906,-0.9800269069222627
-1.237299253417104,0.03213265631419938,-0.9486523991522945
-1.2374119360827587,0.03127779523775993,-0.9993201440057105
-1.2372876794680006,0.03248732664472107,-0.948420342825071
-1.2371327617380867,0.03263774543755249,-0.9452864796964446
-1.237446101857825,0.024306117163674985,-0.9285721166737296
-1.2377289103359286,0.025936687145536843,-0.9505520502569552
-1.2372483230654523,0.031012760017704314,-0.9879264531242916
-1.2367602365105899,0.03386223537737263,-0.8582289361598754
-1.2368807648109792,0.03245366244370803,-0.9169124662720066
-1.2372997438923516,0.02657199944370807,-0.9703269582889695
-1.237285131450913,0.03218344512107505,-0.9657712619276722
-1.2366045566565698,0.02564783506141338,-1.0577435601319
-1.2363925062610264,0.03388419019604499,-0.9401922600234995
-1.2370423943174005,0.03238900520966262,-0.8731695245324801
-1.2376287267002404,0.025997931167707673,-0.8895486345962862
-1.2369264119042993,0.030295230197089858,-1.017497237816179
-1.237125568737779,0.032052441936570045,-0.9766389242254927
-1.237010304028328,0.03320166303797805,-0.9483563423196381
-1.2370900991477813,0.03127591878081979,-0.9666463005069463
-1.2372140806453407,0.03337577061064664,-0.9144852055917247
-1.236421490606284,0.02655124442997083,-0.9273071429274882
-1.2375855668760098,0.03344671806665996,-0.9560069974617219
-1.2368632840142624,0.0326983668329879,-0.9702016146485419
-1.2375492321059607,0.023732708938080903,-0.9425491147053572
-1.2375800202070624,0.029352422629771138,-1.0053761771765983
-1.2372213384233,0.029759194594774007,-0.9984641360183133
-1.2369810606783804,0.031980129535239564,-0.9702394858814716
-1.237373123870807,0.03116002413420404,-0.9499488903258966
-1.23721430716344,0.02549830258902248,-0.9980799455571295
-1.2370748568953343,0.031217323848534262,-0.9512549585755753
-1.237213550961664,0.0312966121544322,-1.0307343962934203
-1.2371091577565836,0.029007790122848622,-0.9021317975910667
-1.237421208409876,0.03232859609979792,-0.9293432339077302
-1.2367516608965674,0.026728640902208278,-0.904076705921324
-1.2370909942902837,0.028106341672114052,-0.9837884773505611
-1.2372998060170084,0.026794466495788167,-0.9077526642271383
-1.2368363965986544,0.0347930863209808,-0.8812731749778614
-1.2371430655788058,0.02533280833877469,-0.9436981293851749
-1.237297117897106,0.030627790165602953,-1.0189987781050691
-1.237149386815811,0.026581347421353853,-0.9054324640363982
-1.2372585100634148,0.03155064012322854,-0.9680169312944948
-1.2372891138120514,0.03143294793021837,-1.0353127631511532
-1.2368554331628212,0.028326882366125954,-0.9083033457792483
-1.2372993566802608,0.03409024152492814,-0.8814365341137868
-1.237366281909942,0.027215324630605293,-1.0045645825992358
-1.2374371414574077,0.028146001952983984,-0.996495451054717
-1.237580395834438,0.03125584696532463,-1.0082736686762848
-1.2368979812391288,0.031111890470017257,-0.9405840976619377
-1.2373142084076147,0.023662969682171176,-0.9987120022454289
-1.2373717827241628,0.022138044920152963,-0.9853806575879427
-1.237377051848532,0.022161921581198084,-0.9967190520216481
-1.2368284517063963,0.031709135790106896,-0.9461272063346327
-1.2369925979789034,0.032195862168312314,-0.9629992554288511
-1.2373987549448595,0.03230967063782636,-0.97265015624748
-1.2374627215691216,0.02519635048288909,-1.0005934843718236
-1.2369148332259259,0.03411815821163594,-0.8985210131572515
-1.2365528804908112,0.029607211203962473,-0.9117612099238269
-1.2370430682322158,0.032273334029855535,-0.962135858430617
-1.2369691321667415,0.02919377444864482,-0.9004203120467412
-1.2366141205706962,0.031386304895122896,-0.9105743871234762
-1.2369095188680193,0.02870663092006696,-0.8969168500862695
-1.2370274766724518,0.034419588656898266,-0.8762586922661046
-1.2363705713548356,0.03428091270669374,-0.8911961788792931
-1.2370487691664946,0.032886145670126654,-0.9577321546803824
-1.2372968034858396,0.03128331041672177,-1.0214439762993608
-1.2371012828421688,0.03168057359875506,-0.8948564482657791
-1.2370000812442572,0.03511560785356642,-0.8875329051081182
-1.237172179278814,0.027629847514728786,-1.05082423079845
-1.2370991764136496,0.025907477765294343,-0.9163790387785966
-1.2373684694211418,0.030698200699197938,-0.9872313279281959
-1.2370603875509298,0.03231035191598224,-0.9483091310827343
-1.2371984413329704,0.02629950491181568,-0.9479416197149986
-1.2370717667413003,0.035020376723801136,-0.9120032956514723
-1.2373405179692785,0.03171287624362571,-1.0070426972854452
-1.2371637845221384,0.030722136349572052,-0.9844739402668186
-1.2369642742673908,0.03328964414423495,-0.9183432106026801
-1.2373159660025033,0.02606401626778495,-0.9348097815700422
-1.236735336149715,0.034778978756519606,-0.9501352053999584
-1.2368766836140317,0.03127996670710369,-0.8936104409340196
-1.2374128702064973,0.030987889735765637,-0.9888035953638403
-1.2372361580911406,0.02477571498121658,-1.0206810440137368
-1.2374902822499814,0.031164775706609808,-0.9435419041339504
-1.2368807566110198,0.032643646706078486,-0.9200946838725917
-1.2372001251738327,0.026657708934564997,-0.9631068630349947
-1.2369683263908913,0.023596121238846576,-0.8620439819682875
-1.2377374169222768,0.018884200605713383,-0.9790590459987414
-1.2368545332327991,0.0347864771894572,-0.9409217321598051
-1.237032461710911,0.03189758654274138,-0.9449592480483191
-1.237116729822477,0.032561146149734974,-0.9502937703364752
-1.2375061474863887,0.022385378964099294,-0.8413466720545812
-1.2378128867187965,0.019516183099607076,-0.9268903171837861
-1.2369382301174454,0.03278179972338724,-0.8789075767451046
-1.237290207206036,0.03227357863238552,-0.9694467472461373
-1.2370363689966568,0.033314794080987226,-0.8558696349654992
-1.236664585062328,0.0335620930917062,-0.9109563980952089
-1.236918274561764,0.031724626638864474,-0.9023427068460885
-1.2362703348176594,0.034866327225074545,-0.9117864910597487
-1.2370788698755186,0.028591048176919622,-0.9937430930733578
-1.2374420807234305,0.02765448067802685,-0.899855404331512
-1.2367855104424592,0.02344071897976998,-0.9442704664164663
-1.2360240122543134,0.030014305894520817,-0.891786721752575
-1.2368014391243103,0.031215330030202566,-0.8488433753447202
-1.2374592049241495,0.03152245340927509,-1.009691921352699
-1.2367615239191367,0.03125144792873017,-0.869426011287565
-1.236930664168778,0.026356337633428227,-0.9865435063292393
-1.2371028448950214,0.03283915255244446,-0.9132927489237053
-1.2370879962600918,0.029834422859499547,-1.0184050876679693
-1.2371338742332254,0.02713888223134703,-1.0025291062073527
-1.2372656296176923,0.025439117692829638,-0.9547962009008326
-1.2371271095032248,0.03313367374981617,-0.8982873925854861
-1.2372293707565272,0.030083215448121908,-1.0039712222741686
-1.237126432473936,0.03102039059234916,-0.9621985426894011
-1.237469230157565,0.03206682704170801,-0.995829073013078
-1.2367156066903033,0.03301595336541696,-0.9583586276589214
-1.237588416634971,0.02598298671072637,-0.955087784073869
-1.237496424382465,0.03249377002880877,-0.9571685866675319
-1.2370411851793504,0.032162052812404036,-0.9441340540491776
-1.2372529544054476,0.03338258539494892,-0.9121096876594493
-1.237224137336343,0.03450296028445682,-0.9130212916105752
-1.2372865903659496,0.031893387247829204,-0.9696894121108476
-1.2372370127646704,0.02679214152235014,-0.9381070315258141
-1.2366005051879296,0.02240750094713981,-0.991740682317174
-1.2373352014299435,0.0320304822829182,-0.9838358550813792
-1.2374914812810258,0.03248048168953905,-0.9601536313608785
-1.2370039718283594,0.027751607082175504,-0.9455549745803804
-1.236953500101512,0.03394768753104185,-0.9411428487974733
-1.23701224187636,0.028111578538164796,-0.890570110852974
-1.2373241333810572,0.030668313709179218,-1.0321481078043502
-1.237170058487014,0.03278402034654607,-0.9508210431972741
-1.2373563413088313,0.028953248861414132,-0.9498209278591154
-1.2375504567302476,0.01761091656743718,-0.8615491222053042
-1.2371516142204741,0.03181767526028604,-0.9691270278363302
-1.2373811214031782,0.026597221347176913,-0.877555850569466
-1.2369844091053233,0.02563526482316173,-0.9348925677423812
-1.2368787145471487,0.029656084591067784,-1.0338591975613853
-1.2378482673550608,0.023605163419016178,-0.932624430965933
-1.2374347718556726,0.03205107935054699,-0.9395372401840043
-1.2372922631602836,0.03089444963712285,-0.9868996321323656
-1.2370968660354786,0.033242794693570984,-0.91846180035002
-1.236975311584377,0.0332425286160565,-0.9766971749718668
-1.2371969906141238,0.031115310957700548,-0.8822040969271402
-1.2369175431195318,0.03206256597175836,-0.8861831694392317
-1.2369032904626478,0.03139265539723372,-0.9474055927921093
-1.2370560394167207,0.03352385210834302,-0.9255135530636535
-1.237122967688301,0.03261837972652242,-0.9213554547082615
-1.2370533937394055,0.03276521092423338,-0.9186087773842505
-1.2374410372768727,0.026481376110766962,-0.9200043835574513
-1.2372220518601695,0.029677417700476286,-1.0402267077012202
-1.2372674490003965,0.030827654529709012,-1.0025097035058614
-1.2366831148227553,0.03147064631597538,-0.9944582572484166
-1.237243650475517,0.023932970445502584,-0.9184445659787818
-1.2375068560083196,0.029767159062186074,-0.9619293478233462
-1.2370263216382398,0.030626236729559126,-0.9463412034816551
-1.2372670491577624,0.03009591686614795,-1.0023224926205117
-1.2371652823002923,0.030762949232668594,-0.9346758705189062
-1.2369002999263123,0.033522765708113605,-0.9490884381259104
-1.2368726651278643,0.025558276004917932,-0.9712722768291979
-1.2369982412053868,0.029577300050219694,-0.9555124757901502
-1.2368075287226887,0.03128728407297487,-0.9314987027706949
-1.2372345796788933,0.028626724832988698,-1.0279742625295867
-1.2368818474251875,0.028924488395575255,-0.9494941781822318
-1.237158782106091,0.01932325692735461,-0.9507431304803468
-1.2370887855421095,0.033153390957185495,-0.8674151698964462
-1.237181707920025,0.03333193202801893,-0.9029134783178348
-1.237387235422918,0.030983500737056763,-1.0193848795133484
-1.2369172949947551,0.027009342911299385,-0.9539201599599971
-1.2374191754212094,0.030623904738899664,-1.0032484954862881
-1.2375645674002203,0.029356127019232858,-0.989251287708939
-1.2371244265059609,0.028914251017001746,-0.8581611270678139
-1.2375989942430599,0.019530103500699544,-0.8781901334491299
-1.2376475036169523,0.03188821021846193,-0.964282291214846
-1.237337462883206,0.026451302733825403,-0.9981079932742483
-1.2369871054810726,0.028914136248782557,-0.923451690084643
-1.2374139223176586,0.03176253098657907,-0.9404423987531982
-1.2369755017098114,0.030242146977387755,-0.9348317820292076
-1.2370820418390984,0.03294906893215592,-0.9025310260009407
-1.2375304805847556,0.03121439438092053,-0.9366326239277852
-1.2369203120141854,0.03165710886107217,-0.9260405811157569
-1.2365921827922683,0.03361745206018428,-0.9010372672060579
-1.236902932136002,0.03379205435055921,-0.8924299023395041
-1.2371817203125277,0.03365889742391051,-0.8777012469138771
-1.2371442961739216,0.0277036449497219,-0.9291026005395938
-1.2369380710267934,0.02434840164108435,-0.9484984496148976
-1.2368732137815057,0.032838992586257984,-0.8931816416728463
-1.2376397272991162,0.0189051887948542,-0.9535372374978439
-1.2373871312430595,0.026344379549820034,-0.9898941124074311
-1.2373260738270349,0.034048259886768434,-0.9038617403336064
-1.2372354446691938,0.026857784630285472,-0.8376495525027196
-1.2369249709484156,0.031013817916608403,-0.8682549729379134
-1.2368944638937813,0.02684881326979956,-0.8927481822435566
-1.2372682131090023,0.029272594065169088,-0.898427515371567
-1.23725854666222,0.028519647525929913,-0.9083033412322064
-1.2375896563796653,0.03274877331538451,-0.9565068617604963
-1.2368177732241983,0.034255789506599355,-0.8764308279728888
-1.2375761073488933,0.03065791718098501,-0.9683235850304057
-1.2373206708029638,0.032380122331605796,-0.9513960280608071
-1.2375654921212884,0.031893253844622695,-0.9511344727239074
-1.237210268625282,0.03386529230485922,-0.9245234772465071
-1.2372147150196433,0.023377270919700942,-0.8907117144048151
-1.2369437434908337,0.0350686511890492,-0.8661124683887186
-1.2372645366348756,0.0274593058996967,-0.8953594743420171
-1.237614554977652,0.02377046469790449,-0.9137623263013738
-1.2371016326203044,0.034703044507318766,-0.9373354835851557
-1.2371883500360032,0.033568628361346074,-0.9506854279687258
-1.2371155319757194,0.030302491110737982,-0.9384703136501934
-1.237053543136553,0.034244257342138686,-0.9087348127171334
-1.2370581891307701,0.02581319735558626,-1.048059569605542
-1.237144488327753,0.02388991402747252,-0.9099560201450823
-1.2373438270162982,0.029445296251562777,-0.9861028303524955
-1.2368712556988182,0.02880338425695986,-0.9039841923432619
-1.2371890513528867,0.029750444696156203,-1.012135895737155
-1.2371167891202575,0.033253802160555256,-0.9734766144769591
-1.2366999227895856,0.027630815774630182,-0.8856032378600702
-1.2369503916460494,0.02249203739292038,-1.0433843148989006
-1.2370610838770872,0.03156667750793956,-0.9725257890992691
-1.2371829301086124,0.028674243379088336,-0.9385012837267924
-1.2374601185275529,0.032644499712808646,-0.9440593655750034
-1.2374998549158565,0.029184664149582772,-0.918488230963105
-1.2375278999394683,0.027075307008387263,-0.9448598601539968
-1.2370893150770559,0.024105414410144566,-1.0029768993633847
-1.2370941076784083,0.028657288150126806,-0.9976781072621693
-1.236788623433621,0.035468398554126174,-0.9027863864858671
-1.2369096154841372,0.03355395619112375,-0.882441650209575
-1.236694280170602,0.029885757779714434,-0.8252475376134091
-1.237245345687852,0.021541057885071643,-0.893762240393415
-1.236977345538557,0.033278393706253226,-0.9187516821589277
-1.2374026827025755,0.03161957561756532,-1.007496647576915
-1.2370349988556968,0.02728386822915448,-0.8792694598437096
-1.2375882686513466,0.0195166321796848,-0.9307797245622812
-1.2376293349714786,0.03293093808206352,-0.9551015887683783
-1.2373502275630144,0.02282082232270453,-0.931844585427525
-1.2374910652664917,0.02828950578390906,-0.9280244943131218
-1.2366497920647197,0.03428374761971227,-0.9297604462191538
-1.2371833263062066,0.029334449383776558,-0.9233902381627253
-1.23681474003331,0.03583974292420571,-0.8547093015425978
-1.2374719433143204,0.03166241542665152,-0.9226115908542166
-1.2376357512513838,0.023008357099643387,-0.9605679509954752
-1.237415872561694,0.028228934549437715,-0.9676618756237437
-1.2374025760880911,0.030688068262919557,-0.9552656924936692
-1.2374098636408393,0.027318161011402838,-0.9169841290634196
-1.237389484490932,0.023704485976154908,-0.9048622945321987
-1.2372185448291848,0.01927589331737137,-0.8431456952109173
-1.2371206729286044,0.03134788686487407,-0.8759338750055349
-1.237273275356782,0.022066307102037185,-1.0553071294626495
-1.237332594669225,0.029630682031048492,-0.9329848323350036
-1.2371852425375827,0.024969797797113422,-0.9335930904242457
-1.236280891811727,0.03420128962782788,-0.8974162169613764
-1.2368238872791393,0.03125415976292339,-0.9581765416541295
-1.2370309779521198,0.027734387194306914,-0.8682335347983586
-1.2374444756635374,0.03161341099627637,-0.9263537320456019
-1.237524195723476,0.032625108550256895,-0.9423924021270045
-1.2367554846128574,0.028989205539475708,-1.0244948151330169
-1.2373858707930063,0.02235284812572,-1.0692442586928603
-1.237160793672769,0.023891931550528867,-1.0011001746702868
-1.2368599364664388,0.02713292372402328,-0.9533835416955475
-1.2371931632158666,0.03320982080113523,-0.9107647489397785
-1.2370832998352794,0.021906836050595853,-0.9258750313019626
-1.2375988629578945,0.03223419849001418,-0.9609738298665081
-1.237471302189498,0.032510128254088604,-0.9225305449190665
-1.237220420238101,0.02692888356366559,-1.084212554393094
-1.2369140573892552,0.03303716121740051,-0.9330815041424821
-1.237514985734499,0.018186478097213226,-1.05009955913528
-1.2367688361845532,0.031708370175927716,-0.984071814104288
-1.237219011912202,0.020229892890105957,-0.9888280522424874
-1.2371769124122853,0.02982232029037278,-0.92914613206902
-1.2367142780980345,0.02398201420243116,-0.9676410345021779
-1.2370108005854596,0.0248084885176443,-1.0143821916541
-1.2365252450626356,0.03469526579425634,-0.8809086365246083
-1.2369545131359465,0.032496493301394695,-0.9368790941387964
-1.2373408697318429,0.03271779794781877,-0.9475291448215162
-1.2372426685618199,0.03090675358527986,-0.9901000392545631
-1.2372225839891255,0.03157929127454196,-0.9204307000225141
-1.236884629468071,0.03272459423793105,-0.8622384003652375
-1.237533295515974,0.024340780992998728,-0.9920900095555963
-1.237023839752606,0.027196987877195822,-0.953955171618644
-1.237176325100495,0.02761498849906462,-0.9034241923473926
-1.2372754964883015,0.024021972719914145,-0.8437121907624223
-1.2366021387662391,0.03209230588307112,-0.8335706848640154
-1.2373592086579701,0.03231209041494076,-0.9662355858144457
-1.2366138284378747,0.028156104978398516,-0.9925315010680211
-1.2372815437094167,0.031114274336409807,-0.9195225487434376
-1.2374927518239587,0.020907442674415626,-0.865071012344337
-1.2371728600375143,0.032827549826529176,-0.9030623643785038
-1.2365463470132023,0.034500345641712685,-0.9095251606460918
-1.2374226925216771,0.03236836699063375,-0.969197340286173
-1.2373276214489912,0.03181370161934302,-0.9003616035944918
-1.237075226025617,0.03183313373436744,-1.0079150198185352
-1.2369568740067909,0.03179325052901511,-0.9570939985408509
-1.2366489462762267,0.026932142843656783,-0.9518546286580558
-1.2371039508844757,0.027520784631710225,-0.8337710561768562
-1.2376641569936182,0.02620558281439796,-0.9099312533767893
-1.2371391194547892,0.03281463591748237,-0.9726045618807894
-1.2372370019666856,0.03450589558282327,-0.9232085627089488
-1.2366553763627828,0.035710439103307644,-0.8858496369923246
-1.2373578945106265,0.015741520424636384,-0.9592244540533315
-1.2363901716492387,0.03291901796882749,-0.8312571679301314
-1.2369055981514312,0.033709355918473995,-0.9400525105366271
-1.2367966168419748,0.02979581375220249,-0.851750886114185
-1.237026682568726,0.02568191682319517,-0.8626224700427442
-1.2369230949611996,0.02848090017389467,-0.8901748986225019
-1.2372658804873016,0.031243315384917012,-0.9907705207838363
-1.236923720937013,0.03496320406646859,-0.8739939568472563
-1.2373576988405077,0.02670563590492951,-0.9932047100481375
-1.237249230858132,0.03089603810579321,-0.9486548901601447
-1.23673072840288,0.0352225943085428,-0.8705524561606086
-1.2368008201671798,0.02716033580883541,-0.9044834148938791
-1.237357130694467,0.029702250208578397,-0.9540964111714597
-1.2369460905986802,0.030839262592965704,-0.9109073883444803
-1.2370424850533628,0.03142738798410967,-0.8756646035010065
-1.2369688725536565,0.02800785063787501,-0.9512253865517921
-1.23726639531621,0.025156808316435273,-0.9583265193759342
-1.2367972877877436,0.02596631646441119,-0.9172910953968602
-1.237276076335774,0.03101334915415608,-1.0005995910153351
-1.2370768345710417,0.03416607933661942,-0.9117494527714258
-1.2374696831672445,0.025868668733760806,-0.9156271593360054
-1.2377680084846114,0.024934965200543505,-1.0009910459899738
-1.2375174696280973,0.021356886050101623,-0.9520426729761552
-1.2371369147072722,0.023149339464707465,-1.0623549640029584
-1.2370453270037625,0.03402157551075312,-0.8684259528455298
-1.23744778895497,0.029999256509767046,-0.973825464619624
-1.2366728309806945,0.024968128552985275,-1.0955835942781202
-1.2373301844995417,0.032087969969024584,-0.9824878809818931
-1.2371081113946767,0.02463990844628986,-0.8836874660283159
-1.2373025157064188,0.022819257279024143,-0.9394456324499043
-1.2367119254933991,0.03234368131924198,-0.8864899539797563
-1.2372714773062368,0.032798303743483775,-0.961386996342746
-1.2373555928607471,0.03163286939853005,-0.8963294208785691
-1.237434778933253,0.025922471424905877,-0.9881370602774754
-1.2374428984153625,0.022340753521713164,-0.8500766054903157
-1.2367718406969397,0.0317800962929673,-0.977297513634632
-1.2371429596911883,0.022716537843945124,-1.0861693293377033
-1.2373583738502802,0.03331718440378614,-0.9577320904054959
-1.2368099998778541,0.0343085718949333,-0.9057083902466712
-1.2364678550934587,0.023217190850147895,-1.011361744107695
-1.2369181227799626,0.031960782102088685,-0.908097234715813
-1.2376009932869438,0.020617403059216236,-0.9095047933070256
-1.2366275754877054,0.030597309598938038,-0.9694246499961752
-1.2372729746520532,0.02672100742921545,-1.0433859769494342
-1.2372724729823759,0.02679765057078183,-0.9482572676149593
-1.2374874276474777,0.03207592324535852,-0.9454137401539184
-1.2373879322743269,0.030770870674590813,-0.9683891562381819
-1.237124170132747,0.023720865237536422,-0.8208128381350713
-1.2373765861506045,0.02626196946705314,-0.9169073708316681
-1.237306762377384,0.02903362936732298,-0.8798398073838007
-1.2369566051473613,0.027715507436642674,-0.9146088506374725
-1.2374583399879595,0.032111196511682386,-0.9688828577080709
-1.237315950961325,0.0332917378251863,-0.9567583610310681
-1.2371294829321136,0.03119824206845497,-1.0265499007673535
-1.2368256143747713,0.03134779643500925,-0.9265773999979755
-1.2371355994697786,0.03286066347408343,-0.9528440027048889
-1.2371977061896688,0.026992478718875928,-0.93383130502307
-1.236843694263333,0.031009543161465813,-0.9855047473345343
-1.2370420207840418,0.02951224722574202,-0.9051671709227093
-1.2375509083934508,0.024966794386573465,-0.9297455665087762
-1.2365012094790355,0.03548758017889183,-0.9213228834104722
-1.237472310694277,0.025466148226794688,-0.8788107987416341
-1.2372567217095507,0.024668458761777336,-0.8882990944496542
-1.2369563853503274,0.03187027663205891,-0.9417327987306868
-1.2369627566568484,0.02985974141120831,-0.8680379929220422
-1.23726357627831,0.028153484491466325,-0.9201179088216613
-1.2371474821517456,0.02942782190317955,-1.0412257211271048
-1.2374202540996948,0.024481346670448167,-0.9751152392023253
-1.237385297154617,0.02540818633855066,-1.0715999486092405
-1.2368239310720126,0.03043847491979649,-0.950999402513951
-1.236799182057962,0.033460052889995,-0.8762330308153655
-1.2376373162922583,0.02842451010839034,-0.9726137717580395
-1.2374732425431139,0.03177897152203559,-0.9520118258630336
-1.2370465284835923,0.02524364384636343,-1.005302694238477
-1.2370404045860144,0.031235530408411264,-0.9761234135506512
-1.2374397785639526,0.03244231358533167,-0.9511352388132598
-1.236888828930143,0.028931311419557747,-0.9097338792373983
-1.2372419837381734,0.028182350558873883,-0.9484871122615258
-1.2373782998575442,0.02951488269130275,-0.9683911231827202
-1.236883627312692,0.030991857561518562,-0.9412790513635526
-1.2372431741352186,0.02482284286769082,-0.9224496602409342
-1.2370409167399532,0.033005041949004436,-0.9152161239006493
-1.2375909370529603,0.029574027846390818,-0.9868373070412433
-1.2374418545272732,0.032763890933468334,-0.9392212743514881
-1.2372710512161547,0.031224097918925428,-0.941919846111871
-1.2371247151560065,0.032543252975650694,-0.9175591026341017
-1.2367643498507128,0.026915285346847388,-0.8667588907774492
-1.2368983289278728,0.026594814552976312,-1.0352591352904454
-1.2373036894450222,0.02750250941317535,-0.9278039511076134
-1.2372973640786475,0.025786815081417735,-0.9107653210386977
-1.237205494845812,0.028483471359911007,-1.0124940296296094
-1.2371010935779452,0.032702241574661124,-0.9435554600854378
-1.2368125815389104,0.035096266291625225,-0.9329870056636123
-1.2376577132768023,0.01836131305203893,-0.8941404694112535
-1.2371347138162638,0.033406807103175645,-0.9585347212406029
-1.2370946688762285,0.03070393219867245,-0.9186009793294138
-1.236620196791891,0.030294911956151152,-0.9562594663311739
-1.2373342378491825,0.03150896899898609,-0.9327765041508733
-1.2372334478100067,0.031192265632552875,-0.9634011047335461
-1.2371750789868587,0.02687726885630312,-0.9853560448453603
-1.2370255515060844,0.029096071308353923,-0.924723305192519
-1.2371588807570908,0.0277191480642096,-0.8763596540501639
-1.2370891296260105,0.029201089564906704,-0.8483869532887702
-1.236986701355528,0.01842552239048348,-1.0477860796920788
-1.2377162808209852,0.024351475869882337,-0.906216991689575
-1.2372535047409097,0.019456245978401062,-0.8986782881937938
-1.2371230686106582,0.03064261726248801,-0.8772836696060917
-1.2372202045168625,0.01986953139661411,-0.8282803779657758
-1.2374076615632614,0.03197586876988634,-0.9808814416801394
-1.2373188122491885,0.03379402491888791,-0.930568172501607
-1.236951089453627,0.032184962630506,-0.9546559153477097
-1.2375766696177344,0.025957609561260583,-0.9542332623051656
-1.2370515477447606,0.026885936960023418,-1.0998539827850662
-1.2370984047926146,0.03173952197210555,-0.9719243232803201
-1.237457030649604,0.03113338809703908,-0.9766514749015707
-1.2370968995456246,0.032643044734624815,-0.9060225354679552
-1.2369822020973666,0.02558435253872508,-0.9759802061011665
-1.2372199910240431,0.017080407481489642,-0.9634581493865702
-1.2370365755517199,0.032557572245503985,-0.9297524295904264
-1.2371119502092391,0.029842057369242433,-0.9572611551451087
-1.2373883931790945,0.03211164731890948,-0.912893840737851
-1.237423062559135,0.03278696049448696,-0.953324272121757
-1.2371175332976456,0.024023115483390315,-1.0375785674644085
-1.2372943206547269,0.033656527402507457,-0.923641464520203
-1.2370564969826912,0.022784207737874217,-1.0421781662613236
-1.2370209241911136,0.027493955933106804,-0.8855810693274302
-1.2371227879235054,0.027459617571196217,-0.9260222232326922
-1.2372596455801999,0.02565817633676872,-0.9440866530128779
-1.2369804953538779,0.0227262358004885,-0.9234854681157594
-1.237489553105058,0.03038844013481781,-0.94016399385744
-1.2374271731400477,0.022709874185777534,-0.8930614696333009
-1.2374289265204135,0.02558845975232773,-1.0012648744097223
-1.2372342508803766,0.02884896732894796,-0.9578745143623032
-1.2368627680132382,0.02725140925946224,-0.8577031855930346
-1.2374937314274181,0.024619363326400513,-0.9375350384366994
-1.2366401260374438,0.03161053541915604,-0.973396421211895
-1.2375011033702765,0.031905165697069804,-0.9450245924682648
-1.237571745728945,0.026479367538646808,-0.9549695827389166
-1.2377481735438043,0.023884408029395142,-0.9198686870478208
-1.237263108465202,0.033399191444385926,-0.9697801068977848
-1.2375578170587243,0.02721349157155947,-0.9424041009135637
-1.2365931449411867,0.02991656739741785,-0.8721497484673034
-1.2373769213950245,0.021786609433572333,-0.8532658730787102
-1.2363819625380064,0.031885658438010674,-0.9799116879022618
-1.2369004837336706,0.03263386646702619,-0.905481083082593
-1.237007058742555,0.031436106005074876,-0.8953882398024274
-1.237120452407143,0.032759889793826075,-0.9318556293315529
-1.2367897457887684,0.02727100403971642,-1.0523093147116898
-1.2371545546102818,0.02556917303979829,-0.9801422418885077
-1.2378539557737804,0.021830198407815606,-1.0211553131000686
-1.2372085684241814,0.026320632482698537,-0.9975421663747692
-1.2368811991746758,0.02694634562770134,-1.0468015992379307
-1.2374552911300953,0.02813929933630261,-1.012721813634055
-1.2367480777938122,0.0285120903244171,-0.940140623086967
-1.2377993909915979,0.014559009709629412,-0.9648459860662131
-1.2373112338654029,0.028871118639766043,-0.9604892483699672
-1.237247748538935,0.025823805791375682,-0.8474513117850541
-1.2374426935511547,0.03026187144929008,-0.9145596850492562
-1.2370110947628616,0.03200295232607459,-0.8632565851126067
-1.2368812232993986,0.02994418753344252,-0.9933259028266349
-1.2369525081768122,0.035590420224235524,-0.9104773324699572
-1.2372849437206839,0.032411942760775386,-0.9936739752021777
-1.2370065182321979,0.026399907765153156,-1.0204575913523588
-1.2375829960474032,0.022321804254874154,-0.9498309099487117
-1.237560061119499,0.02444734087363168,-0.87071906256346
-1.2366925388396117,0.025840573908406366,-0.965866284353672
-1.2373427710851441,0.03189157929868751,-0.9852981071714347
-1.2373771001997604,0.03165332975264185,-0.9594488245163327
-1.236346166174183,0.029485474305944014,-0.9561744754468903
-1.2376088378949814,0.024336917157195388,-0.8480283828246832
-1.236644975521249,0.02731924747627761,-0.9666911939144888
-1.2371874544797024,0.0335507466173686,-0.9416975328489191
-1.2374046503533982,0.024634948542094724,-0.8876530024270977
-1.2369902700089839,0.03392900684309108,-0.9125418334761015
-1.2374820166562692,0.03258675633685512,-0.9400573033412617
-1.236456751255061,0.027827902870431888,-1.0121200497126068
-1.2375103138504429,0.03205796654342624,-0.9575703311634566
-1.2372443293963848,0.03358609770946726,-0.8808176789518619
-1.2373174657598949,0.031239195476090942,-1.003391198120982
-1.237481248254532,0.03177013850987695,-0.9516048691566801
-1.236949675343428,0.032200449482529606,-0.9335489703004332
-1.237530098691597,0.024871475022973755,-0.9110758993527488
-1.2374112117103455,0.030816313613016497,-0.9337727923071591
-1.2370086842264192,0.03454509764016532,-0.9192478721613979
-1.2374847861951717,0.025597796502539023,-0.9155812219347514
-1.237010930384064,0.02768206203623933,-0.9075355295469945
-1.2369911529615285,0.0369845564085723,-0.8724402815743703
-1.2370110115018258,0.027189189806218,-1.0391939542559412
-1.2372382840107654,0.030730808468045413,-0.9595366685764455
-1.2373849153047465,0.021707552629659503,-0.9600485875507041
-1.2375423080767987,0.029947889841524543,-0.9537212103684757
-1.236898459899005,0.03332765324522206,-0.9475157330099622
-1.2370517463088995,0.03166702833601623,-0.933949207650608
-1.23638301334581,0.025485358994286007,-0.9946806002376354
-1.2372353684583348,0.031806666517639325,-0.9535645725234645
-1.236934279418339,0.03180721815936293,-0.896447688447284
-1.2368834403566256,0.03184791312803975,-0.9707729150234451
-1.236664540613195,0.03296786187382202,-0.9433125038870275
-1.2369154952973396,0.032047002910414096,-0.9297041431532952
-1.2369213361246094,0.029772147579522457,-0.8948929934346707
-1.236987642501661,0.030492352686013198,-0.9016510447682272
-1.2370301055516852,0.03245148539503997,-1.0160689213033127
-1.237262873138297,0.031819305039564955,-0.9690289551790761
-1.2373405851109907,0.0255024333293987,-0.9957652410490051
-1.2375367677742561,0.024478704327705436,-0.9775980507176418
-1.2368946763913158,0.03226982833976036,-0.9016680229946968
-1.2372718748854112,0.03245985186190626,-0.9689764433910474
-1.2376300093055654,0.02082636207716046,-0.9493486425944497
-1.2370498800201264,0.024752446568786377,-0.8318647900856776
-1.2371803095969216,0.03137904270830063,-0.9262543521866679
-1.2374610643540112,0.031015135369799843,-0.9589218435873751
-1.2366390865618708,0.03610722565301764,-0.8411109160138888
-1.2375804136346678,0.026645597133832286,-0.9959674501990321
-1.2376674286445446,0.02731661750676803,-0.9421369461475267
-1.2372480515514488,0.03001326006284612,-0.992983847292683
-1.2369155292676057,0.03339035597953554,-0.9008595270811987
-1.2374162579760186,0.03146668354090837,-0.9663899412938123
-1.2372777319413761,0.033079849721622936,-0.9709895383637159
-1.236873447246613,0.03399306516419675,-0.8717399102078215
-1.236951763914961,0.02788816939694008,-0.8795897895455655
-1.2371866162957583,0.01967922289033128,-0.9458618273885748
-1.2372752455127223,0.03228799089643334,-0.9508775903247711
-1.2372927628559338,0.030925045756433484,-0.9951369328568115
-1.2372105599101362,0.03168770208357225,-0.9493736110771832
-1.2370284105467828,0.025383612867886707,-1.030437932362837
-1.2371589500845253,0.02919060463210952,-0.8535153022411139
-1.237210067316787,0.0271391335363116,-0.9421535889893892
-1.2370841527126237,0.020612695353587836,-0.9089766711300189
-1.236872523288833,0.031199364976950156,-0.893269031249159
-1.2370813210318683,0.03350389145819731,-0.974625431651375
-1.2372928158440675,0.0319789997341777,-0.9510773746795989
-1.2373166713946864,0.031194679023313583,-1.020840516933641
-1.2374738350437373,0.032676783782052965,-0.9637556144038644
-1.2368960877788118,0.03239580035059105,-0.9055047331859606
-1.2369819774763007,0.027799105231499206,-1.0311117041271882
-1.2366780825649224,0.032879672466855164,-0.9996246416395262
-1.2366700829078434,0.0286723922841536,-1.0048688230740603
-1.236665505578596,0.03354429847970568,-0.9452835357549014
-1.2370516348598428,0.02661969412602398,-1.0377616027338372
-1.2375648321112782,0.030420228940631608,-0.9497290558467724
-1.2371004703252062,0.0253138564036648,-1.0205082287549418
-1.2371258898536361,0.0318096398389762,-0.9590434801225857
-1.2368592688939013,0.03508010740916396,-0.9020946141013879
-1.2368557687568724,0.03388646759075701,-0.8861165368369431
-1.2376685160907006,0.025429204854177098,-0.9596264498331629
-1.2367874161884427,0.034025105342988596,-0.8812061538718392
-1.2371393399224497,0.03293776019974578,-0.9319307832934659
-1.237097948224354,0.029852402465507695,-0.9050492307115483
-1.2370450275475655,0.030916416520799544,-0.9778449601300288
-1.2367035536248654,0.03197791340864786,-0.8823411697941873
-1.23650152067061,0.028569359720134916,-0.9488702634766661
-1.2373625334466054,0.027388785244743922,-1.042238113214503
-1.2365645590025374,0.02538055655945652,-0.9498166058509218
-1.237104586861135,0.021090486079064864,-1.0275212776044196
-1.2374163662185997,0.02686985193545326,-0.8974999235359327
-1.237549701875121,0.02616597334470938,-0.9212824071687968
-1.23686357191123,0.029467291526298782,-0.8615234052317319
-1.2375368445977617,0.02635382997698163,-0.9127881204810812
-1.2368543956540485,0.031031846402666395,-1.03159517028453
-1.237042988242633,0.03363048814615687,-0.8672830161402956
-1.2367812477792877,0.03235236245667011,-0.9204349142731972
-1.2368986389764247,0.03300795994092736,-0.8769565158172982
-1.2372790745036135,0.027906544413606592,-0.9845905386735178
-1.2374592132138595,0.029704972135050262,-0.9321730591751579
-1.2368126012745648,0.031162252951656637,-0.9699395601840847
-1.2368442338777557,0.030684966865675827,-1.0233356288259148
-1.2369468624885227,0.02617710850078872,-0.8486783368065371
-1.2372550117696846,0.031188847751614766,-0.9618356637896668
-1.2372419425864765,0.03041500168067172,-0.9449090586239645
-1.2370111916834792,0.02976197059843959,-0.8571850404727951
-1.2367359917436178,0.03127456286707781,-0.9995755534737616
-1.2373867938237326,0.032008794787487437,-0.9854712469808925
-1.2371427324900997,0.03349076168871667,-0.9412430974537027
-1.237191476293148,0.015635921293028696,-0.9887104050039712
-1.2369638886288936,0.021267709396312822,-0.9868119284163698
-1.2367919898916349,0.03286984279950975,-0.9397430699898419
-1.2371337865608807,0.023795204714857802,-0.9990624656925772
-1.2370291198181884,0.034936379537127624,-0.907033588917021
-1.2374730949755386,0.025412402098280495,-0.8575945659066626
-1.2369510643461747,0.034478943612604604,-0.8827076108449932
-1.2375181854337687,0.02365722785251786,-0.8956182562217039
-1.2372039814898081,0.028984759112621862,-1.0123838500725915
-1.2369883561683783,0.02634069665228985,-0.7792008890373083
-1.2373119588023767,0.03163616698565633,-0.9746331092144799
-1.2368533354330333,0.03149348318084136,-0.9989099156538476
-1.2375436022971158,0.018905950099491163,-0.9262322588696899
-1.2375693460949928,0.0206246214403151,-0.9054958562792442
-1.237287471483797,0.032574134783256485,-0.9450944043494881
-1.2366850950910806,0.0344954222405962,-0.9075731559463069
-1.2371787748419965,0.02880659335943633,-0.8838570936971862
-1.2378303718057355,0.027239873254962833,-0.9523147866735217
-1.2370102275209272,0.03433990439242328,-0.9140936703702768
-1.236620729361577,0.026421168096557562,-1.0092737351565981
-1.236799289605494,0.01984193163652526,-0.9150330838963345
-1.2367002934428486,0.02725547573614233,-0.9969936541899665
-1.2368390034525532,0.03177268112542922,-0.8980696529379081
-1.2364390564615186,0.029768131685185932,-0.9427324167661653
-1.2371500997012266,0.029225145681690635,-0.9692225795116679
-1.2367844785705455,0.029725025116696637,-1.0217872374212877
-1.2372433218795384,0.03019416898302141,-1.0111378874928796
-1.237129051774213,0.028548149138865473,-1.0404160231022452
-1.2375102065765708,0.02367677443515129,-0.8752105215311559
-1.2362075845309382,0.03189199558774621,-0.9187181109665529
-1.2371186338213966,0.02412020103899296,-0.9244964348596502
-1.2374688821888784,0.031030099324458223,-0.9824668505752793
-1.236750119196975,0.033952645834041006,-0.8699255276268831
-1.2367547544500261,0.025142779646458183,-1.0443134604798001
-1.2370796041885606,0.03274331320152124,-0.9636465422091454
-1.2370605476350758,0.03308317353463454,-0.9231701823307796
-1.2372376951020814,0.03151052307467109,-0.9623632492934334
-1.2372272627685301,0.032113401928935734,-0.9244130721002041
-1.2370982355727722,0.028283945275549192,-0.8899633221740122
-1.237248940104268,0.02844568337994864,-0.8872102344909867
-1.2374978271994859,0.021900164352461855,-0.9598157611747039
-1.237111293350297,0.03336133764707651,-0.9642771396147605
-1.2369165373124984,0.034149315189073735,-0.9216401205345163
-1.2374999013731345,0.031841920262461784,-0.9983122092580433
-1.2372854971181302,0.03370409419493201,-0.9030056825392508
-1.2369962781693808,0.032176760140255674,-0.9491473103401435
-1.2373067897170564,0.033715905639332626,-0.9106890072872654
-1.2370808694012316,0.026351619418040862,-1.0377984561038993
-1.2363933605417174,0.02847355944938329,-0.9963875552052786
-1.2374551374576104,0.0299437232231472,-0.9433908861674093
-1.2369242059421748,0.03267927826059242,-0.9518876204826847
-1.237327352340089,0.03184651674340164,-0.9762458538725783
-1.2370399561473637,0.026017777151444512,-0.9188223082166803
-1.2369248092648357,0.02914473835988486,-1.0362906498410467
-1.237143714810067,0.03439697100141763,-0.9064745224253018
-1.2367840385476658,0.02830865323555998,-0.9431019700608301
-1.2369047486670623,0.025921721788369056,-1.0094142886626658
-1.2374385709890303,0.03205424672475206,-0.9648011831716021
-1.23698115591562,0.028845282196614735,-0.9875458564699265
-1.2369034547783475,0.03257158502091839,-0.9005012040463902
-1.2375290888043455,0.029703834662714642,-0.9607098179622465
-1.2374024009787297,0.024472945858718446,-0.9304926230970862
-1.237472439674102,0.03177613130763059,-1.0015288746324535
-1.2370234440380916,0.03244566737109145,-0.9070314185950116
-1.2375027576001714,0.026670265976577283,-0.9023950116140242
-1.2372569121216201,0.027918519893365523,-0.9088610053868914
-1.2371503164615418,0.027431500970100466,-1.018131048217945
-1.2374423349228771,0.027559738999503265,-0.9513735995293396
-1.2370635705934856,0.025259182374172354,-1.0419861122413452
-1.236858914878321,0.021682500219932368,-0.8661288577653107
-1.2371308794009686,0.01624469466479108,-1.0444175363343846
-1.2374188920012168,0.030717534269841758,-0.9991644749559367
-1.2374188751193371,0.03164131393377444,-0.9388586831206692
-1.23723690785407,0.02537545905570765,-1.005539136435216
-1.2370135925314012,0.0303580860461242,-1.0150388405368922
-1.2369729824355984,0.03490017200080455,-0.8879375611372584
-1.2371176337451966,0.03187254382426343,-0.954367302891626
-1.237208944179985,0.03255561862249134,-0.9093630134609328
-1.237340351729259,0.03223603428776621,-0.9595754837061684
-1.2372600266045481,0.024636833890394685,-0.8897975145202791
-1.2375133391117783,0.03146525960354786,-0.9422633624195944
-1.2371375904401112,0.031591177579217915,-0.9806078289177298
-1.2366402271916372,0.020788873321660496,-1.0267852517933043
-1.2373941606556682,0.028371405729592177,-0.9135210522450156
-1.2372949515952574,0.031584922992024596,-1.0075424703246774
-1.2370254828261467,0.032037404392550546,-0.9789570104607499
-1.2370252919320543,0.03174981659992081,-1.016748437394417
-1.2372499709499418,0.03325119271613881,-0.9976880959857741
-1.2372993404997898,0.030627621073850732,-0.9884523720267081
-1.2371670790718412,0.032974690184795624,-0.9283103900526002
-1.2375657113610172,0.02854423152536403,-0.9921141581902122
-1.2370875449130159,0.03410715881588563,-0.932893123495974
-1.2364507542020249,0.03389596145882029,-1.0031792997951667
-1.2372058775826806,0.03062962979570304,-0.985586593487754
-1.237226612210154,0.028469445423256468,-1.0130506188976611
-1.237354926107105,0.030690932848646338,-1.0080754122984918
-1.2371982337194398,0.02907600771679687,-0.8967033435106585
-1.237258751207516,0.03310747404450247,-0.9177516392891784
-1.2372060333508734,0.03143245815742912,-0.9990836365724143
-1.237430330991742,0.0224403628396196,-0.9095943698966168
-1.2373026558177134,0.030374673864793013,-0.9981459243887859
-1.237042040605376,0.03136151375634165,-0.9046314498927593
-1.2372896620826954,0.030201528911810483,-1.0073976885263105
-1.237111211377252,0.029299418637625883,-0.8748787554086251
-1.2369719480805261,0.03210329179711979,-0.9550563105850124
-1.2370402239802145,0.03202853372642701,-0.8772592477613304
-1.2373064828238225,0.025530797668196454,-1.000380909640324
-1.2374046091663722,0.029879527940521792,-1.015349899885396
-1.2369435931287713,0.03444500517508931,-0.9093418496489354
-1.2373605709883375,0.027532919354310816,-1.0445797453463357
-1.2371282072806953,0.03203839484519343,-1.001173480773648
-1.237211604184429,0.03157999412228847,-0.9806697342233244
-1.236672890554075,0.030093903386608403,-0.863632980941466
-1.2367372804207346,0.02873054273603493,-0.975947863868776
-1.2368328268252302,0.03233961616796108,-0.9283428494494662
-1.2374885158031121,0.021704710190389085,-0.9051795462263775
-1.2370681166202284,0.03501354461802199,-0.9252600551853942
-1.2366802993239407,0.028336599721120098,-0.9243317683820845
-1.2371206835539525,0.02651178833341269,-0.9534296718863667
-1.2371061807783585,0.029739789624875067,-1.0502336123889053
-1.236960554796291,0.029022947051492755,-0.9199476747219368
-1.2372121915835137,0.02823920296680018,-0.9664064013851729
-1.2371884804778754,0.03011557933619766,-1.0295559435441866
-1.237374144120903,0.021697677430348387,-0.9484348538294932
-1.237042038552508,0.03252334433805042,-0.858588472962961
-1.2368834996760538,0.030546269568923645,-1.035232063458935
-1.2373918051195585,0.03235508447023666,-0.927424562392524
-1.2373489737826073,0.03065877105733746,-1.0230208118122461
-1.2372631570102117,0.0309009603200199,-1.004999578343322
-1.2368484217580853,0.034802387151214906,-0.8696050239816631
-1.2374787639107303,0.03182021112476372,-0.9690848339515505
-1.2372377070261698,0.030979339628637904,-0.9816538299491268
-1.2372955220825816,0.02915676718517345,-0.9392531529037255
-1.2375210398967238,0.02350072543822437,-0.8539264864665934
-1.2373330163441416,0.030271513801349795,-0.9867718676221999
-1.2369610845209191,0.030834215778168576,-0.9388138899530083
-1.2374422317606746,0.03131461096139268,-0.9856909153051004
-1.237201811532279,0.03053201412216779,-1.0231330521780544
-1.2375684167826102,0.03210598973745184,-0.9376152432479516
-1.236775780194681,0.033793712713434315,-0.9335889352131116
-1.23733099753554,0.03187692122290474,-0.9920092070158842
-1.2372915959542137,0.031569743643196556,-0.9503668307485328
-1.2367599797158708,0.022666349631002766,-0.9810087051521577
-1.237380404729225,0.032746942064021387,-0.9616964445189445
-1.237741892099483,0.021825178117451865,-0.9287250660406369
-1.2372374170655345,0.02724683218024225,-0.9551121939494635
-1.2370694327806495,0.03485276140378842,-0.9130213370050886
-1.2370404077094606,0.031148233625027836,-0.9920308114294505
-1.2373945526019712,0.028404583291357643,-1.0162726966469038
-1.2369754963496622,0.031173903073579787,-0.9926406974829356
-1.2367443191513887,0.034453610952104974,-0.8674122848961828
-1.2371328066876286,0.03213312890320826,-0.9481734429456377
-1.2373138313129672,0.031030276381350235,-1.0199494727776812
-1.2375287078922788,0.03255119997547594,-0.9446034887063905
-1.237193258856896,0.0315924523968036,-0.9985189951373936
-1.2366085384747927,0.028036021752744084,-0.9919512498254728
-1.2373391019103257,0.027650963942640987,-0.9562511877299722
-1.2368981377572812,0.02260503254350585,-0.9330576575261763
-1.2369515515373433,0.022768524839592522,-0.9713384811870114
-1.2372679739783665,0.031315752973559166,-1.0009309143856588
-1.2370265728131735,0.03196249826018023,-0.9363656198797847
-1.237222332110203,0.031713181490260096,-0.9871069722252176
-1.2365580720925273,0.035779615630518256,-0.9141569009122148
-1.2373932690411267,0.03295281482320732,-0.9576427786078712
-1.2370897927787097,0.03361233408166763,-0.8987741258590944
-1.237217730274206,0.022376487075582353,-1.0843218552476304
-1.2369928815424693,0.0286805800094561,-0.8948230486550979
-1.2373028642361694,0.030229812609728332,-0.9890105138548553
-1.2372512577942354,0.03166180697244678,-0.989371356394995
-1.2372113619236742,0.031311064471479334,-0.977999061704651
-1.2371377569574369,0.032307005071587756,-0.9292567119389747
-1.2372597087143438,0.03243889529473962,-0.929247286922405
-1.2372470169691538,0.03085134092221695,-0.9981896692903184
-1.23736241046793,0.030884615594859978,-0.9843301031078445
-1.236634625464947,0.02884933811194422,-0.9232608485179977
-1.2370645966003315,0.03440829159683292,-0.9107296984001164
-1.2373668726052722,0.027150881877301254,-0.9418022568563438
-1.2373548572842914,0.02698577814880058,-0.9392441656672502
-1.236558818307574,0.03801718264377539,-0.8525553427981307
-1.237420486588929,0.03188951175282058,-0.9850003399971269
-1.2375108937431862,0.031412521501308924,-0.9955825307233663
-1.237403200406871,0.031483777900156794,-0.9895133986535519
-1.2370715319444465,0.03208124788279265,-0.9425681464731733
-1.2367801017720426,0.028158593980835648,-1.0061248230926634
-1.2372283888259186,0.03137167342722895,-1.0187801353619408
-1.2373250656339252,0.03150110646212251,-0.998403217163698
-1.2372017574338199,0.021853291520553566,-0.9523882236581831
-1.237185275344625,0.029737133096084858,-0.9943910933860678
-1.2371848929080536,0.021839644141974267,-0.976428587892388
-1.2371184343562318,0.03344599284876263,-0.9022255556955643
-1.2369865251295122,0.02923830670422826,-1.0083553090852828
-1.2373326823714907,0.02164819596146367,-1.0141995395235108
-1.237169463599431,0.026715263324477278,-0.981520775090039
-1.237315796669033,0.031253444372402,-1.0097712277991222
-1.2371080365743707,0.03089545029308305,-0.8960903627625323
-1.237481201238128,0.03239086247629604,-0.950029667341199
-1.2373836675410539,0.02986281349697386,-0.9829259055387893
-1.2372538734321625,0.027797265560371633,-1.0611446200630554
-1.2370347231164704,0.031911259316252744,-0.9305442713155853
-1.2369702616931204,0.030052328664882638,-0.876765702920108
-1.2373286724617456,0.031164597085452557,-0.9881671824721439
-1.237303061141125,0.031514069426501715,-0.9698839130360755
-1.2368485229043338,0.033687470890148966,-0.8836167890301077
-1.2372792211901926,0.02972912991772668,-0.9697213011520996
-1.2372541482681265,0.02859568885842293,-0.9514981954122859
-1.2368693137483002,0.0341196661942917,-0.9616455551725724
-1.2369435461317002,0.021432852409731237,-1.0296140384866312
-1.2371425930801931,0.03202467630223702,-0.9331383088137286
-1.2369594786431848,0.031658629031531896,-0.9662767051535598
-1.2373930704658496,0.028216603901312216,-0.9330999587210471
-1.236935692638567,0.03151666249016871,-1.003237980655477
-1.2370667396025183,0.026829028516129075,-0.9202433397797247
-1.2369717596491294,0.033138705964617834,-0.9482089724427573
-1.2371649006495955,0.03108334335866589,-0.9886340356508749
-1.2371721470110641,0.0187153478466283,-0.8961221912132685
-1.237054293541325,0.032353726193664424,-0.9214477413652119
-1.236922444115038,0.033599717717378096,-0.8794208069178905
-1.236878821064553,0.035158048290783436,-0.8871099054955078
-1.2374026285366828,0.030676289426263808,-0.9680997403122892
-1.2374683127586035,0.027980454362949155,-0.9514972434785165
-1.2373786295773057,0.03024441152736442,-1.0044676906109802
-1.2373331826995106,0.031298824028593436,-0.8819833762732635
-1.2371150863059535,0.03432947836725271,-0.9108794242015041
-1.2371650754787635,0.03126325386458753,-0.8953583668480467
-1.2369107203698875,0.03264636549022813,-0.9594946807842908
-1.2372388074937815,0.02670812210284273,-0.9795036005590042
-1.2370539944928667,0.03191023907640011,-0.9724285942175578
-1.237238625949747,0.023559506350920852,-0.8790093536695229
-1.2371256859243804,0.029316283371878925,-1.033587628773592
-1.2372465836762634,0.028927539593519642,-0.9152149363722412
-1.2370342894219442,0.028728508297970058,-1.0442943983063804
-1.2373771401927318,0.03101311260393109,-0.99943434848337
-1.2368413718753748,0.0255500129378328,-1.0341723943524257
-1.237176073290407,0.03230261436514779,-0.9277999945282893
-1.23772844230803,0.016409457563507257,-0.9497794087991225
-1.2375088312442981,0.023903176522055414,-0.8776640194861501
-1.2375053162634286,0.03172851880937428,-0.951562261956838
-1.2373283453480461,0.031729273338808345,-1.0097327832988807
-1.2370589760079302,0.028781640260723305,-1.026046937530433
-1.2374931672734568,0.032367676236010216,-0.924817084249222
-1.2370067143596588,0.03231687365126188,-0.9043961340974868
-1.2373784131116896,0.032243119822811465,-0.9742817894135335
-1.2372295100825639,0.032553884334867056,-0.9258043062441161
-1.2372266571514625,0.03194578062777903,-0.907297004657549
-1.237474626374871,0.032254137523200124,-0.9924355558491501
-1.237474136454773,0.031908740686902415,-0.9678844813918006
-1.2372605405443104,0.030880007620807982,-0.9748245856173802
-1.237107244887443,0.022063120843843573,-0.8898101986958002
-1.2368966321275383,0.03473787373418514,-0.9196446055707924
-1.236544719353817,0.03231632696349992,-0.9497935904600899
-1.2372968213080833,0.024911381622257773,-0.9010832375160386
-1.2371144343586082,0.03104358324013505,-1.0291849569222955
-1.2373364309177075,0.028110876963139273,-0.8807492920242622
-1.2369578204820135,0.023915491513443035,-1.0824397610004326
-1.2376441008782808,0.026007548036293324,-0.9178832925254755
-1.2368613093414234,0.03180293365745105,-0.9315280955815477
-1.2372904561143634,0.0297648096818359,-0.9447947730247103
-1.237477154996627,0.023866122364961013,-0.8923761401792677
-1.2367922928278248,0.024744897238508843,-1.071168359536181
-1.236360346604156,0.0267713584629797,-0.9801085548606245
-1.237374802080096,0.03076327112525223,-0.9878439945428713
-1.2368878616231815,0.0292947016361497,-0.8989694904988708
-1.2374121904759008,0.030551422079027214,-1.0018027771222864
-1.2372533961876473,0.031820123917994526,-1.000331803905825
-1.2370896806988712,0.03227418767449647,-0.937852189177605
-1.2373184953521905,0.031600864806357765,-1.0253712668747335
-1.236900688839198,0.03319498443188812,-0.9583081731277444
-1.2371812650513787,0.03069220133570903,-1.023885290981049
-1.2372535810682104,0.0321639421952035,-0.9523743731991859
-1.237339473532457,0.03026155828417119,-0.9001686631966602
-1.2369589023796788,0.03234739288604145,-0.9646399850932891
-1.2370183897567482,0.03229285241433797,-0.9221846331683238
-1.2373117141698704,0.03157936169877359,-0.9849494308453589
-1.23724732792972,0.031068913968333115,-0.9884751553319593
-1.2375998154085406,0.03172633080097814,-0.9823852255379986
-1.2370119290095454,0.03335298981497427,-0.954624872085685
-1.2374181087405285,0.03143993136932081,-0.9333033488078338
-1.2370898489891609,0.028109663760208722,-0.8654717323775283
-1.2374412079656452,0.03249447602860408,-0.9528737962075775
-1.2368865290020568,0.03239540014954688,-0.9804593510748505
-1.2365414368304048,0.029410811114956855,-1.0269195429413094
-1.237645907451458,0.026931380982593497,-0.9318580198662534
-1.2373856572446393,0.031017963336901405,-0.988366172494421
-1.2368406737464852,0.020630356615202357,-0.8885648612795692
-1.2373994455954525,0.03173366857085159,-0.9844267279618014
-1.2373405284040673,0.029134462371185485,-0.912653098666269
-1.2366431188164049,0.030319501243653516,-0.9220477831792432
-1.2371997458452424,0.03181187113024121,-0.9750621497723512
-1.2369576770487067,0.02520247433791078,-0.8622588512765604
-1.236846311030487,0.03660567296818682,-0.8876307950863691
-1.2373453648814199,0.0317467567505529,-0.9712531013732262
-1.237311257316725,0.024107836007587282,-0.934129820285828
-1.2369939530451428,0.02693096354935807,-0.9068220436640068
-1.236987889794623,0.03342534590157044,-0.8696500538185205
-1.2372509860415346,0.028539983695936827,-0.9853081267823551
-1.2373590779694774,0.02876738983131528,-0.9345620267795424
-1.2370107040100378,0.031812524551055855,-0.9629998140848558
-1.237229016787099,0.02507663014494626,-0.9516535834971757
-1.2370444461232126,0.03314187960106408,-0.9552829427790096
-1.2373962921355754,0.026999525907099746,-1.0384658566533291
-1.2368093579391386,0.031501949609318375,-0.9337702077966403
-1.236897873352998,0.02117420333320513,-0.9544316430750677
-1.2372177386785739,0.028784115428228473,-0.9040932169348191
-1.2373550457242124,0.03268079768574068,-0.9078400272471657
-1.2371701341654642,0.020694481370783533,-1.0695042609493044
-1.237379369876372,0.03143794151070069,-0.9768325652678609
-1.2365964888113425,0.03001395355761222,-0.8856191041062131
-1.2372596312424986,0.0317650159722634,-0.9507131953207344
-1.2367658507437163,0.02951204540321313,-1.005945226627279
-1.2370024953986678,0.024792486415082943,-0.8546622996352391
-1.2371844716936315,0.03160594206736885,-0.9790052862971064
-1.236837547050586,0.03329559975920029,-0.9255765560657152
-1.2371319626333481,0.03202745650458511,-0.9635984501828505
-1.2372362771963108,0.02390126247016056,-0.9428144400735169
-1.2373116136891256,0.030412383876406286,-0.9953234023435349
-1.2368205604152689,0.034148059526609695,-0.9357781897816023
-1.2370900991477813,0.03127591878081979,-0.9666463005069463
-1.2378453414259272,0.019068063424545402,-0.9099770276920248
-1.2368002408177114,0.031965935533286784,-0.9687690022846493
-1.2370493292988296,0.031272017132254235,-0.9296537052247869
-1.2369457700430484,0.03338060619234384,-0.9452673234544858
-1.237031139728874,0.034927997285684624,-0.9137036554882682
-1.2368127969801797,0.029450379559246606,-0.9535742634000509
-1.2374801579080252,0.030531926959341052,-1.0059711060451133
-1.2372186055767869,0.030862278017166636,-0.9972735599215972
-1.2366727225857457,0.02743312216795814,-0.9029555222350284
-1.2369067694748106,0.030990492549300957,-0.9772017129116668
-1.237021802239959,0.03232280559256086,-0.9078334132888501
-1.2372025739584784,0.027484342001483173,-1.0035845568042405
-1.236702736060179,0.027055563544427168,-0.9236465846263379
-1.2372812434306628,0.031556010843060055,-0.9886933923251774
-1.23680133015867,0.031114990928205664,-0.948732839205303
-1.2370055913241944,0.03204210505718689,-0.9671892848408571
-1.2371377502174339,0.030389171224128243,-0.997258398979901
-1.2373662500533518,0.030231011297090087,-1.005951920477705
-1.2371074520773049,0.02990145261132967,-0.9358631076109761
-1.2377035540334287,0.023880615429283557,-0.9649935666130953
-1.2369863024334782,0.03371984983140034,-0.9180093622478805
-1.2374282768723106,0.022913974557448966,-0.9278717473063703
-1.236804706890396,0.03442794260238861,-0.9314318568932188
-1.2374377573493016,0.03146497104157377,-0.9964143386739731
-1.2371971134702502,0.03200801790563116,-0.9278127620196455
-1.237273542451454,0.024188601539680894,-0.8499788752384038
-1.2372920704481138,0.02853566271059598,-0.9337506760942229
-1.2368812679641141,0.03479418065281208,-0.8923049026964763
-1.237393553026146,0.028774855335976752,-0.8965710629692714
-1.2369673668897492,0.032373912227691766,-0.979306339355401
-1.2368509686658562,0.02276128381402899,-1.018384336036105
-1.2370342675778745,0.02781398785000286,-0.9142538529858514
-1.2372168873785854,0.033203287283753685,-0.893423243424309
-1.23715587478398,0.02624447472945049,-0.8859354241243987
-1.2368894592684212,0.033516024572572384,-0.8144007648254559
-1.2373510588517018,0.031422480355815054,-0.9698419561888018
-1.2369039614173527,0.03532608619737888,-0.9023395746618582
-1.2371552006352042,0.025073894704821645,-0.9768844184025676
-1.2371773479169599,0.03401650130483463,-0.9379683329804677
-1.236578522039044,0.026242602085072265,-0.899929565032852
-1.2370344184686226,0.023586140792814476,-1.0229652285825013
-1.2367912648982193,0.03452983462745438,-0.9683959054299082
-1.237023808519913,0.030945747240621244,-0.8712086408627784
-1.237277177339528,0.030387378906501162,-1.0121353950329435
-1.237060293449557,0.03225334358823581,-0.9622966557257899
-1.2369922513979865,0.0313136637799005,-0.9163230723672995
-1.2374692525162039,0.03102752129582047,-0.9899730976356612
-1.236914374089448,0.03497820197510453,-0.9084102044778211
-1.2367461432084794,0.034747741016324635,-0.8750688959195401
-1.2374303141599936,0.030408589356032335,-1.0071900170769046
-1.2374444397028859,0.021235822853877182,-0.986437692710366
-1.2372168665785166,0.03293922237038599,-0.9678083715683957
-1.2369005405285,0.031367185495492146,-0.9694002230389142
-1.2374217958801257,0.030062238353993766,-0.9925322655644647
-1.2372861981889018,0.030305371902470363,-0.9959736172838417
-1.2370597370612717,0.032849766720563,-0.8892247799555738
-1.2373017694468968,0.02788832032402363,-1.037526649530796
-1.2369982684085512,0.02522138194924212,-0.9999508254525801
-1.236919400244324,0.0326313666917553,-0.8540908641710143
-1.2374804640708172,0.031674613759066994,-0.9412406514223981
-1.2373743758836746,0.032466448454304166,-0.9871284148138576
-1.2372970368466383,0.030793842314268946,-0.9877799104978153
-1.2366325593393708,0.031182945837487822,-0.86555497354179
-1.2367437515822193,0.03186078069193593,-0.9051064395950373
-1.2374346382019137,0.033550413676326,-0.9500042803614136
-1.2374803494775752,0.025139317086413173,-1.0531446984955288
-1.2374343960478869,0.031138679660482765,-0.9865941357552555
-1.2369700934523236,0.03079942554881979,-0.8775406256082572
-1.2373939305286528,0.028447877653961978,-1.0077770016133025
-1.237133497317286,0.033861268700722466,-0.9355871438654563
-1.2376342381310117,0.01569308572265709,-0.9167760472414903
-1.2369912485304302,0.029315634702249738,-0.8472076576091072
-1.237459133043384,0.03113531898837806,-1.006157764563289
-1.236561476534638,0.02751525766245376,-0.9627334259867038
-1.2371828475735682,0.031653786547098724,-0.9727356355179422
-1.2374458159966606,0.03185232638110072,-0.9523252865065215
-1.2373532844587263,0.031167755475169753,-0.9706199755089333
-1.2373614588869823,0.028617078249100605,-0.9322032889494103
-1.1552324421908853,1.143525109478255,-0.33007743953454244
-1.1580293667537949,0.4178474177581768,-0.3387598359778799
-1.1514722157609631,2.126806903868241,-0.42503991228039784
-1.1600242668118814,-0.1308385195314725,-0.4266567764532686
-1.1613294644787595,-0.543229949759448,-0.3795888658206956
-1.1574884423074847,0.6387045524385713,-0.4376321798353875
-1.1627888818828822,-0.9758404618898019,-0.3114326931145836
-1.1610118129551457,-0.5815405843328888,-0.46089106670144664
-1.162949097374824,-1.0291117724084324,-0.29836047656984
-1.1626863335533437,-0.8810812312413568,-0.37273222203081463
-1.1520501302156396,1.9420807189978238,-0.3783809370150607
-1.1611231705494058,-0.5100120278446267,-0.3381703870716433
-1.1614075680171676,-0.7401904045913623,-0.3843686799154824
-1.1586908615275158,0.1912115504545866,-0.40528988670976474
-1.1593093349944181,-0.09354060739141185,-0.34750218322321863
-1.1613217387830597,-0.512754929817473,-0.34675164422981475
-1.1522629755173874,1.995962390685689,-0.37638316332078103
-1.1556970635645787,0.9084151863037649,-0.3168268850200712
-1.158264015168395,0.3530166872419193,-0.4275388139819535
-1.1515789767247124,2.1081118467564117,-0.41875611134787216
-1.157618188867222,0.5642295700518837,-0.3457393520091342
-1.1648722516826326,-1.5658350353697155,-0.3238657659774458
-1.1636295278184858,-1.303578673328927,-0.4966562145114307
-1.1634098838264988,-1.300163711112729,-0.4320973004967772
-1.164231517211741,-1.2442754719054359,-0.33066964788845643
-1.1589310531539045,0.20742525090976344,-0.41359346030781324
-1.1576612831127233,0.4781422128055835,-0.4416421239167399
-1.1577004516835756,0.5508131813073822,-0.39958695196671884
-1.1660392085209346,-2.101522085366909,-0.37228750078249695
-1.1547889868115115,1.402376370810355,-0.4078731755913803
-1.1658548687827663,-1.8886005540893842,-0.3924474832762063
-1.1592747158325638,-0.09759168867455187,-0.4064114566385129
-1.1620643984340173,-0.8807173172256892,-0.3360556180724277
-1.1605936245504767,-0.3271622745167321,-0.3805427231480687
-1.153975429644739,1.552396319398139,-0.3646374713697068
-1.160453787583074,-0.34496833493097356,-0.3829388665303228
-1.165089985653687,-1.6550088202088007,-0.35454316483632586
-1.1597819115068098,-0.09741683881309227,-0.3742618015114167
-1.1592631177564046,-0.11669132851339245,-0.32996884784866654
-1.1644037482510183,-1.370530934638847,-0.2769933991057617
-1.1635258278712475,-1.2086579164336677,-0.42227173668154716
-1.1550287055727817,1.1575853290166083,-0.37402409083317134
-1.1572415572496204,0.5162026268160516,-0.35265026235556884
-1.160946385800525,-0.5230377178040513,-0.33690731315731015
-1.1591767002922286,-0.03905989729578273,-0.3494983272946903
-1.1617660940359178,-0.7734231733379944,-0.3697186423724524
-1.1536302625846364,1.6420173996516017,-0.36931381135840663
-1.165195645866595,-1.655613811620763,-0.36006263890597656
-1.162981754529011,-1.3024689733057653,-0.41526721692158336
-1.1530295749514057,1.8724845475192504,-0.4579799520480128
-1.159946339757584,-0.2020322840114309,-0.4037758639000549
-1.157171841657453,0.6156174785968243,-0.40748093619818493
-1.1525961646888705,1.815916777052149,-0.3947497788384099
-1.154221897122492,1.480245318939825,-0.45205283564305343
-1.1593734561476081,0.08507471055465818,-0.3530084912261373
-1.1602520705218962,-0.23714742044902118,-0.3594648267143856
-1.1585317368324848,0.17252988481473716,-0.3173060443468111
-1.1573942469506002,0.5443123130983807,-0.4903450907534104
-1.1594694099633958,0.030346992957992123,-0.43403753633725034
-1.157457991343862,0.6212327149497106,-0.4305348937283958
-1.159177669188044,-0.0952249063738843,-0.3992782802405107
-1.1590955829063727,0.11994984508634263,-0.43107538411499785
-1.160956463276394,-0.4875384670851504,-0.3463821137923056
-1.160913724900064,-0.3625037055378382,-0.3574163927613871
-1.1582021089413599,0.31882737624063145,-0.34930172836395446
-1.1612978818188453,-0.49569891274040234,-0.4471131872395785
-1.1582217369238166,0.4244745578699423,-0.3819644438099678
-1.1607938578025725,-0.4538445476678644,-0.45186498339903525
-1.1558273010253823,1.0156129631045427,-0.4120872825783505
-1.1659303190699957,-1.9212415605943045,-0.3106880204066046
-1.158190867663162,0.35234130728643054,-0.42197513484296306
-1.1623832014460431,-1.030215241559261,-0.3473988167255478
-1.162355632460079,-0.86587852838751,-0.3942880071509978
-1.1567140779637697,0.6959482507668876,-0.33687885450009925
-1.1554377070899122,1.2561507365888498,-0.4431297686943474
-1.1636554880817556,-1.409428471133712,-0.3408736725357658
-1.1624044167232417,-1.0104960197978485,-0.4534398400958467
-1.1596368691191206,-0.05940035258809477,-0.4240400583509684
-1.1611476380707235,-0.6380336560594859,-0.462857179775259
-1.1661536920600255,-1.964486222160041,-0.25650806542451365
-1.163131554443322,-1.2011178406234186,-0.31205608496227194
-1.1595999892401434,-0.08770022094737412,-0.3729824732607539
-1.1614441861387041,-0.5134146830275689,-0.3890738950235152
-1.1614077890240193,-0.5252797818842828,-0.42615364964989305
-1.1572833257016757,0.5873029690367684,-0.3061209703904659
-1.1628944279306381,-0.92445238579467,-0.3335246877474076
-1.1571493767415215,0.692137532140067,-0.3628566470991432
-1.1559663296115283,1.0684443163630335,-0.42955578634620917
-1.1581307797476927,0.5121596195500902,-0.4005956084732572
-1.1633815634189142,-1.3305084295415883,-0.3524862365324818
-1.1569944570198933,0.6970131326888436,-0.3526965159229421
-1.1598410712735716,-0.07579381815898519,-0.3614376344374344
-1.1616507735677328,-0.7433125944977245,-0.4734491821564711
-1.1649429440887085,-1.7813116310954187,-0.37584214540460026
-1.1604527531322835,-0.2773412016378914,-0.36395779414568596
-1.1569711606722293,0.7465160916777895,-0.44614514619603474
-1.1554620219043912,1.1215313105297562,-0.36664409377660456
-1.1604302289631971,-0.4154444293697129,-0.3704239198927146
-1.158261033523103,0.11754087976267373,-0.4239265668850597
-1.1611248104987812,-0.45952803987817087,-0.2893411716405183
-1.157740626814266,0.5132378353715201,-0.40785525762411584
-1.1563181759591186,0.7986974706304435,-0.346147282315639
-1.1628010866587657,-0.9177507375695366,-0.37553858085677244
-1.1518244867273673,2.213278277667143,-0.46968722483942016
-1.1623169461242815,-1.0360410260753754,-0.25717741670798594
-1.156317191130515,0.9607608253781056,-0.3682198390871048
-1.1582522024773632,0.3167248019432038,-0.410487140137137
-1.1593646670564888,0.06677509156379977,-0.4105720379373546
-1.159036272311392,0.19172134769223478,-0.4357290652371442
-1.1627992576188317,-1.0141802262258641,-0.47570010201006135
-1.155635862816434,0.9750551036094718,-0.3452470259539102
-1.164616139493709,-1.46833488719116,-0.260587302983014
-1.1611760805325015,-0.3539826518767348,-0.3459715599976241
-1.1611432581270067,-0.5428298074201887,-0.42537995760740993
-1.1608455377367684,-0.4521906474057625,-0.35535662376625715
-1.1626157756588789,-0.8905634714707579,-0.3078950242435902
-1.1630674465244832,-0.9950564245820094,-0.39094160682248075
-1.1635889124703578,-1.367916238480685,-0.30509001013061315
-1.1587716492166216,0.17377938669956908,-0.3920313898469114
-1.1572060096841057,0.7284238312168315,-0.4061579214510141
-1.1650014565931972,-1.7451318947314425,-0.4282075535277111
-1.1597478216024288,-0.12970674586951822,-0.37926821836336894
-1.1529089450522905,1.9097491381904916,-0.4021056118493616
-1.1570363761330236,0.6921219248254643,-0.4151322536674242
-1.1629383009494996,-0.9564034658862206,-0.4512426960701989
-1.1610764841442036,-0.45512350639834936,-0.42321786173664033
-1.1570867185305074,0.6578498862592593,-0.36309108267088036
-1.156677502147399,0.7291664088870691,-0.3437227233214258
-1.1571288137664104,0.7111634990966639,-0.39490608875611216
-1.1605465694334538,-0.3282039823610146,-0.4416374200338814
-1.1605710751269975,-0.2387883364011372,-0.4270555040666065
-1.1636603119212328,-1.2086765514437336,-0.3655632567758416
-1.156076056398864,0.9427487887537053,-0.42142733479316585
-1.1582740740348527,0.38914259255185596,-0.378916802091027
-1.1583140957788933,0.259880877684837,-0.3368914226363285
-1.158507948442663,0.28089087593200446,-0.4266711300195646
-1.1645673612353606,-1.3196169712428976,-0.3981167736856874
-1.1588003940049383,0.22742912616360444,-0.39102463613609295
-1.1585736945878413,0.2817234105485751,-0.40601582547680193
-1.1599538241420444,-0.14917400803103772,-0.3926790891121129
-1.1554274801690807,1.3174080639058838,-0.4232371862672052
-1.1548528918092538,1.1392965673139162,-0.3557694723988263
-1.1511866099479138,2.269440315301636,-0.39619747907113156
-1.151328949864827,2.349358769928497,-0.48476151818801616
-1.1601195953824806,-0.16588069259564833,-0.3918396568594951
-1.1585706020135758,0.15797254660509763,-0.34128179084659005
-1.1589357252057282,0.19228702346678342,-0.38110157789243115
-1.1514762956106392,2.269313957046664,-0.38536233024479205
-1.162729495173279,-0.9025419184996843,-0.39812421012885796
-1.1623671063001604,-0.7803372837758625,-0.3898294328781666
-1.1584636857318376,0.19106923863933412,-0.40848118315623144
-1.1573881035162992,0.7112418731918312,-0.38755414997429244
-1.1642377440560632,-1.3175036418168395,-0.2651818077243622
-1.1575318810056183,0.5977220737769022,-0.4279117140230726
-1.16213357947678,-0.868497125706849,-0.48349758554303035
-1.1627521429398409,-0.9197620715418198,-0.44951878509050947
-1.162522917637818,-0.7759754853745096,-0.3814358072034355
-1.1598652433332428,-0.29274144491621895,-0.36804059048126775
-1.1619278698392086,-0.7792932855232949,-0.44285534189627623
-1.158354457086558,0.37042502366891905,-0.41117804201041475
-1.163688437544941,-1.405214487242944,-0.4309744806225497
-1.1626676321723424,-0.8811837715954004,-0.34859547094679644
-1.157267218149499,0.6930068622418266,-0.3792216292519707
-1.160935731183089,-0.36892535905854934,-0.3534591689146678
-1.1533676060876688,1.678041593568565,-0.38091645722205086
-1.1569855987949846,0.675794494106013,-0.3643218437065066
-1.1611857542667172,-0.723307849143211,-0.3991864768311872
-1.1507446906200194,2.3782072881605325,-0.3882886976588301
-1.1603135827921836,-0.3260550905815418,-0.3572918341968915
-1.1639307426352525,-1.2062039126482968,-0.40933285649292517
-1.1596256695593539,-0.04072075306330474,-0.3424651013152215
-1.157423051309805,0.49834503262389496,-0.3558955829113593
-1.154313672639416,1.408536657437884,-0.3853487102519048
-1.163134483007151,-1.0862275045358007,-0.34753387847233586
-1.1552819492085933,1.1964763746642366,-0.390915337863533
-1.1663937218322844,-2.09086093775386,-0.3932168682855824
-1.1551683686452885,1.1381946720778702,-0.38042995347497244
-1.1515804944890151,2.07424422127358,-0.37961839090920063
-1.1565437622702657,0.8022700946039167,-0.3415554120298987
-1.15629728761382,0.9798029809577974,-0.4084067750035763
-1.1581134589890354,0.4774760548433595,-0.4235884342257018
-1.1619325283684336,-0.6884593916737505,-0.35378663615193945
-1.1610087787207193,-0.33149750361716745,-0.4563150525044462
-1.1592146181646812,-0.11096240795153083,-0.369217796060155
-1.1608788508489065,-0.37966701284795307,-0.3987295730183057
-1.162539065868001,-0.9702268192110055,-0.33843174652886365
-1.1634693397361604,-1.4389484749407302,-0.36519560398913176
-1.1641495006894405,-1.3140719090522892,-0.2931091525209279
-1.1515095252216214,2.144648178311512,-0.3975395203560279
-1.1526439480369783,1.946901007692107,-0.41673282828899966
-1.1655954470335563,-2.0144679750341807,-0.3296162843925167
-1.1512919095668073,2.1926759139977037,-0.39214771390969355
-1.1566620998918127,0.8147558139139723,-0.34793873692746424
-1.1579400318035757,0.37233039636312953,-0.3239057552846974
-1.1586929851430463,0.26153607856209254,-0.36608024229165415
-1.1592449834446426,0.067238465559337,-0.35566384554535124
-1.1561516754010315,0.8724441319519317,-0.37439969806618334
-1.15698959987926,0.529970203121575,-0.29902776739239095
-1.1524748101582123,1.9665761058638473,-0.37473395394802894
-1.1582332422137378,0.39673631088942407,-0.3208206899221774
-1.1642884804427274,-1.6353446423258369,-0.3410934483930503
-1.1541998788334027,1.306120249304574,-0.2937968657559615
-1.1658583433346679,-1.7514996825946483,-0.38783282202456837
-1.1577184783910566,0.5138607517711508,-0.40555181181105776
-1.1599447134211416,-0.09752305117489947,-0.4261736456330809
-1.1582075784625625,0.38790236650444926,-0.4290701561789784
-1.161558772324113,-0.6041527365798086,-0.34213397725178774
-1.1578154521092427,0.5501344425077571,-0.3836930387945671
-1.1551089381566744,1.1943304552807075,-0.41335488548185817
-1.156655811208967,0.8013301997340779,-0.37588749093237417
-1.163195859876736,-1.0872781573226193,-0.37586065542077246
-1.1641306665179365,-1.3340068852513403,-0.28621367805143266
-1.1623544939646446,-0.9181741889026785,-0.2944402054119774
-1.1586653774218982,0.20901447596882589,-0.39423509677217233
-1.1552952789078064,1.2117458880996428,-0.4130732954787643
-1.1648419457518797,-1.5811432568017654,-0.29502545772851274
-1.1643916206688323,-1.4570501248956633,-0.3075631192612201
-1.155780658069789,1.0521605025676832,-0.4015598850993772
-1.1589881244101885,0.20333526192621948,-0.4130680961267036
-1.1603337251002144,-0.20140844455339676,-0.39805583193339167
-1.157235442142608,0.6749958350293694,-0.4310754864749857
-1.1653436433466207,-1.9029883862576589,-0.40695445435894395
-1.1595617067915673,-0.10010614730945609,-0.47260550809467006
-1.1622052371447382,-1.0480097750662405,-0.43114953718955557
-1.1508845929335487,2.2673611718439792,-0.3641326445405887
-1.1637489998738675,-1.2666319928550265,-0.3253506584323586
-1.1585065121287594,0.17467458383493684,-0.34325035478850097
-1.159870895046975,-0.06830137639217068,-0.35561541337777997
-1.1559116226791495,0.9575049058544757,-0.4085846594889474
-1.1584192325404308,0.2930632126820621,-0.4561628949939963
-1.1619268764518935,-0.7787995993975044,-0.44819986604382617
-1.1624920364389593,-0.8482471817552887,-0.4209926354582827
-1.158924985399699,-0.12594554567550997,-0.2780188970873656
-1.1530636217727284,1.8574193193553663,-0.42823484933478195
-1.159882534256958,-0.14765224062175142,-0.38399239687020414
-1.1568306778889994,0.7488207662142473,-0.39513963197927643
-1.1545370400763888,1.3746062608753655,-0.37221641031988484
-1.1550421704850282,1.1575730677973999,-0.2871270915705491
-1.1605484493291667,-0.2566533483617377,-0.3849271262797785
-1.1624564857138522,-1.0000877372722898,-0.3315702916713895
-1.1578490300297934,0.3735438601900343,-0.33371989468672486
-1.1606110175919642,-0.3124941533126242,-0.3638252885513758
-1.1636358786433734,-1.0043226396755502,-0.3882924120371728
-1.1559685040651906,1.0505145561418197,-0.4522604145187597
-1.164989529577388,-1.4971271194867173,-0.3063444636951226
-1.1545680286711566,1.3371492426768186,-0.36944477654504165
-1.1619561630506134,-0.847736581866791,-0.45321891553749877
-1.1586411391231122,0.19166400912042336,-0.41687911528369187
-1.1556302267338683,0.9988581945814027,-0.3541762617637223
-1.1573502479498317,0.28331285545698,-0.3583738279772822
-1.1592640463750346,-0.001037495341543024,-0.3227123618849297
-1.157957390410032,0.4050420735586932,-0.43157264901408027
-1.1623147673687397,-0.8479698918045644,-0.3309887984830614
-1.1571539152737733,0.7832331871497026,-0.40164923824897564
-1.15795342878425,0.4550948253225505,-0.40874404288568345
-1.1589417256658616,0.20736715201753939,-0.3917901671247348
-1.1603132964995815,-0.17110369733846859,-0.36371717131022363
-1.1591308765244004,0.08302396622017506,-0.43471991130526255
-1.1594082238877044,0.0666609165756993,-0.4015753455520169
-1.1546808790237708,1.4259375904958966,-0.44261586714463297
-1.159077392420685,0.11898769202957836,-0.39906056949792545
-1.1638658930349066,-1.3372045609799548,-0.3920393173269543
-1.1650614381432816,-1.5638229823860141,-0.38605438566202016
-1.158162264262654,0.3470541731304396,-0.39430554140330554
-1.156505388348449,0.7636120223051321,-0.41511459158547004
-1.1574175885517615,0.36662043587850585,-0.39996642599682364
-1.1581746031220603,0.387057004621525,-0.42613235085921586
-1.1557734467783092,1.1057065281816267,-0.4055302479217465
-1.1579631434110715,0.4229773622765303,-0.4299631939917053
-1.1511103917615289,2.2872053049129537,-0.40424257355469717
-1.1563125351575427,0.8548108795353028,-0.3802946155599365
-1.1648737726480696,-1.813277909208464,-0.3786180541710027
-1.1627756023052471,-0.9465447936268839,-0.262176965955224
-1.1611188226390592,-0.489822368636273,-0.4261535266343926
-1.1552140585599995,1.2835845191510262,-0.39333532775828317
-1.1563692443669435,0.8198129267582929,-0.40537685265593654
-1.1649741295729652,-1.8367644697923096,-0.38063640434155654
-1.1569807674628492,0.6772967949864626,-0.39397659386741796
-1.1569004671193266,0.7304464933133947,-0.3428326893114537
-1.1652015238053646,-1.6694871010819656,-0.34400618139906053
-1.1569883935642193,0.6055329527480225,-0.35238919903784016
-1.1600270623558555,-0.15010946524274021,-0.44095476998738176
-1.1626366237524135,-0.9281140930436639,-0.34666362352081137
-1.1655470523288969,-1.7419167607499948,-0.3348760549654908
-1.156852664267067,0.7653336244478229,-0.4066655876190698
-1.1526465378022581,1.9095696964024702,-0.4128926644598283
-1.1624173955751673,-0.7087161343171088,-0.338736897503092
-1.1614459301963358,-0.6575461457207971,-0.5238928674638035
-1.1557231260353524,0.9778737940448972,-0.3397870078778283
-1.1591581279176628,0.046450511709596395,-0.44990426406549683
-1.1550988254646353,1.283328886212688,-0.4313605160018268
-1.1600128463826738,-0.18701734052993493,-0.3546048803811931
-1.1638592146920805,-1.2158145109659821,-0.33592536428639364
-1.1658871223511431,-2.0040062517726747,-0.3364815559234927
-1.1662398007099715,-2.0549632867166427,-0.3902824198707346
-1.1617265395519563,-0.6302186068723652,-0.33923707504551975
-1.154103950410182,1.4106776590334291,-0.3429619173373048
-1.1653940772417208,-1.9836379796883348,-0.4063022847804222
-1.1609191547078757,-0.6491358363424878,-0.39469713802604295
-1.1547585827894395,1.390694166584858,-0.42263346368269517
-1.164346575151556,-1.4759918345003877,-0.24846825957954344
-1.1634640970266568,-1.1697083459937905,-0.30851881242730533
-1.159510469592696,-0.11795183924622057,-0.4106701979797753
-1.1626201954309412,-1.0363853396253933,-0.3557573504183028
-1.1611969964839088,-0.5078347635591144,-0.3844217682271243
-1.1562402686643056,0.8362945823682207,-0.37216390972407054
-1.1577576077723357,0.3324806043737108,-0.32062868476572204
-1.163515010600872,-1.215812975818561,-0.24948971531624708
-1.157676002196594,0.4246211705837762,-0.3421571553658776
-1.1570846637229903,0.7293121559167384,-0.38933422841676224
-1.1566883861880881,0.745159728685297,-0.3695444629111434
-1.1651652865143367,-1.6766919910155387,-0.3229084569760164
-1.160238919178213,-0.2554544578772363,-0.37220882100331687
-1.1535285645315598,1.658881204982384,-0.39761366876850845
-1.1551682228834752,1.1938877169890971,-0.3751721113413653
-1.1601345054013426,-0.23819211807029658,-0.33685208529274385
-1.156578893193733,0.7077439957921087,-0.3312820213992721
-1.1585698409456373,0.29968180043049053,-0.37848241474624417
-1.1533351002675156,1.815721300185753,-0.3831360671792223
-1.1621670731359313,-0.7741886609227175,-0.34175909811146726
-1.160299237249005,-0.25438910249895275,-0.3597172084571094
-1.1659484882670847,-1.9438419651888164,-0.38014618452951243
-1.1627514312461809,0.03075193058722436,-1.5628507538963148
-1.1623914668393869,-0.8490398580342996,-0.3166508568619182
-1.1623695579587217,-0.9384212552282701,-0.26558948808030985
-1.1649709899119889,-1.7667759004579247,-0.3730573808939239
-1.1637827616064873,-1.3437163984477705,-0.46591845260690035
-1.1594925485990597,0.0909836800314418,-0.2716538662700043
-1.1658785497394026,-1.8660941930207697,-0.35511416462173623
-1.1654789336671365,-1.7881943742198585,-0.286557165688027
-1.1568100385816362,0.6198112687684807,-0.3530137164887172
-1.1606311196979424,-0.43590681404864734,-0.4423847037589512
-1.158893056568812,0.15179442692158157,-0.38986778998652055
-1.1647170696359526,-1.6904379808086443,-0.45693610769871856
-1.1615825814205005,-0.5955425167628895,-0.3825821259822812
-1.1596698352117092,-0.1683676797801269,-0.4836329364711439
-1.1625351031570041,-0.9940834899349403,-0.31791305468567543
-1.16395455187837,-1.301901756025311,-0.4439760500107274
-1.1612564935647252,-0.318695118445039,-0.33630931455580565
-1.1576248448397972,0.4556956440610281,-0.41920382074294865
-1.1610330972591276,-0.4522572742171992,-0.4207021988033929
-1.1616397598940975,-0.5501402258203911,-0.3755114640070651
-1.1609619947402177,-0.32882267895847517,-0.3721807243921181
-1.1555899567083823,1.1532580558973193,-0.3679482499813575
-1.1539673764910823,1.5364131529887195,-0.3521433839322509
-1.1547850744001584,1.3051844873366634,-0.3506031894231169
-1.15372732064619,1.5182147489920164,-0.36169743794144854
-1.1618592998054376,-0.6724517572778272,-0.3776354685456079
-1.1598218291548377,-0.13685300109719464,-0.3565843028454205
-1.1616773643959302,-0.49690638138464893,-0.3904288686897699
-1.159478342081798,-0.2052695895214997,-0.3494052581380908
-1.1548265345670974,1.4092066198220987,-0.4217832083489926
-1.1630771939659992,-0.9963921832026861,-0.3776620916420579
-1.1597811521698091,-0.07793028164175389,-0.42287544010942446
-1.1607787075065157,-0.3470292912775375,-0.33776904984103423
-1.15833827901949,0.20682926535776794,-0.28043732815163547
-1.164549660756559,-1.6787240508965042,-0.3752132053057218
-1.1601297373968804,-0.24470774221056757,-0.41041228970940236
-1.163141696662083,-1.0689930359470845,-0.288922043443774
-1.159763908190223,-0.14721013803060606,-0.346260329953719
-1.1591687099826913,-0.07889962763233033,-0.39761064800758766
-1.1516799995205156,2.364498856033692,-0.4447606970437017
-1.158579282880923,0.047283413800007605,-0.39657448521642796
-1.1623302987657231,-0.7649176592619228,-0.4358761352894747
-1.1643879855445198,-1.523767931487155,-0.2793734528584742
-1.1567991313994932,0.7448788462253588,-0.3694925886550569
-1.1573184556250635,0.5490197062410908,-0.4366780010833116
-1.164999409221669,-1.8028891170010886,-0.30923095243260285
-1.156965184132899,0.6417530552857899,-0.29700175057574957
-1.158768116034186,0.28088372627507696,-0.4340115432548997
-1.164988001038856,-1.6730427394540388,-0.4335167232492067
-1.158900224544834,0.10310882200800524,-0.3596744609236727
-1.158653330617936,0.31850735846828315,-0.36020795339469397
-1.1605168813807947,-0.2739413280630952,-0.38054608781934307
-1.1610806499704172,-0.3552051769030157,-0.3521269631234715
-1.160827763696998,-0.39903710765630035,-0.3476138420447442
-1.1575614646137702,0.44291998109261804,-0.3082980047107228
-1.163029798661899,-0.9976210991010626,-0.40331710292002354
-1.1531781724778634,1.7608507274009493,-0.3839269225912554
-1.1621004488132813,-0.8679641335409332,-0.3194710921821594
-1.1648871688074154,-1.715612779445731,-0.38178860445774926
-1.1615500681064095,-0.8106040748257602,-0.2579421585996734
-1.1629364027648101,-0.9625375062366582,-0.37147377074570376
-1.1658619221410607,-1.8044368176861705,-0.24245602505254202
-1.1584343637562657,0.29480006639445927,-0.32507324219394673
-1.1614200123188623,-0.7103018209594089,-0.46831398042875894
-1.1608779889558332,-0.4019531942308474,-0.34043923401597803
-1.1601012653811245,-0.2703859618315294,-0.3246892556215998
-1.1573498913454927,0.6202430627133244,-0.42482964568907994
-1.165555906617979,-1.8384732467547014,-0.2962735155465647
-1.155468527349498,1.1750356341146697,-0.4350136150453606
-1.1653760176549135,-1.6784686903207233,-0.37866854718590964
-1.1522405705074408,2.017835848077952,-0.4084297559491704
-1.1606124241777556,-0.4186853595288297,-0.45076552605343573
-1.1535503271554393,1.6086517486114313,-0.3684956836462712
-1.1591937578957534,0.062455790670676456,-0.3491162692106961
-1.1613088652758783,-0.4606560264191925,-0.32322567719755596
-1.1560542427292444,0.8726114278587149,-0.3341243356331407
-1.1643384291781729,-1.6011287827261211,-0.3836757079906031
-1.1525199242239694,1.975027855978572,-0.4408686493817301
-1.1634707697130455,-1.1715113418535978,-0.36246543558478983
-1.1593200193648907,0.08417596700378539,-0.3991907039733669
-1.159177480415501,-0.05596913151203139,-0.38266263841092735
-1.1622303150843292,-0.7929987943813137,-0.38101773799079053
-1.162836658427435,-1.0690305381240675,-0.2548507618259807
-1.1608810128706044,-0.4243938004799184,-0.3387390895665369
-1.1593059312897336,-0.13509441371170125,-0.3010092905086425
-1.1548128453755722,1.3017961503844053,-0.39753282790687083
-1.1598389863229308,-0.1125840121348851,-0.4176721257616673
-1.159030227835296,0.1739801446056344,-0.3700271685164272
-1.1593024535486942,0.1869964474554427,-0.4181452975898551
-1.1548308114191725,1.268933628378839,-0.39292384984983003
-1.1575871601031407,0.47880430400933366,-0.3823642131832972
-1.1583114745034995,0.33440924186691984,-0.40309127792828725
-1.1613923657185043,-0.4932041840164435,-0.35965386824020623
-1.1568726574610506,0.7782002924050552,-0.44398448622439185
-1.1563692283167009,0.9793913616206721,-0.3934083668523295
-1.1612218331031272,-0.5286955829341987,-0.3351307449744273
-1.1563160747666825,0.9383262453561501,-0.3968177437760204
-1.1538911191105816,1.588797442789644,-0.3652897010236836
-1.1586937249664468,0.17477628398469156,-0.3182528111248149
-1.1667109204254746,-2.0468968730830635,-0.32804128386261894
-1.159293105534411,-0.062092954078288895,-0.36322979339943356
-1.1585285650945605,0.2774138962241088,-0.3379761067204217
-1.1620880072598885,-0.7252938150662507,-0.4072651896526875
-1.1596290314050177,-0.01287631076150895,-0.3302069665429376
-1.164696600708607,-1.6194729003602721,-0.2951513442220637
-1.1596254168762226,0.07316054793804794,-0.36386605362919605
-1.1582419223686806,0.22832928992913631,-0.34750958480526684
-1.1565567386272895,0.8143126948319509,-0.3991973607519014
-1.1555743957061946,1.1556696533664688,-0.3954615920550788
-1.1587482093159642,0.26377232867446515,-0.4095579433044017
-1.162583204032544,-0.8819546884978055,-0.37025138810385627
-1.1653045751303484,-1.9784982402465772,-0.35706896043641584
-1.1587590650713468,0.1820109760923536,-0.39569820973867087
-1.1543873413351744,1.4398884111273649,-0.3538493183577425
-1.1652276129305275,-1.802684904451789,-0.44129565115650937
-1.158376995455166,0.3363307387620821,-0.34455132475088884
-1.1576754200378803,0.47388970881313053,-0.40026823599910155
-1.1578671014346453,0.2950897288943072,-0.3152177768458481
-1.16181930248958,-0.8017126549912552,-0.31143380838202095
-1.1558707166244666,0.940538273589535,-0.38016957963314213
-1.163700809496675,-1.1514292403508868,-0.35256879000285546
-1.1627938555662227,-0.981665581476468,-0.3181258262767524
-1.1641409267798817,-1.3488515070606575,-0.424032699199394
-1.1602271296414286,-0.22030358627153324,-0.3920640191190409
-1.159931746923946,-0.13254815142825868,-0.37439718670002303
-1.1558934153196438,1.0602728688268255,-0.4364188640008941
-1.1606291576191807,-0.4929456324763567,-0.30510823501885725
-1.1607302646096915,-0.5059344724385094,-0.32062391634994425
-1.1638775135582369,-1.4362857712220822,-0.36239036638121996
-1.1577051604569153,0.49513692535490733,-0.41866705551129274
-1.1603015011651485,-0.1547272390624156,-0.38290307148782743
-1.160959253089523,-0.31693670110549366,-0.3353606074633259
-1.1594100668006917,-0.11162382111290378,-0.3585451115192096
-1.1578848000987723,0.5082567033177455,-0.38958358413628796
-1.1618163486409725,-0.774120633310692,-0.33020875278297496
-1.1640410487581296,-1.3330156715151305,-0.2967185155984968
-1.1597906871645733,-0.02350895352127511,-0.3647001493158434
-1.158011514714206,0.4609053824727893,-0.3863838821521478
-1.1645820002559257,-1.589992471968821,-0.44716070047539414
-1.164204843243419,-1.548437868518538,-0.3184676073524134
-1.1630703687763848,-1.0406006605736564,-0.33462405628194847
-1.1609526009664553,-0.43424686218118547,-0.40240766297697567
-1.1603347198060094,-0.16546043398363744,-0.3871969872018839
-1.1548298811824687,1.3028626658151907,-0.3581225187022076
-1.155818314992845,0.9909900874539149,-0.3989102319871717
-1.1572243872243175,0.5870156875369683,-0.3272163414563965
-1.1597140195959268,-0.23734813690073156,-0.39595728744934683
-1.1546214215760247,1.2630182546843054,-0.33226399907124676
-1.160139748617986,-0.33253950738022586,-0.27961482800434534
-1.163796515482925,-1.3502698367187362,-0.3074507767221131
-1.1516704380835399,2.312263749884419,-0.3731872451850998
-1.1569451327993996,0.5879881426780083,-0.3158207572585042
-1.1580166626586137,0.389751470133812,-0.34288188704818134
-1.1583887313976786,0.260427154010188,-0.3017796597246682
-1.1620891441927454,-0.7926432484967415,-0.26887284287259455
-1.1604490049599547,-0.3625126493039762,-0.32944910762452745
-1.1577426532662851,0.47490660052282463,-0.36274918825741154
-1.1599451756902897,-0.019961027745714132,-0.35520330215312634
-1.1573781503218041,0.5638471520729709,-0.29663085302615416
-1.1592031162082852,0.08092822941634298,-0.3662954328519536
-1.1549724913308623,1.3374813421120828,-0.4135956871591854
-1.163889572761032,-1.3412707812395124,-0.4956370379171359
-1.165911364954335,-1.9157257087408213,-0.24040820680000838
-1.1576092969290062,0.40346797848977617,-0.3678988095805303
-1.1596709679819028,-0.060557656966394216,-0.42818220374111315
-1.15950127859269,-0.0939161313548538,-0.3175161742673552
-1.1568238718497346,0.7657574110541044,-0.3386792859148649
-1.1557452577455158,1.0157956744194383,-0.36514161063985073
-1.1620204245138668,-0.7064387333449161,-0.41993973797966916
-1.1611210928233293,-0.5057729527032576,-0.3330842064882354
-1.1530365173793624,1.7832814221331788,-0.43773008498796256
-1.1572081911335477,0.6931767501532025,-0.4130358543693606
-1.1573897324212796,0.6211864748545605,-0.4054120753439937
-1.1657877339716776,-1.8904088000424404,-0.2652807314258674
-1.1555701435117005,1.1389162690744405,-0.41164541708758623
-1.1621460955582412,-0.8094213503287353,-0.3207058509332283
-1.1646967077440586,-1.3957172500857349,-0.34326218270916437
-1.1603028805747584,-0.3292587275196473,-0.2864578087416636
-1.161733848018973,-0.9716676358674485,-0.3874977290210264
-1.1601164876907262,-0.13176128128711853,-0.45770837015822924
-1.1594072028991775,0.011943099038022207,-0.4023135674075224
-1.1534593151350427,1.640384281639315,-0.4245705139663458
-1.1646722430112775,-1.6129081620301158,-0.3458142497804357
-1.165886991307989,-1.9651714549112969,-0.3718439131294078
-1.1617700345660034,-0.8193039649121725,-0.381143285307726
-1.1516651531357627,2.2526504420126203,-0.37166771418974154
-1.157131433264984,0.6230477493653732,-0.32194423147922885
-1.162973300168817,-1.1337679434306909,-0.4432486960115005
-1.1556435289703797,1.1584330996002727,-0.39435929211674026
-1.1593848226419459,0.05929381987979427,-0.309204611302111
-1.160665381738003,-0.5290679942707155,-0.41224121112303275
-1.1575734000273246,0.5844771191217794,-0.39983051523810886
-1.1615690420685891,-0.8133665410077076,-0.3417149847009332
-1.1590675172722456,0.13849034756139783,-0.3769927654440125
-1.1584377886473483,0.33463392818286064,-0.4324191564295605
-1.1607165431762034,-0.5602416770505729,-0.3933331175831717
-1.1589414349048488,0.17379606196135172,-0.404588635419132
-1.1595601747482953,-0.13208694453950112,-0.44457034687806307
-1.1586664004553437,0.08314050427606534,-0.36130610313915584
-1.1659567090535845,-1.89202154813098,-0.2767042886585017
-1.1512826714608477,2.3061287893251445,-0.3947506951991027
-1.1567115409796231,0.6040164975874079,-0.384919336034897
-1.1621215229118613,-0.8536622179300523,-0.34819394780617924
-1.1626549070652334,-0.9366474603209733,-0.3850813889059613
-1.1537278201077636,1.5001876182248743,-0.30151974854987745
-1.1623835515337366,-0.8322292066843566,-0.3914130367420345
-1.15081155661227,2.3246270103338857,-0.40272460569453805
-1.163345518587206,-1.2805854068583917,-0.43716267333572284
-1.152206864507523,2.0714590720158665,-0.3875479669069989
-1.160174843599365,-0.24598866506757897,-0.19247968918677466
-1.1515134275925873,2.2276418972623655,-0.5110573584172204
-1.1619236420367767,-0.6757957634494227,-0.2753322884997384
-1.161882583425863,-0.6568778836048798,-0.40980134467618645
-1.1608235916891314,-0.3986866775382796,-0.3334108187414929
-1.1528976143745062,1.7528857009470256,-0.3159546611985218
-1.1653461503574192,-1.6401202411978297,-0.33301532752536867
-1.1612182736474594,-0.6382197071858909,-0.28590675954906025
-1.1609788233600677,-0.4904324768641484,-0.4442665236455972
-1.1576357354869866,0.5862122606063543,-0.3620438858938878
-1.1547609036377584,1.3722720907129937,-0.44677360370747643
-1.161885266440681,-0.8723640171971945,-0.4325428701938914
-1.159680237635854,-0.04853671063739769,-0.3480538721874165
-1.1605707351465961,-0.27382730452165327,-0.4032068163767684
-1.153141928556225,1.707468422109779,-0.4171883881570564
-1.1510274154855369,2.3420156613286416,-0.3653836846562135
-1.156814988843277,0.7838115235668551,-0.4064078490441623
-1.1586234523855279,0.24541102918338864,-0.414634699942112
-1.1628308458313905,-0.9264466154570445,-0.2942328625172702
-1.1584859920327375,0.3703824832548401,-0.39309645077303773
-1.1647469203884433,-1.4636413608857295,-0.315878565067312
-1.1573365927032695,0.6035789332693664,-0.37850401314225535
-1.1583451158316067,0.35332422795047064,-0.3911955159095899
-1.1575278634926474,0.6480276201341455,-0.4193301366555515
-1.1631222770468408,-1.0467293022690576,-0.3271836642050422
-1.1523511582288257,1.9610633808744025,-0.3525209107380858
-1.1526247389679434,1.768959596075138,-0.40207124246853054
-1.161866415191262,-0.5983339532458553,-0.4120840150953851
-1.1660621596780028,-1.8840583136729923,-0.33662450281120304
-1.1578019049829507,0.4972772772162263,-0.3670705299109532
-1.1571402141971874,0.6060112594873386,-0.3151229131747866
-1.158630503053523,0.3340665836945763,-0.4216289347509257
-1.159495909955004,-0.16387543551506245,-0.3325113109790609
-1.1604598177255725,-0.5255897530660089,-0.4083014803354451
-1.161324183051367,-0.5242644580121917,-0.4010793794311703
-1.1591341287916952,0.10214123911109323,-0.3870030850992501
-1.1562668584047644,1.032450136526685,-0.424809818420263
-1.1617214384045162,-0.5802569468502621,-0.4357218562461141
-1.1556117425020536,1.034478261222825,-0.3976086970569191
-1.1578874362542677,0.40839961111317885,-0.3252244656144863
-1.1639344600199502,-1.4044405736944623,-0.3856329474109074
-1.16121004852735,-0.6128709933325884,-0.299719571719691
-1.162485951033241,-0.9634240676421305,-0.456362512197659
-1.1599932370202544,-0.18844087907033374,-0.3783768205957884
-1.163332718213876,-1.2299723823607078,-0.25867237325700265
-1.1649765232131344,-1.737076979172567,-0.42952716978191957
-1.1585512900425428,0.2624747844849361,-0.4409387742843078
-1.1627187844583078,-0.8827136143088541,-0.4155055258083133
-1.161948217771309,-0.6850367805937231,-0.37425353391030186
-1.1640567499723264,-1.4243655752333273,-0.36886663506388706
-1.1595543663361034,-0.062043843987549,-0.4837737653968987
-1.1615455139921793,-0.5593338819767258,-0.3521506673298268
-1.153598008572005,1.625258459966376,-0.33600991853289325
-1.1596759791206253,-0.11416946546059299,-0.45169872825891055
-1.1640153438057892,-1.3704049064706811,-0.44025208292702367
-1.1638321105181793,-1.5210041723278107,-0.3285760517485519
-1.1615778381080057,-0.8139182135605317,-0.4405079250814738
-1.1571995564855617,0.6743826344225413,-0.42414485640188354
-1.1615547719954618,-0.5509205138003644,-0.36616574003064434
-1.1594670294774234,-0.09376268287769358,-0.35338557455229486
-1.1593358303068706,-0.05724154905421643,-0.3566293679971087
-1.164153864773132,-1.4626606418726449,-0.47571633765218585
-1.160439724073155,-0.2222593590481891,-0.4334916068115218
-1.1594339781192988,0.0132645399867583,-0.3917365073888235
-1.166190516742738,-2.069148627111578,-0.49780155475313165
-1.1545697777641604,1.4088554565704616,-0.3523855218600067
-1.1581240577261194,0.2246605353160661,-0.392977159710613
-1.1631715265011071,-1.1231678873833952,-0.3213646973343154
-1.1630510239786438,-0.9634734788528396,-0.34972095374013595
-1.1595252139985113,-0.1470313355315872,-0.3323883314017561
-1.1647327383401158,-1.4308191692302539,-0.31722512039904815
-1.1587885328723135,0.19129964000525101,-0.4058218556994579
-1.160683763282876,-0.4465697154057664,-0.3298836968945559
-1.1622257941927017,-0.793738162102815,-0.3449857278789751
-1.1601559426144663,-0.11779212104835615,-0.39353139232634093
-1.1598310157056577,-0.1288244076548624,-0.33827014768732305
-1.1581148898073166,0.20780983500711195,-0.37354721710430583
-1.165203830700527,-1.7881428868419655,-0.48691564569872914
-1.1552137514563916,1.28350528459623,-0.39499360013793483
-1.159145380615509,0.2213457005658824,-0.4051274025212319
-1.1594403704974905,0.08022558589585521,-0.36563896543199137
-1.1661319631412403,-1.8925296432488097,-0.30351131899990663
-1.1547274119875084,1.303938824424444,-0.3595167483650669
-1.1648434088688,-1.5900448109602157,-0.46201418793025284
-1.1593312276890406,0.04278110943145053,-0.3556480279783039
-1.1592249780943318,0.12040190248847706,-0.39613040143212336
-1.1557199470018216,1.1217687202113273,-0.4334029151163864
-1.1554403810060851,0.909628576733874,-0.3386725640527752
-1.1605639003600914,-0.48902125750040887,-0.38019767974426566
-1.1617214225303285,-0.7112891246993129,-0.3050393027479817
-1.1598953096053277,-0.15347860198010413,-0.4071233260217115
-1.154427193939151,1.2673781143845595,-0.3893557845148515
-1.1641041372241012,-1.5279037645973736,-0.41178367820334916
-1.1644944456945752,-1.442373687122423,-0.28137272354136816
-1.1623204940288894,-0.9616783679279569,-0.3820881531592378
-1.1592477323715806,-0.061681775814113,-0.3335214460089461
-1.1631388667525777,0.028648371093248522,-1.610278400375358
-1.1606613421488123,-0.31282531172360123,-0.35112433942551907
-1.1650876506598318,-1.707356035601569,-0.3135069379394271
-1.1620298066661592,-0.666875872507755,-0.37851403542192813
-1.1611483044596933,-0.6173915919298039,-0.3883098675870381
-1.1560438317339834,1.0465709145524749,-0.37411920078546423
-1.1594148296723776,-0.0580516812449219,-0.37962058679090893
-1.1560604826501424,0.9608067454847483,-0.408197948685125
-1.1586437723140641,0.09836356029264633,-0.34133095686462095
-1.1620071049164964,-0.580370550982008,-0.4176647895555449
-1.1578138758313103,0.4789059049540867,-0.39860373402882127
-1.153772964339986,1.5880103584020355,-0.4048436625328127
-1.1570445405479695,0.5704298081765784,-0.3100354146538195
-1.157319131920025,0.5292645634070057,-0.32546940382690337
-1.1584913510054928,0.29866651191194005,-0.43499549280069566
-1.1573109021302437,0.4640244145147068,-0.29771017084403656
-1.163816107750118,-1.2811937212749418,-0.3911987295887072
-1.1626054768659366,-0.998158544891353,-0.48940129602732785
-1.1570812431013708,0.6570678105987865,-0.3513358503808526
-1.1577609994935711,0.5259650109447441,-0.317697676916546
-1.1564347683182465,0.8564936807864093,-0.3477400550904127
-1.160998292507734,-0.5481600935144006,-0.4835714232835653
-1.1611018104485344,-0.4249268377199671,-0.35684948343074574
-1.1650029616892594,-1.8714857352895649,-0.3814396705524499
-1.1563823223041443,0.8720797611912633,-0.3968755034478459
-1.1586457263883831,0.06583604670399974,-0.4134814583688661
-1.1644634194674515,-1.502695710207424,-0.3173883292025679
-1.1611616802339941,-0.3727021358739637,-0.3635541005653431
-1.1651232397907603,-1.68981968268348,-0.3203892867183486
-1.1576912079897952,0.5312614123658386,-0.42735246937125276
-1.158535853653331,0.23075261142947842,-0.29770601267320324
-1.1621264058874632,-0.7766897283748557,-0.302207676037332
-1.1593918469742608,0.11241310620719921,-0.3906435483323875
-1.154587783321904,1.4802164130864963,-0.4214332761636906
-1.1550614177500902,0.9635058584808177,-0.34754474301202654
-1.1639087399827046,-1.3536299201923951,-0.3851575373966744
-1.1591388076561313,0.11561651658142888,-0.3252156929356731
-1.1601367175332282,-0.2116407387066222,-0.3307063907811019
-1.151414629797869,2.2706570002362274,-0.3451088314521926
-1.1581009538592337,0.19392927529907186,-0.3498079143502629
-1.164996488840743,-1.6426228596301409,-0.29101881045438877
-1.1599880913135046,-0.2054498872510321,-0.33386665827584167
-1.1573951469574848,0.5156612217069406,-0.33359587569448085
-1.1564685700708603,0.9613077154857329,-0.4208732708204067
-1.1596283342377998,-0.022607816586168138,-0.4151816769470929
-1.1622634577984647,-0.8326436295062626,-0.39645342043251985
-1.1585061076714778,0.29968474461418576,-0.34479153659591416
-1.1575358847194681,0.425295081566735,-0.37693750772828716
-1.1559849550914885,0.9407304751399763,-0.37823652896765114
-1.1604328750447261,-0.3828283553876266,-0.27408924224789094
-1.1630148962972746,-1.1743356494003958,-0.3612810286211812
-1.1646174128645244,-1.5157778479671424,-0.26201402976620386
-1.1651617859531984,-1.60301840585578,-0.25502543759896007
-1.1524183599180728,1.947099719428934,-0.4033631324495744
-1.162759104724383,-0.973439657626822,-0.371161373909976
-1.157827086471973,0.44321378511913495,-0.3949309575426479
-1.1625075064704227,-0.9920575072244845,-0.4442912584302685
-1.1557863335309746,0.8917118952075901,-0.33581278692242494
-1.1547472859393542,1.4882394237579788,-0.4317436042591188
-1.1580841149813794,0.2264046337908505,-0.28848033567164877
-1.165580039499285,-1.768671113090411,-0.4099183951936906
-1.1522115112290425,2.0273112394850137,-0.3497757324498294
-1.152044719558288,2.232721489775063,-0.4043209185079713
-1.161398513581521,-0.47630210660560773,-0.33856076854243844
-1.1593549157191088,-0.14643055120944917,-0.36932786137169327
-1.155769676514458,0.9252901596341456,-0.366966211514806
-1.1583447440239913,0.37034602828937246,-0.4413943478046214
-1.1544615534620037,1.4797863933707716,-0.4256072850749088
-1.1556463840133713,1.032555456155444,-0.3949873689894177
-1.1587171988632297,0.27781761361508744,-0.3998031608529925
-1.1575241485578054,0.44306609181949314,-0.3483957439227424
-1.1587941836741686,0.09699334608040239,-0.4563024388809039
-1.160414764197302,-0.2386831852369585,-0.4335690718230358
-1.1630575073592797,-1.0763522505467793,-0.3152814517418714
-1.1546408410490596,1.301098518146759,-0.32277961556705165
-1.1630399755297463,-1.1520980546109723,-0.41717339774984197
-1.1549976250417766,1.2116707670669078,-0.39499614171322345
-1.163212008905107,-1.137450419490895,-0.30898060461619314
-1.1621455251581216,-0.8115799774073824,-0.3356612377604584
-1.1559401456831218,0.9037244838521258,-0.34928474991682634
-1.1629878993700575,-1.0631618697315042,-0.2938163250818372
-1.1585798325235528,0.2609628286250345,-0.3854113853020593
-1.1507642664738205,2.4102113056385397,-0.4252880990081355
-1.1541401862638465,1.533249216632644,-0.4305069334050609
-1.1568757900481839,0.6907410894123994,-0.3323290166353095
-1.161603150596207,-0.7438644968595445,-0.36610877210607
-1.1602704662474554,-0.3150022545567341,-0.2915527782504901
-1.1530402998870768,1.7624631731894835,-0.3542866147082387
-1.1625733789675305,-1.0271872225801304,-0.4489143064416327
-1.1548687966046638,1.2856458998355125,-0.3360192618819693
-1.1656537727300476,-1.8041512569736138,-0.2966695078718955
-1.160464571778887,-0.2539376785046121,-0.3324421363295849
-1.1590107648119565,0.19152545536654814,-0.4308174768925337
-1.1593609167217385,-0.08764537545456193,-0.41522330751170156
-1.1614059749054906,-0.5239799797143884,-0.39125567349593043
-1.1612419033760293,-0.5777594639750345,-0.2777277433925003
-1.158645334063639,0.2637973191929142,-0.3964640548127141
-1.1659642299267414,-2.1039322457899483,-0.4491528588135539
-1.1543962797641842,1.3747671844222789,-0.3052491881309297
-1.1577716890544238,0.38206624445111714,-0.41735142428459737
-1.156035275964146,1.0121732382984556,-0.4237934416631962
-1.156904418116716,0.7290599701344341,-0.35863656698228213
-1.1619522410926855,-0.7210635002792184,-0.3927883970340612
-1.1586142624362479,0.28143344819977506,-0.4042394430118762
-1.159174910482666,-0.021778559691197734,-0.3479230370157685
-1.1595521618955282,-0.008535234769414876,-0.38194277427263623
-1.1584240663175298,0.2640306563921878,-0.3946674844898254
-1.1631677274433625,-1.0662169994529345,-0.37509665119012453
-1.154161779989916,1.5166893336333804,-0.38846915685869776
-1.1618114938625097,-0.7081907167957123,-0.34934332589440187
-1.156826295641933,0.8322693238671078,-0.42104998623329837
-1.1568365242901735,0.6390617559804072,-0.38604339073546223
-1.1551739183561593,1.2651732484891822,-0.43284583224041384
-1.164289037596433,-1.4108585022056082,-0.4123307535025039
-1.1636471758538924,-1.1953022417008758,-0.39127448681976773
-1.1557685063217584,1.0860209246503025,-0.44224138265676666
-1.15306621166946,1.7493401049408512,-0.41700543903452636
-1.1626090092532966,-0.800993292231034,-0.3963553821325727
-1.1583694992693845,0.3531431929395093,-0.3971600537859779
-1.1559633426367102,0.8304006442845793,-0.38686651013838236
-1.1593302794340752,0.048566852603829876,-0.4036791406028507
-1.1534027121855985,1.6961411130775244,-0.3826798772170756
-1.1603185339607318,-0.39375389361664825,-0.28631837381826203
-1.1616275253987534,-0.7221542595519436,-0.30160921549801334
-1.1584791812677273,0.02286151844322355,-0.4629638437799393
-1.1637285505960644,-1.3126833331368009,-0.34624551741973775
-1.1589177486490758,0.04405377116143041,-0.29177539033434885
-1.1576491102058064,0.42600757695641406,-0.31980226951580043
-1.1579537264228463,0.4412315482795299,-0.4492789956792421
-1.1552437524746548,1.1768773399504202,-0.346547394543754
-1.1611650177169595,-0.4518616519417734,-0.37091974059268273
-1.1616069459879534,-0.7223253258522764,-0.3739413436751719
-1.1650759603734524,-1.8783364980218649,-0.3721655535385676
-1.1548118027529317,1.0694108340285222,-0.38819109779316696
-1.15876319001203,0.185555972389643,-0.3260741995435068
-1.1597300917147293,-0.11185429161696243,-0.3693841789838498
-1.1568152606299247,0.8315093300343755,-0.41217397579069054
-1.1566107661580711,0.7304589792962262,-0.3386289907006796
-1.1578891922440113,0.4597126096728797,-0.4318765819284711
-1.155711352589419,1.1581266865324553,-0.4382115206053298
-1.1551494566923375,1.2312626416114496,-0.3568394151826684
-1.162002705182648,-0.6366168134590381,-0.39663611012893335
-1.1550731085779913,1.2313398636259436,-0.3737182297047506
-1.1563639464139905,0.7829754641654733,-0.2765236437865386
-1.1555757940105786,0.9907196253107905,-0.3502157618399646
-1.1590196025872215,0.15509010953294136,-0.3987681803312234
-1.1593986116297184,-0.04339466284984193,-0.4310592735682467
-1.1643706008773127,-1.4544939710951905,-0.363069710363143
-1.1584534123946808,0.36981243465772357,-0.40437631424644094
-1.1628367008387148,-0.9948064139101592,-0.37713725642641294
-1.1621886706626252,-0.7787384425105031,-0.3725437003641001
-1.1603568441335006,-0.23769774412481356,-0.42695423206408123
-1.1583800835379798,0.31755049611292807,-0.41798017619497546
-1.1609927131234354,-0.45314572467921416,-0.3796232401372953
-1.161596104660662,-0.5950922788207439,-0.32852027713021237
-1.159805854833039,-0.040444974686015156,-0.37707610787057777
-1.1640636618250044,-1.4735907861253936,-0.3669870295346322
-1.160071877692926,-0.27325404131720776,-0.36134703390072254
-1.1582454194609795,0.3530423896205936,-0.4325575594392196
-1.161574958129595,-0.7063708879686968,-0.31280145297568335
-1.1525094848680746,1.8575157735785806,-0.4039912924547524
-1.1597919020002767,-0.113735038075817,-0.4431127953331771
-1.159269768469799,0.0477293316191592,-0.41015805774629416
-1.1617880949514987,-0.7805047060712222,-0.46447499712413187
-1.1529859384166978,1.8904303714808621,-0.4462445702500084
-1.1587679056563436,0.22815595888452392,-0.3945893709972843
-1.162898705972229,-0.9433182662942732,-0.24440969186151923
-1.1542860828015173,1.4269049409200867,-0.41398926686214255
-1.1661897252805487,-2.013122446480118,-0.30932232730048503
-1.1582806419708338,0.15628912645191614,-0.26078129601047545
-1.158319559033004,0.2973536075699842,-0.4913973058980303
-1.159180999490016,0.029490937179559567,-0.42282797613393125
-1.161106783646456,-0.6301254077374656,-0.36858457744942075
-1.1587315029971943,0.11996684809037508,-0.37889417803293274
-1.1597741125918017,0.04151748642172238,-0.35309204560562524
-1.1641044315003881,-1.493670299801529,-0.41768455006827604
-1.161396424685863,-0.5790236191729919,-0.3995978254328321
-1.159492290241837,-0.09900980161988408,-0.4477804933097931
-1.1595601608548773,-0.04152210272607627,-0.4192648379742435
-1.1583795442732807,0.10359838499875738,-0.3312128847900773
-1.154935857111318,1.3728548837458026,-0.4331077357676676
-1.154331395445863,1.5517671677010763,-0.4468178730997506
-1.1633674705684187,-1.316697661138857,-0.3657842143683758
-1.1631308239234686,-1.2215273336171342,-0.35684596546412795
-1.1650378371458294,-1.5693471990815269,-0.27559393102108953
-1.1567533730381085,0.7306282758176916,-0.3622529159712647
-1.1615072747395063,-0.7284682817464139,-0.5069969245474168
-1.164738374011461,-1.6146721116736118,-0.32248207573523713
-1.1558298687354747,1.1016231598885453,-0.3915762655492643
-1.155565725039962,1.1391890005639589,-0.4592794760349118
-1.1587798367415305,0.22719604656653075,-0.4099994355442147
-1.1609547049409923,-0.5229103915930794,-0.3312721953783315
-1.1603396070999066,-0.565925254168187,-0.34959251083200055
-1.160534158216662,-0.31457722648741093,-0.41294305439462087
-1.1589154562143833,0.19186587631556562,-0.38031923829601283
-1.1627237645971649,-0.8259579502689456,-0.3531760082989163
-1.1607363461142184,-0.4244119741543541,-0.2773060284437727
-1.1653620485378051,-1.8651996453068524,-0.36649123580463844
-1.16069514529118,-0.4033467312355342,-0.36510246993981754
-1.1596127123252042,-0.040621652516977504,-0.39562439599245924
-1.1631233088212958,-1.1851087352624363,-0.32328674665737916
-1.1559029588917584,0.9787862681024595,-0.4147457540999833
-1.1555682191947827,1.0516189396000812,-0.39329654877287057
-1.161850521197038,-0.8486558985761072,-0.27717274414465637
-1.166536363145475,-2.036529156825293,-0.4134873053405661
-1.1583741622498283,0.2650799891734309,-0.38119717486812604
-1.160234427939966,-0.18814378192236003,-0.2967577280076198
-1.1568752002931793,0.8182179895600832,-0.42535071159086335
-1.1586647661097615,0.29572279941172736,-0.39973080349609186
-1.1620109450773228,-0.9759962371744606,-0.43358370363989507
-1.1541542004925418,1.32204539869327,-0.3750698799898395
-1.1542950424215446,1.3770227053215918,-0.3234767440193963
-1.1523989240394081,1.8777525800921875,-0.3069498711143884
-1.1643349065090112,-1.4610144588701337,-0.30430532315630077
-1.1540516701820307,1.6055415438661882,-0.3948666263271971
-1.1575194410538279,0.585924865427643,-0.4171098329541624
-1.1621369365814738,-0.8083258697060898,-0.35688121095497227
-1.1644441868773592,-1.5886637141936626,-0.4349729776575658
-1.1556849416892034,1.0867027829085374,-0.4473345724133952
-1.1577875140422798,0.4962763046973826,-0.3985871362680848
-1.1556041093759983,0.9890453693562153,-0.3957618805059711
-1.156101499078545,0.9089281077615337,-0.3677407407306783
-1.155668766398106,1.0519805472166963,-0.34257844186834036
-1.1612924889347223,-0.4877560837202413,-0.36346858209692623
-1.1548341842878087,1.2325408552677095,-0.29798969908858625
-1.156916564006261,0.6944370525332667,-0.35267760269646586
-1.1583176239082864,0.21171634045429794,-0.31946535235577517
-1.1528936145652209,1.8575918073697706,-0.38869682726909377
-1.1613896971576985,-0.6789888026117251,-0.31914148744454574
-1.1593966313780337,-0.060344644754681605,-0.3131986822873726
-1.1553570532531015,1.1773903587962478,-0.37963827442652515
-1.1591903968325985,0.11476453513000513,-0.3693048590375898
-1.1614330216631301,-0.48740115090386255,-0.35016835802502416
-1.1520572400920999,2.0915692962424437,-0.4333858256155255
-1.1595646334401564,-0.05697998327339445,-0.33686133856068134
-1.1620486064657591,-0.8464559461148187,-0.34403699116517694
-1.1645646360976691,-1.7040896565679708,-0.3250580790823181
-1.1588256716939358,0.17407259522276092,-0.40765476500393005
-1.1619244450599007,-0.8162225260337742,-0.2576467355358559
-1.1622097256493367,-0.8619573422347443,-0.29967711910949035
-1.1618004633170098,-0.6012833809033259,-0.3875444949627739
-1.1631870821484467,-1.1748953773114281,-0.3430483439464863
-1.1610988905281432,-0.4387931290964268,-0.39250234029679254
-1.1648274326877266,-1.6386403556347586,-0.41209458525001613
-1.1628432234967327,-1.1376475001148527,-0.43457538377348975
-1.164257372907843,-1.325155984042493,-0.37204109613411246
-1.157499153015616,0.567196248301571,-0.4145854001996272
-1.1622298195391665,-0.7132912007998662,-0.3436188928666506
-1.1595847222920466,0.08431519736890215,-0.36562829707544914
-1.1577935316934649,0.4436634074291436,-0.3471835354478952
-1.1594996212887128,-0.06367504887363531,-0.3946110385985559
-1.1566381933341239,0.783319960117217,-0.37133700176987344
-1.1603565430247484,-0.2743971440708087,-0.2805558730407695
-1.1631086873837972,-0.9431406373123069,-0.30619286200796325
-1.1576046700670741,0.6223743729150626,-0.3847965980948377
-1.1586541845221814,0.1577391824396341,-0.3451922239718576
-1.1602163498732483,-0.4548237544038891,-0.3038609373194502
-1.159726980912626,-0.2558341088604353,-0.3417376109546446
-1.1575420062770636,0.6033932445144081,-0.3802372786883748
-1.1565456336709508,0.9040462682542397,-0.4109614986469132
-1.1641892758995873,-1.6191550404868316,-0.28155171954311614
-1.156238639903226,0.8016243696076374,-0.3447395239087235
-1.1596478080769155,-0.11261990772612444,-0.4034158102408287
-1.158160413417415,0.2300472913657592,-0.33598719716097153
-1.1609801450163846,-0.4180280636551733,-0.3783478297980918
-1.1624563533914913,-0.7460334296695063,-0.34754659700239054
-1.1591056571086125,0.11607716415322117,-0.3958117966288459
-1.1637416440948938,-1.2262157273498968,-0.4649033506313408
-1.1531464062484433,1.729796879609042,-0.41330343947562237
-1.163748204657191,-1.2663495261153581,-0.4334454450205328
-1.1610610403462889,-0.4216049536542356,-0.3644770941870725
-1.1636212348718664,-1.3362678988058507,-0.45642465067449484
-1.1567043374575612,0.679409761006881,-0.25836354236468945
-1.1590374963824042,0.20970028591871157,-0.397588259852028
-1.1601977540603028,-0.1936081443997278,-0.3525495370798641
-1.1557860213478401,0.9819279237186198,-0.34688988692166006
-1.1600686904391353,-0.09974618375167102,-0.38968366797977394
-1.160784693393424,-0.4500431178452637,-0.3083024329131663
-1.1597886469242298,-0.20117960776652236,-0.31808120379370547
-1.1600559603694955,-0.2389503363626283,-0.4464725329763753
-1.1575290933132234,0.6196017863367554,-0.373054259545278
-1.1584218007240548,0.21786807319786858,-0.37751017577189677
-1.1555574991637956,1.0868801318882158,-0.356571013765233
-1.157586016152927,0.5291713454361374,-0.3629244105991591
-1.1580657435435544,0.4603542556636677,-0.38329030721258206
-1.1641796015432204,-1.4096290720252835,-0.34020331243062935
-1.15916607705355,0.11759020474052738,-0.4131419848700281
-1.1613396252118366,-0.5066953874677973,-0.4203622248212409
-1.1600270959819428,-0.09547489581509992,-0.3501172483204434
-1.1522970285784324,1.9070973362202086,-0.3294240938057641
-1.1513892180828285,2.1636309188082774,-0.37298314196038146
-1.1619672297992796,-0.816930641691098,-0.4607020395157812
-1.1566351225667602,0.7644294444374197,-0.36344259976226445
-1.159351262045613,0.012750170718246351,-0.4034086550822407
-1.1654974885850513,-1.716384720984724,-0.26622892009874305
-1.1573317646699595,0.546030130124073,-0.3411076520946343
-1.1545855409787955,1.3327153245083008,-0.35893391665299346
-1.1589483672117966,0.15551734572269735,-0.4459969798698652
-1.1614969415582985,-0.589591378999264,-0.33993099569739
-1.1646185719598525,-1.6389923817652388,-0.4424545323462179
-1.1550308427202638,1.140795044182338,-0.37171498435145095
-1.1594085248325308,0.06628653415500893,-0.4333501939618225
-1.1606368315256625,-0.3445337280190922,-0.3638714572735661
-1.1582130059298532,0.3708018309455821,-0.39351120458019645
-1.1604339934453594,-0.2211483800062108,-0.42483221169853913
-1.159767092194227,-0.26071464368660763,-0.3183912833472561
-1.1645449902142178,-1.4103568735562275,-0.30727537033085284
-1.155653309614767,1.1238323401105368,-0.37254267819638553
-1.1557106108608617,1.1047221819770907,-0.3969438889976989
-1.1558202654963647,0.8204177667514433,-0.3393661467802307
-1.158017519191681,0.4242729137334851,-0.38742164736869505
-1.1548493018394428,1.3543685544965172,-0.4563873620992761
-1.1565754231213197,0.7274540705413817,-0.34536212375586206
-1.1550966186193456,1.3338898028207942,-0.4120551871351753
-1.1603538012253078,-0.18785975102845964,-0.38225823726032604
-1.159201608315519,0.009020892344847584,-0.36900213947495597
-1.1570624558160865,0.6900175386413162,-0.40259621997930295
-1.1589797293674464,0.12026347094248509,-0.3994427770735202
-1.1573989924525812,0.5296357456591176,-0.3567651451430919
-1.1595628148165407,-0.022320385500306454,-0.33193894718171635
-1.1621156405274136,-0.7742652535380983,-0.32318971814003644
-1.152987867112677,1.798788785748522,-0.40095120845377463
-1.1626361923172104,-0.8661561335843122,-0.4457578574798243
-1.1583074103392408,0.21209901190711664,-0.33488334767667677
-1.157774665236639,0.5439136018901508,-0.3761584386761417
-1.1614690078808083,-0.5286682946755659,-0.41191715338341656
-1.1550604543926266,1.17669682748509,-0.393251984166674
-1.16098146930673,-0.5262003190217198,-0.4039676311601358
-1.1627426801003165,-0.9574911446840637,-0.4138611868017821
-1.1611955999158243,-0.4205816496919449,-0.28568001722120173
-1.1609726484978544,-0.4368229766550105,-0.4141052875123899
-1.1612917679402939,-0.598877025086911,-0.3551456633950636
-1.1629763606902106,-1.0639153332657758,-0.2817950344313776
-1.157421954507426,0.509010034568765,-0.3839262947298958
-1.1591874503040134,0.06699163356681431,-0.42881674548752885
-1.1587660930196695,0.2814050655043013,-0.35966094609022126
-1.1602524675822843,-0.16752038917760992,-0.35170844181810024
-1.152507777804486,1.8413301138869576,-0.3595383266534561
-1.161378994031133,-0.6215277634732264,-0.25023512788630675
-1.1583905470756743,0.3165835220859837,-0.42644709543499404
-1.1592681286906508,0.01375119894829619,-0.3805027741694975
-1.153682407021925,1.6061205067171769,-0.4107152033439452
-1.1582946537431567,0.3522254992321671,-0.4179057575603828
-1.1598850151052413,-0.18802325267141268,-0.343976168306058
-1.1554354411842007,1.087230805686079,-0.38412530027835007
-1.1533529800485411,1.727083400913795,-0.3039127346307325
-1.1642870636217915,-1.4043174608267157,-0.37527492516822986
-1.1616161360856125,-0.6163789759366098,-0.3656381594405332
-1.1618249087229529,-0.7570199910962182,-0.2884175678206366
-1.155443640072521,1.033647304314811,-0.3591191803719694
-1.158842855901559,0.17479961372622782,-0.41315093331767944
-1.1603196292759421,-0.166408142429443,-0.39321962848065445
-1.1547736239339814,1.2500070414357094,-0.34232365714871976
-1.161871091613306,-0.7178544481975643,-0.2900588138843425
-1.1608143777167275,-0.45370813722273795,-0.3925424167287668
-1.1604304066838207,-0.3266808234075781,-0.37433524832894904
-1.166008299945511,-2.0345404551331603,-0.29928212456679654
-1.1608188278988678,-0.32771872778588573,-0.3860940424656756
-1.1534748700913164,1.6777257104897925,-0.38880279344993884
-1.1528244984690965,1.7295753579876108,-0.31746417582594044
-1.1537911199120106,1.5129393777476923,-0.33838148876522484
-1.1563646087088155,0.7839892006009941,-0.33059918659700993
-1.157736025884846,0.4599795125620879,-0.4199470118140541
-1.1539053550509086,1.6405138641936328,-0.48015370012738107
-1.1625016219138407,-0.868780513852645,-0.3810686926964799
-1.1588076532976055,0.22784998574705115,-0.4092018547075825
-1.1623859436045563,-0.9183258642977816,-0.36017849431125665
-1.162719914674238,-1.1055525892336984,-0.41055451869568316
-1.1612795259614168,-0.5586915893074378,-0.34274046289083243
-1.161011301697368,-0.5616177930983423,-0.3626345819440742
-1.1620162130227767,-0.832759079138896,-0.3442858810226434
-1.1574357376283175,0.6204387727384162,-0.44826471943554713
-1.1614864302166332,-0.7793789122614954,-0.427885097998925
-1.1592936266894824,-0.006081402183588515,-0.43771819447749516
-1.1634564700908814,-1.2624842754023182,-0.2048811332212045
-1.1567209557444826,0.837182781068131,-0.3837832293799277
-1.1596678830289109,-0.03443401750162931,-0.3956411041155708
-1.1629810497967863,-1.0070579927583982,-0.39271929972215625
-1.1609071069644288,-0.3805040417318003,-0.38779667246839006
-1.161080141996895,-0.3738173260501585,-0.32000645441863274
-1.1575903778146637,0.5879167892970285,-0.375065771219342
-1.155806808871713,1.0338173698883188,-0.40274893730193906
-1.1576140947198432,0.4351189747625726,-0.4334172730225818
-1.1550152360020178,1.1881132718182978,-0.364250925787918
-1.1570191956388813,0.7462518716427979,-0.4060098890321307
-1.1579451791733693,0.42440376713638034,-0.4210720586082855
-1.1611993331298325,-0.40173561875785696,-0.4169305969375068
-1.1597893249516926,-0.23646950947033998,-0.3214937643914297
-1.1588224354645051,0.15682662435031183,-0.3901546697656335
-1.1634335202984702,-1.1926392082405863,-0.3422192510405032
-1.1517330698170125,2.0900396859348214,-0.425518396282317
-1.1538871621959612,1.5703576339436014,-0.371352472959653
-1.1636301925465815,-1.1058874784938508,-0.3962082691713569
-1.164819148087797,-1.6949310588460142,-0.3370470107275493
-1.1652574801294746,-1.655603533001149,-0.44307866902899384
-1.1629709692503112,-1.0846674375451464,-0.2912864451654455
-1.1563862029608722,0.6761299026186113,-0.37012984138555854
-1.1556631684598047,0.9769508336767233,-0.3503540493131868
-1.1606470895000094,-0.43701836971117525,-0.3847732061311758
-1.1583214378675368,0.3703549792485504,-0.4050601924421998
-1.1580926169316392,0.3517481088715127,-0.30252338639537857
-1.1585443282624548,0.19432302053462075,-0.290445848215363
-1.1625218671058208,0.030970854342654,-1.553377785896089
-1.1589154169817426,0.17338554015037635,-0.41442408554677823
-1.1578810094736571,0.45874785324694123,-0.4389217350649671
-1.1595286889993632,-0.11161130410334703,-0.32029658865345156
-1.1595870302090363,-0.040131284985762794,-0.3656597873941829
-1.1629850657946237,-1.176717049357345,-0.44939623335704487
-1.1592916355740328,0.08320804709513653,-0.36434861418118647
-1.1539711594255027,1.6143818512452357,-0.465360690062053
-1.151679710365345,2.248858019867956,-0.46831895290184083
-1.1591894471663313,0.11692336664195839,-0.3545578605203125
-1.1552212761210976,1.1403558053720426,-0.4213889219733975
-1.1583255328550448,0.4203599863710286,-0.4352298365330214
-1.1630039818557039,-0.9606739299779418,-0.40333631976424106
-1.1540672767690359,1.4640462566114938,-0.3501604576446956
-1.1636774856844703,-1.2220373909386784,-0.38817070074433396
-1.1633790987549966,-1.3479296828634688,-0.3630859773207795
-1.165519157702724,-1.8586125884506683,-0.3818000530429449
-1.1610342846635857,-0.41906822156087087,-0.4404577797505193
-1.158053471799728,0.42395164692433973,-0.41875561748608114
-1.1591360749020836,0.009912607919799697,-0.45018343835867713
-1.160574187758871,-0.3271604119436893,-0.3993562989388714
-1.160157418025695,-0.22020036041000465,-0.3880582053720587
-1.1594202612610234,0.013698105517052736,-0.3294048783971583
-1.1558588918342005,1.0688614665412868,-0.3708737258119382
-1.1602575744914942,-0.2198851818001744,-0.426898660415738
-1.1597360700083514,-0.09542290384366858,-0.4112319726955924
-1.1515111641653755,2.1793906310883386,-0.4284263271451242
-1.159809988267235,-0.1662567043553728,-0.40447825355652633
-1.154803625523593,1.2860306700743034,-0.3592601247640138
-1.161082288192771,-0.50846317069293,-0.36476183057187467
-1.1597507555081616,-0.09969477954859038,-0.3997395869157851
-1.1590634150522834,0.11955543230057061,-0.41954633129958663
-1.1589320397675125,0.24651060418090123,-0.38701559965806515
-1.1630611686967387,-1.1032229670487672,-0.3513962979524375
-1.1541693591758915,1.4809950625760644,-0.3890156793268494
-1.1618898267199003,-0.6507496671028288,-0.4356508776691225
-1.160980107980918,-0.42579227035133427,-0.3465051731462415
-1.1628851703739185,-1.0587271594328775,-0.2978881848083658
-1.153892061029187,1.7298615583449939,-0.38208297936074204
-1.1608526385154752,-0.3985614171532322,-0.39135922549267715
-1.1509225727973884,2.2873668835535153,-0.42746693256022145
-1.1580597339242007,0.460449707936805,-0.4028319770542627
-1.1637496684234814,-1.3103431021517404,-0.3264089182082354
-1.1552382190200725,1.3192787067352572,-0.43204181512117956
-1.1611044433958544,-0.4564568338504256,-0.3411707216298688
-1.1608675282136478,-0.3304054297736238,-0.3805701173424701
-1.1615909120087249,-0.5649780391042482,-0.3551029055492578
-1.1651773285781415,-1.6739398332963695,-0.32758957117459914
-1.1570185373601898,0.6925916878397863,-0.42084594762218547
-1.1597595149891855,-0.12942403550775547,-0.35208161285279976
-1.1576248890337455,0.35200159798845043,-0.35275382052380544
-1.1638045250161801,-1.3690020052829874,-0.24142540809875723
-1.1587135408848066,0.26322622087088476,-0.3991952613399455
-1.1647469508710995,-1.4533474475000556,-0.4094404093939662
-1.15147008739431,2.210110396252701,-0.36124539819469137
-1.1505978167750543,2.39603980283338,-0.36538742270342595
-1.1636403458885125,-1.3371565967908912,-0.4537257309256274
-1.156520701264092,0.7609947936899734,-0.3223970496766817
-1.1579348448917197,0.4080737129207395,-0.35168779838941067
-1.1635147412035598,-1.1735900737278537,-0.30118734191613555
-1.155071546776023,1.2667451087155832,-0.3592267405080717
-1.1550286858985195,1.1234541724835068,-0.3429681992709177
-1.1520690632467925,2.0545348346307732,-0.4146278671865259
-1.161889992170334,-0.6672626680654647,-0.39001481273310756
-1.1638302285290283,-1.5120590355228098,-0.33160869645371893
-1.160076368475433,-0.18370521441740995,-0.41200525373024777
-1.16207522781819,-0.9697285956823122,-0.2847511020590495
-1.1588573173021006,0.27896750374742096,-0.40796325049678744
-1.155383185517865,1.158799106122175,-0.39414591523544806
-1.1584722314093223,0.3344277961976032,-0.41043167743885894
-1.1631133533099243,-1.1571194764756971,-0.37508752779736226
-1.1561530446845323,0.8186730605987842,-0.3537526598873676
-1.155235566897818,1.277437731877504,-0.4559164438893413
-1.1534205208508996,1.6434458036627104,-0.4032206894834995
-1.1618962811768228,-0.5874775102358526,-0.35750129130609704
-1.1621038333889344,-0.6157965301430487,-0.4254186409465268
-1.1583670607409235,0.352842333312177,-0.43321955537966633
-1.1564151097825004,0.8343474313354724,-0.34369906470640155
-1.1616647550406725,-0.8271114173161785,-0.32339620859646856
-1.156902254557015,0.8188259268072039,-0.40014424411692207
-1.1573088142398118,0.6913388206014303,-0.37051709277717937
-1.159052609436484,0.12172279510324044,-0.3313482586895269
-1.1578778629122677,0.3641786913990437,-0.40260787898098677
-1.1537059800828775,1.6061309262865737,-0.41392648508922375
-1.1590047233204983,0.120586596981849,-0.4118993537601303
-1.1528174818349717,1.9302081817913381,-0.36305012318194835
-1.162111722543568,-0.8644028129219652,-0.328152095083606
-1.1612258189527032,-0.6843734478457323,-0.21420162681249863
-1.1589909168316932,-0.09931053665569,-0.4127837805215321
-1.1520470151846434,1.9839068588151507,-0.3940610459668211
-1.1605314345881936,-0.2376296905853041,-0.39285203617339226
-1.156791739365169,0.7310671210648149,-0.32408000570177503
-1.1597262196512144,-0.09321867523529627,-0.3921865553465166
-1.1575043331793964,0.4616916618379678,-0.3450609804752858
-1.1601409408989374,-0.22027199914098894,-0.40158337676742667
-1.158007265593125,0.2927146636566366,-0.45368073576864076
-1.1547259037087545,1.2476280626461256,-0.33119616688029346
-1.1620622793849205,-0.7113498053067581,-0.3949794853607975
-1.1630831787072673,-1.1349793233824375,-0.39076764003417336
-1.1616033166366828,-0.5487365890731981,-0.32795955388461134
-1.1563508504679973,0.7069434073451717,-0.40688451873700054
-1.16053996063139,-0.2232392748363176,-0.35997412434569737
-1.157098019133249,0.5988654313583808,-0.35239751717559586
-1.1551520822374792,1.205749271862597,-0.44143219532304945
-1.164769506983009,-1.7054898385851138,-0.34578303455709064
-1.1601396513868432,-0.09412558271794523,-0.38134789304835875
-1.1563328509025192,0.7838999151745578,-0.3564297081524092
-1.1543135315471063,1.402935134726569,-0.4451654961557743
-1.1588617866131372,0.15532570666493992,-0.42148099943881917
-1.164428902153141,-1.302255931291263,-0.3193333319474588
-1.1611986014519693,-0.36220604306195736,-0.4230024288356128
-1.1585711922556092,0.24520079254538243,-0.4321941093767664
-1.1563071881523463,0.9428548447247974,-0.43007821221573705
-1.1551500464019309,1.175453873102995,-0.4267748693505494
-1.1638682092538595,-1.3762147546980548,-0.5057216558074906
-1.1592727406557686,0.10202225409076196,-0.4398757722501161
-1.153323631093866,1.6764541971031528,-0.41025207309762074
-1.1594321231239224,-0.006174996712128096,-0.43931132416828417
-1.1560807552799586,0.8892407074433405,-0.34771227759604206
-1.161521209941311,-0.5773896281063405,-0.389549067049937
-1.1546503361607885,1.2845125745487278,-0.3336899542033591
-1.1551816717525927,1.1939445797753996,-0.3800610690844122
-1.1574717830172343,0.5852990291830845,-0.4096052823541284
-1.158398950592575,0.3526765843462293,-0.39611969358302396
-1.1598587260933069,-0.14530155337318368,-0.3544053368798735
-1.1534871643719598,1.483295769326847,-0.3659463838786583
-1.1610878632933606,-0.5795330500418826,-0.2886778025113397
-1.161207766896312,-0.475301665419603,-0.3576293448435609
-1.157057275807854,0.5316264563843959,-0.38591838453441935
-1.1567641414052825,0.6217010772483766,-0.3387131071989712
-1.154058057101352,1.4034139550905704,-0.3838966693975954
-1.1582879245971853,0.31671137731228255,-0.35062344499144527
-1.1545709164629623,1.1808407776502268,-0.298456438429466
-1.1649317203707608,-1.6537837102799744,-0.35454058235060865
-1.159098053088858,0.07015608219459397,-0.4191475767516704
-1.1618360356895898,-0.6852435597187465,-0.38077706101107256
-1.1583889577415296,0.12151385764190265,-0.3827407988044464
-1.156000686358845,0.7132365391675183,-0.3488233437063454
-1.162383024548095,-0.855717295885801,-0.3515525830250583
-1.090985227508808,0.7263052010094463,-1.026133635341312
-1.0896356168713106,1.176108827086457,-1.1322426356201107
-1.0944192565770938,-0.09976580175116063,-1.094420670050685
-1.0969532475641521,-0.9187238890001165,-1.0722971090939422
-1.091984239722845,0.44180588104144425,-1.1265004559024903
-1.0926230355883533,0.09749039584550344,-1.1536282058978593
-1.0970254551624414,-0.9800574703778316,-1.1861679650978503
-1.09536440472225,-0.42380003859692134,-1.129114487590043
-1.0941528013490252,0.11415053619761832,-1.1424378829713762
-1.0992545367382074,-1.4320336040207378,-1.1019072182088123
-1.096662482207076,-0.9422190782316512,-1.1341215642777582
-1.0968894760645105,-0.9248308700331823,-1.0194409542911578
-1.088911701557594,1.2624184356229877,-1.0771255361301497
-1.0860296026877125,2.1421797679736714,-1.1953249822500842
-1.085639788193594,2.1575909000749265,-1.101727226087955
-1.091861767154555,0.47732486863117535,-1.098879430789649
-1.0981088247162087,-1.200405057055121,-1.0299762055626178
-1.093591450562042,0.04845295432892874,-1.099669136535426
-1.096710796298176,-1.0137956377217234,-1.083097977043833
-1.089240657223971,1.2648472297005833,-1.1216632853508073
-1.1005676640204547,-2.0710579916062852,-1.208608249698945
-1.093111126409388,0.20635635413646328,-1.1805649546500536
-1.0942170946010892,-0.042102123778939175,-1.1162822423290077
-1.0907069235403122,0.8328050553068514,-1.0594006946859191
-1.0893963172026175,1.2665541208556428,-1.1054301808183113
-1.0938553655634795,0.08336709641812304,-1.1259790435331243
-1.0930771501562186,0.22552809668748267,-1.1487546069596193
-1.0962933811514157,-0.6057258869347264,-1.0824434253417226
-1.0961292585790199,-0.7939664294921426,-0.9791859206080505
-1.0937483686170626,-0.025731028625987442,-1.1306399005128958
-1.0941337401212052,-0.02563353942657676,-1.1523322868912675
-1.0951916955697725,-0.4383690852842823,-1.0459510772454748
-1.091831567787967,0.4588187172101793,-1.1449182490177137
-1.0943914642101527,-0.2163038267873873,-1.170032928585878
-1.0969780949646202,-0.98921543409023,-1.0717014135113605
-1.0962869539486702,-0.6686326887758284,-1.105088512236716
-1.0939165993847044,-0.15283751386306835,-1.0925405218079955
-1.0923078228294227,0.3853947846062974,-1.18715297962627
-1.0880710081967517,1.4945897158283348,-1.0863620472300988
-1.095868646980858,-0.5978073371119437,-1.1635025601652522
-1.0993433486205935,-1.5708826177299258,-1.1221551658388143
-1.0858203144973113,2.266133814799785,-1.2159470941173316
-1.0921055574564993,0.585056317348856,-1.1329827976864282
-1.0853322977003508,2.3220161516018876,-1.1794749682930292
-1.0971446683943118,-1.0516082142376038,-1.1470395835100031
-1.0986073567927304,-1.5816025752191547,-1.1566297013172113
-1.0901019520277895,1.0778855901945115,-1.0957482451568088
-1.098726104499478,-1.3657665864143336,-1.1258839202165933
-1.0934536558987156,0.13773087529780517,-1.105320776626769
-1.092025604090431,0.5483518835078396,-1.1331676126213992
-1.0953948775679703,-0.48861483678964146,-1.01524431071242
-1.094366614615627,-0.09998885513231752,-1.110154577717883
-1.0971552204148238,-1.0690728672847303,-1.0417148236880864
-1.0950879321582392,-0.30990677300034636,-1.1240796646508038
-1.101138563000329,-2.0489578940782933,-1.0668256254491437
-1.0954307128830494,-0.5467981543288839,-1.145214218898063
-1.0914873805794758,0.7100210143426664,-1.150759735603199
-1.0916616042685057,0.6209481138475547,-1.1528619306736296
-1.10056333135328,-1.8219373423687324,-1.0362763684468277
-1.0947728469299185,-0.40021132252205677,-1.0342491604532411
-1.0875088442676017,1.8384838601349573,-1.1375598933356745
-1.0932248211683466,0.17104026176585824,-1.0736414458032433
-1.0969972420050138,-0.906182604806402,-1.1597405650801915
-1.098131071940346,-1.4264184641550044,-1.1685820946243628
-1.0957307251228776,-0.6187006884839379,-1.0711397939718181
-1.0933979418092785,0.13820411941690294,-1.1120234657932981
-1.0932856021419182,0.08360920470606438,-1.146429813597421
-1.0966143444020122,-0.8111535994694025,-1.077737630318092
-1.097711176334382,-1.1576915436532136,-0.9918734731853918
-1.091611040185984,0.5986308259834925,-1.066800006503265
-1.0990861894586272,-1.6435527394753995,-1.1145337444329846
-1.0950686037556436,-0.43443764473679974,-1.104043526070737
-1.0937367708441301,0.10159264129849009,-1.1033081432479575
-1.0963158170386962,-0.8443546748373448,-1.093121916153447
-1.0944933771865715,-0.17810113094071245,-1.1489518778021013
-1.0953966877927221,-0.40297475051390214,-1.0954636857923157
-1.09054701041588,1.0297238375096072,-1.1749862352738618
-1.0904391975604322,0.8868077175511748,-1.115973442395721
-1.0923122725134577,0.4035269862294841,-1.1820445930965493
-1.09501402857468,-0.36391140258189253,-1.1262450746530286
-1.0966440764246173,-0.816976737030406,-1.0236762451239214
-1.0972062582197817,-0.8938421063359986,-1.079771034727893
-1.0979714409940389,-1.2826842704189652,-1.1327590004965125
-1.090851584055098,0.9423026342094127,-1.178251048121622
-1.0906862228553633,0.8348182295529556,-1.0958573690771904
-1.096618015520746,-0.9209931370231963,-1.0810714268598198
-1.0946822505491534,-0.35484052912154607,-1.0045879800701594
-1.0961849309105198,-0.7953733912597839,-1.109527342915262
-1.1001804708608722,-1.822217372977295,-0.9816425386549431
-1.086328588165793,2.104898639992574,-1.170698817362527
-1.0939435786241218,0.0660601982684966,-1.1166078745823378
-1.0989507451520544,-1.3837085740935293,-1.157005949181105
-1.0982579354291155,-1.3538801674435186,-1.0828205461716243
-1.0947871646799034,-0.26552500724095074,-1.1196149941849873
-1.0936683250782324,0.13523208839074738,-1.1059842800068667
-1.0929244396082298,0.2626151526187212,-1.1461379962342133
-1.0960741432358465,-0.704384446558133,-1.0930531997979263
-1.0956711498257539,-0.4541876860023567,-1.1560843954290356
-1.0925203890101427,0.47619958801566475,-1.1216787533974564
-1.0962794855730082,-0.6716953737555695,-1.0940779890563228
-1.0901861314498573,0.9900689171182386,-1.1431763158494992
-1.0912921258483452,0.4641270335939613,-1.0164977464205944
-1.0869364265446513,1.8912508289562386,-1.1420833252300078
-1.0922888771107537,0.29237215643479625,-1.0843670267665038
-1.097069098531985,-0.9105301731877102,-1.0141366619899148
-1.0923302295344703,0.4415093470605237,-1.1626018582254976
-1.0874184000755418,1.7228383243240395,-1.0767315216064077
-1.0980728583134596,-1.2322377910697067,-1.1718186351397477
-1.0944384227768433,-0.1474451802374794,-1.1021500931189057
-1.0961709422285029,-0.5720903275881569,-1.0913782299725168
-1.0906609263418177,0.7299509156243437,-1.0984844702155723
-1.0918458892659206,0.633652492276315,-1.119578830700033
-1.0935768644841672,0.13335049121251125,-1.2270687289712197
-1.0976002354033103,-1.2622394996136461,-1.1618761571854945
-1.0980517251550246,-1.3743779237585947,-1.207602189454411
-1.0986499981278528,-1.3157426919358328,-1.1768304950477715
-1.0875826139384648,1.7131557513653384,-1.1474008476426554
-1.091394888805407,0.6393681435250254,-1.0801299147067658
-1.0860904091322015,2.230564539275839,-1.1509478917210807
-1.0952484212689109,-0.4217981956914364,-1.0541438058377748
-1.0997689480355468,-1.658487827978725,-1.0371776432551632
-1.0891689760237415,1.2816933111236983,-1.1472202790253545
-1.0913295213989902,0.600608487971547,-1.134403745606227
-1.0928957963597656,0.13856763128859517,-1.159664331448087
-1.0919691559450166,0.4967120257219708,-1.0663241443433449
-1.0991223870883897,-1.5992491428476052,-0.9906662009088298
-1.0917527502197453,0.6010128399589961,-1.1646498849346267
-1.0937136913073708,0.025419371860844274,-1.110779849378914
-1.095451090212004,-0.6149095812937146,-1.1503904602092452
-1.096090070693244,-0.6232361964214498,-1.0903270735268442
-1.1011397927234026,-1.9779625180266531,-1.0724902932697176
-1.0997001007806597,-1.5892871758150253,-1.0470032593974732
-1.0972503629549948,-0.9772391102120761,-1.1263387446380342
-1.0903080461799644,0.9793198067573581,-1.1283015916731787
-1.0927082995723705,0.22750445015052784,-1.1022580948588385
-1.0940954404351002,-0.1389481187223879,-1.0696709540284814
-1.0989435879150182,-1.4490284203677468,-1.0538513898593136
-1.097818006353643,-1.222245853099424,-1.0422378185746464
-1.0906255896599557,0.9442334431151008,-1.09017789629254
-1.0904130988403133,0.9874524390079724,-1.1163067563644662
-1.0999228835983272,-1.877922864153409,-1.0685725672787376
-1.0886690234285388,1.5847455431395283,-1.19223563887457
-1.0941271650223567,-0.05847911887834205,-1.146543793434564
-1.0881058565815818,1.4271290804310985,-1.0973280666859477
-1.093350745207198,0.11834023286727574,-1.147954920918212
-1.093982835440619,0.028896155464434255,-1.149810399141371
-1.0953448765903155,-0.5078455241116905,-1.0743113287505919
-1.0996905407702204,-1.838440827516959,-1.1387455795528791
-1.0932502007984974,0.06574893964414749,-1.1019768803440728
-1.0973547474624576,-1.1500658311439298,-1.041524228781583
-1.0937044978847088,-0.044085709218775124,-1.0944299543378342
-1.0909322532189292,0.8007900390105933,-1.1636655376004819
-1.0983761475188445,-1.4061162104417837,-1.2013713378965345
-1.0928352607934186,0.2814746422330963,-1.06084700708711
-1.0943441555820437,0.03871693207040115,-1.1020455188625977
-1.0930486775226467,0.22757837400884867,-1.1105094771986586
-1.097667707424867,-1.04935195577431,-1.0997545568005473
-1.0964186057573693,-0.902251721151461,-1.1696874787863818
-1.0954821970332171,-0.49256673385423044,-1.0790280694931271
-1.09331864023994,-0.021539584140231216,-1.0815732905682656
-1.0992162192650319,-1.570610223436214,-1.0754799657683158
-1.09239078208451,0.3665381682850759,-1.1050659044444526
-1.0929453745567699,0.156993890582174,-1.050505225842241
-1.0973769102314064,-1.0616344797529584,-1.0937417029245868
-1.0985555052220055,-1.5277098579662596,-1.0428379763345803
-1.08887831111343,1.498584601783239,-1.1403222685128522
-1.0979995560435556,-1.197181250439205,-0.9793897187253396
-1.097982452294207,-1.2662472563769245,-1.0469535263273095
-1.0925166374452195,0.42354526126144376,-1.1753921690298352
-1.0936394376706602,0.049914195124971285,-1.1083696604153563
-1.0919913013047873,0.44339489057614,-1.0616488553555836
-1.0939097422209532,-0.15091130890459295,-1.0697721230483117
-1.0934549738779238,0.06331215001428801,-1.0992506192379825
-1.0903808415526546,0.9240786120547323,-1.1282483088170425
-1.090777473439565,0.9788306286049937,-1.1287103782573853
-1.0985574075718993,-1.5396327576505484,-1.2291898325294577
-1.0959045727627679,-0.6679884624419382,-1.1579744047891705
-1.0928266439585774,0.42409542415526746,-1.1478724273473542
-1.093397718363877,0.20314193649882972,-1.190001210251904
-1.0977165340629915,-1.2751806398250662,-1.1122517477621123
-1.0972639602606644,-1.1922272661654918,-1.0278646722476519
-1.10099892230801,-2.034447459258222,-1.1213915869187283
-1.092839487905258,0.26224249029152386,-1.131474156654246
-1.1009592660451777,-1.980970273721593,-1.0535844309056066
-1.0993215430988932,-1.6204186066136048,-1.1804490304955548
-1.0885415106799003,1.496850364985449,-1.2109897854840264
-1.0961466023936417,-0.7269045696512794,-1.2643037084900006
-1.0910466264948635,0.8704534683092118,-1.1883720048024535
-1.0898926007663157,0.9745655317211597,-1.1035567804180628
-1.0904453762463642,0.7849347697038646,-1.0279965244078215
-1.0997654726223989,-1.856483081459971,-1.0338992934961635
-1.098115907151822,-1.2825656134611614,-1.1011860158961189
-1.0990072978430456,-1.4970447423726874,-1.050409569252377
-1.0886097986910237,1.5869571772614626,-1.1720708262300041
-1.0998565646538834,-1.8389747151827784,-1.1770390693808193
-1.0886210150548474,1.408621504052039,-1.1247050128422433
-1.0946593706971905,-0.3108324696967423,-1.145006380465643
-1.0903232545733914,0.9255410767669987,-1.0597434140978923
-1.0910965152591243,0.5869463589310588,-1.120017484846306
-1.0941026206307074,-0.013027937859878264,-1.1897538257423361
-1.093039112781493,0.06270496715424627,-1.1415200287746032
-1.092069242527117,0.47484028769498027,-1.070680786331809
-1.093639684519375,-0.00860177485637681,-1.179191425030528
-1.095384493821995,-0.5259863181448928,-1.1632219490783287
-1.0879245710835572,1.6086331739400777,-1.095693383481091
-1.0939900735769337,-0.09937071762781718,-1.1619940176391188
-1.0949502275944505,-0.45541965402704876,-1.0337250839283931
-1.0953597967351218,-0.5098553620740224,-1.0446929029208256
-1.0923865699013469,0.42464846922584193,-1.142994861402345
-1.0897715779182056,1.2397646839359162,-1.193355365603184
-1.0872758918795855,1.8666308637539575,-1.1563028069117078
-1.0974371010259893,-0.9980055803869684,-1.1559615220195334
-1.0954615624039163,-0.6858078163331391,-1.1459408828952753
-1.0895272443674973,1.1383690026031097,-1.103299367686258
-1.096143101280505,-0.6139918204112804,-1.1304084694643666
-1.0925670738183895,0.40365300363794115,-1.1871482926264347
-1.0934519385511623,0.063972448377025,-1.141353382100114
-1.0997452766731457,-1.7771512788476043,-1.130848061115332
-1.092490026523617,0.3329189301685883,-1.1106710763690602
-1.095447809957411,-0.453893373494398,-1.0966349042908923
-1.0886591259609577,1.3709529255786814,-1.1548218687620966
-1.093638015389774,-0.0224878389884001,-1.1147212298784255
-1.0984405067450254,-1.3485389453526575,-1.0706683896975955
-1.0970916527406005,-0.8036827800317482,-1.1051692984628052
-1.095796321881121,-0.686826537714951,-1.1637989543696912
-1.0939214385191904,0.011168757170727153,-1.1615799202079173
-1.0971656326693036,-0.9869251138275665,-1.0743999917827671
-1.0926975286709997,0.3349895479024388,-1.0981513402869814
-1.0934311058011938,0.06658185608038161,-1.0784910205731653
-1.0951185123847103,-0.28101606761852965,-1.139782808907797
-1.0939553456729703,-0.04616633486655577,-1.1031552823548962
-1.095854143988067,-0.6373328682441952,-1.1675719153466606
-1.09929420860442,-1.6100071658502155,-1.2185246553977547
-1.0962859631158173,-0.7242991856899413,-1.0641749369934939
-1.1001776571790114,-1.8196802425643623,-1.081931578830523
-1.09851492351453,-1.4647297964477397,-1.1859389664771445
-1.0929708918140584,0.33451741232440024,-1.1448863592542866
-1.087286089057538,1.9428747597457074,-1.1985017722390323
-1.0963689324165398,-0.9189595102148771,-1.2015442415532889
-1.09901458011374,-1.5981700321617944,-1.03881276639777
-1.0928380010924188,0.24295181120806986,-1.190095915495499
-1.0974361087244218,-1.2075859087864198,-1.0752376636376144
-1.0976025345502496,-1.1105506453182765,-1.1026526914248478
-1.0997151792291122,-2.021661790603819,-1.1512507350191545
-1.0921345162507559,0.5062292272853861,-1.1140006546923598
-1.0957503241820656,-0.6511741690693589,-1.0867074836265398
-1.091198481304978,0.7830942891362181,-1.1033206638797952
-1.095979061998404,-0.8653420960647407,-1.1415812955310438
-1.0905355053394825,0.8108853679520123,-1.1630406578457197
-1.0915400729836107,0.580926371631985,-1.052695740751576
-1.092909084006242,0.31368453653329964,-1.1777087450513888
-1.092610021507632,0.2812375077929376,-1.0954166203760514
-1.0922062059181217,0.5468886935537884,-1.1214500791483921
-1.0923846100595043,0.45933963376321046,-1.1483867804679295
-1.0923507941824162,0.42116995984069655,-1.0975578227325518
-1.0889821881285944,1.462146201195472,-1.1525916149782003
-1.1002710331986243,-2.0201809391519077,-1.1160015828192777
-1.0905576123522198,1.0234076254736864,-1.1521935657203843
-1.0919092631525866,0.6022665142441429,-1.175445269127557
-1.0951393336947763,-0.39989225572974424,-1.1253455825788097
-1.098432985788072,-1.1956607747402386,-1.1566614629815892
-1.0994912082406252,-1.69220571941793,-1.2160197848491574
-1.0987623350921887,-1.3713832629227263,-1.0963711915841967
-1.092797283549636,0.35244215644153415,-1.1435664420664264
-1.0943787796358244,-0.16864783475569234,-1.0178000334801198
-1.0936287749196723,0.04331037647409134,-1.1405672784354963
-1.094457508629602,-0.25670464103125973,-1.1306757570457144
-1.0988144922752183,-1.6927804800644934,-1.1351646723594275
-1.0944658401173082,-0.14858111961721368,-1.1319118511772017
-1.1004414140648553,-2.1053281616162205,-1.1874128198070921
-1.093743361869219,-0.023307525112258594,-1.0309266764652671
-1.090851844866734,0.7809937319141218,-1.1481961510400915
-1.0985041587909474,-1.3764143450247006,-1.0422363408620658
-1.0926470415918927,0.34809590760327924,-1.1014127390721806
-1.0951461950826504,-0.23253318122627667,-1.0899200501104496
-1.0947368874824739,-0.2601350091265321,-1.050587453185184
-1.098137188784807,-1.3590450069526185,-1.0848334132794795
-1.0903231296825235,0.9065177473457755,-1.103126520565756
-1.0928135538007537,0.18630855980077934,-1.1360263701533524
-1.0992532515239601,-1.6217006950764434,-0.9912328467699933
-1.0931177557892637,0.0765667077923245,-1.1624667958548216
-1.095420066017133,-0.434247346717505,-1.0569017222083033
-1.0961769573207303,-0.5738764586159738,-1.1147065604962967
-1.0982350661397735,-1.223881715276665,-1.0718055667816009
-1.0906399256023742,0.9241395661053817,-1.1760281645479684
-1.087876128674432,1.6406569401417996,-1.1317473656096506
-1.0985273844366454,-1.4236509868886744,-1.186915766727261
-1.0972182774680865,-0.9264436534115276,-1.058822931073259
-1.0955881837815389,-0.5090970602137108,-1.0621400522929783
-1.092693319255758,0.3331615875716025,-1.164166717602919
-1.0981429381664491,-1.227088866199612,-1.1207617600381874
-1.091680166113594,0.4902378337490617,-1.0798887247960827
-1.0940769104612669,-0.010539716348529161,-1.1185116643868438
-1.0945556116304334,-0.33608893959537317,-0.9936020247019385
-1.094715866550927,-0.1843998485567777,-1.1323684586206852
-1.092190920583164,0.40852480499907434,-1.0731670743792971
-1.1003404823624137,-1.9703996029766084,-1.2150750800878525
-1.0903765236414382,1.164440104843572,-1.0894909362170493
-1.0876788217170108,1.7298630429414588,-1.1651109490713614
-1.0989120588831278,-1.424542867795928,-1.044930168628373
-1.0954907424462736,-0.3001616431285235,-1.143437127265243
-1.0970776728104383,-0.9189776795188319,-1.1175382200433226
-1.0877461781962958,1.675601323125796,-1.1579468743353554
-1.095475125389366,-0.4222594592569165,-1.1487140018112891
-1.096820963105236,-0.9258527848221576,-1.072247512063204
-1.0889667620745733,1.302347910580975,-1.1136147129657679
-1.094048605263822,-0.11807817932666693,-1.1248905899992598
-1.100407283958994,-1.988819627955022,-0.9689772142752734
-1.0942346164632266,-0.15039678894943528,-1.1593621600150987
-1.0908559378508471,0.8884270430259721,-1.13704114622402
-1.0900163363482445,0.8727798535445418,-1.05936801257385
-1.089060205850325,1.3015960859913633,-1.1232276804391266
-1.09358152162172,0.04351424855083434,-1.1160151433303116
-1.0953587413562376,-0.4588111429566977,-1.0786927123094943
-1.0971620246892784,-1.0324956994011625,-1.023907481005873
-1.0955425906711564,-0.46507392726400887,-1.070079544524387
-1.0917274546037337,0.656564095012366,-1.1680715158811583
-1.0899245845068222,0.9760351889815777,-1.1055586901618644
-1.094562998325673,-0.31569630707653157,-1.077254299073251
-1.091950337215891,0.5607308609831265,-1.1130618536567032
-1.0983475335055695,-1.4783738454669293,-1.1069929041251165
-1.1003266497580142,-1.9303951927553427,-1.2030359172757434
-1.092108217640602,0.5111056216732096,-1.2101503954340664
-1.0988228253010346,-1.6576752329644786,-1.1465569533761006
-1.0904484406681687,0.9061736375975189,-1.0723545554745262
-1.0934802335359797,0.08395162250653393,-1.1121882031663881
-1.0867102881652064,2.170696142327095,-1.2359418460953595
-1.09757146621957,-0.9620406739119958,-1.0549624994396964
-1.093039063963141,0.17164818386480868,-1.041521769903097
-1.093289254851276,0.17194298465758717,-1.2012804494991103
-1.095931659200518,-0.6392933445289548,-1.0507149011829007
-1.0934990866321148,-0.005036285919255365,-1.0817634897944786
-1.0974893479444914,-0.9028465647408456,-1.104386591278771
-1.09917915016135,-1.4644397322644889,-1.1098957293385097
-1.091960524508619,0.45784816315235616,-1.1194959216321287
-1.0950029189316262,-0.1954805902369544,-1.0816056500770792
-1.0911572108934195,0.7819735267810346,-1.1399025447717526
-1.0968637064640945,-0.9944426382019466,-1.2280214133334006
-1.0969649870874778,-1.0723454242883006,-1.065794727451894
-1.0942588727520735,-0.17628555574988322,-1.1995766590857515
-1.0919222039634255,0.36762781750836887,-1.0413911499214636
-1.0923460876922022,0.44062826089553986,-1.1255601069200991
-1.0990820625369901,-1.5710185851268765,-1.0816444799701797
-1.0896446247400027,1.1223645075675328,-1.1077451147897626
-1.1008903649595512,-1.9817821626840884,-1.1393806490924483
-1.0880004304756474,1.7813926362263837,-1.1479811800240673
-1.0952589955337169,-0.43492812650022555,-1.1255511987921871
-1.0877778235459614,1.6758419137880411,-1.1657155455627322
-1.095417006434779,-0.4606005950103732,-1.1877048125771696
-1.097548923610642,-1.1430197726253175,-1.0249736224847863
-1.0941767637676083,-0.07783904924160995,-1.1662007598401163
-1.0927128794190077,0.15265530814023337,-1.0267094310851186
-1.0951880317122096,-0.4535291561344386,-1.122405056361331
-1.0977071005300705,-1.299432138928224,-1.107410418303708
-1.0936690283787183,0.07878854716750568,-1.0969679654909927
-1.0994065707221334,-1.7109639464430964,-1.1520274521619691
-1.0984231381894758,-1.2855973688114724,-1.211022575360976
-1.0951360651911008,-0.3055988834336683,-1.119855337127218
-1.0889615379729451,1.4646848714467848,-1.1610138832778434
-1.091855263565129,0.6027972826693434,-1.133834252788956
-1.0877048638470137,1.5886930077488985,-1.1352146484066696
-1.0912617235974171,0.7631450464778613,-1.1526078164685292
-1.0943075019036261,-0.14955355028255582,-1.058003968910615
-1.0967703440145502,-0.9261210589771284,-1.0323980876373295
-1.0924719201512136,0.4323346157016426,-1.1538597670893025
-1.0935323093674945,0.010516195329279996,-1.0979212909153016
-1.0949640634701678,-0.38520595531621193,-1.1425401414947878
-1.0936510160362087,0.044726593935444495,-1.0436248394125118
-1.089612023214995,1.1237757621884124,-1.068555577944598
-1.089941205380365,1.048272856221258,-1.1281627418827507
-1.098341917977108,-1.3737197262286536,-1.2029433305227881
-1.0943884184237438,-0.17062736951161178,-1.135978090700414
-1.0948375249397422,-0.3649877701063606,-1.1768313527422039
-1.1000599379693077,-1.8071191134978177,-1.0359820234245376
-1.0995895105072269,-1.7002206471956605,-0.9945695336657436
-1.0894568249111356,1.1033978219605367,-1.1342025710851686
-1.0897357459256956,1.227628317598189,-1.154307552833666
-1.0925640308496538,0.4058432675729391,-1.1945659045303687
-1.0926309875664577,0.20266032766627598,-1.1099489252676686
-1.0990245476999283,-1.5835958696290469,-1.055647396210831
-1.0961167988718121,-0.6042003264138001,-1.106242452754797
-1.090951100331865,0.656811421142907,-1.08031691736944
-1.0993243920017528,-1.5581164096838727,-1.0184486665310732
-1.0953200685213849,-0.4087370383308804,-1.1165010517445166
-1.0929753112093017,0.20862636562240672,-1.1169325844640539
-1.0981553029070734,-1.3552184226951864,-1.0890978732751402
-1.0907116104206316,0.88813422965908,-1.1511735293320444
-1.1004970373744243,-1.7877290408119786,-1.1415380558164105
-1.0969379311424947,-0.891655591881727,-1.0614140150527087
-1.0883751977864193,1.4471262628125248,-1.0648073095571866
-1.0974186531075476,-1.0153742026208412,-1.0813383165728756
-1.0924506831894327,0.4416098618746323,-1.1449338745802629
-1.0969932470177417,-0.8537412120432325,-1.0881659071100274
-1.0929292019200245,0.2977274806108335,-1.166664826565508
-1.0935907763935309,0.1177285128179795,-1.178200416039056
-1.0934709346606115,0.0961662761096216,-1.126001549511839
-1.0986752599937473,-1.4445196104402722,-1.1041883103953056
-1.0940606487406184,0.007445897041051174,-1.1338677560430102
-1.0900824811579004,1.0863992122827468,-1.1008568909259773
-1.08996052431762,1.0121159706387932,-1.1184880580883152
-1.1006413138997375,-2.0915231008773496,-1.1628550520850935
-1.0979569777716205,-1.2457452139540166,-1.200342313018809
-1.0912763545808815,0.6947520479397538,-1.0820860086707196
-1.091848030368705,0.5302821207091665,-1.1408192346202846
-1.0932002120992086,0.24411029602083378,-1.1603978893821498
-1.0850601422418544,2.412362867912109,-1.160825013850962
-1.0906513127359094,0.9048323972614013,-1.1698436057287303
-1.0997983211179236,-1.8931884169345918,-1.1959788130057412
-1.0911354381680087,0.6746986032173804,-1.0717884189325135
-1.094257381955281,0.0106519051497578,-1.1591953481369588
-1.0866766707010451,2.122105367021403,-1.2195752865051595
-1.0887072669875746,1.3926054368806562,-1.1105184459995343
-1.0989110174463959,-1.7293408349809123,-1.0903432878880674
-1.0934311195893593,0.22608486392674307,-1.1559612488075932
-1.0904499717106961,0.9601125910452211,-1.1488986111917683
-1.0989645454379458,-1.743517639447086,-1.0957318145972523
-1.0924024451583312,0.4030594318832867,-1.2011539303808236
-1.0905549085575066,0.8675491172212576,-1.0988046017235076
-1.0949146030418448,-0.23831716263862093,-1.1237803487440603
-1.0950339323979232,-0.3463728436117237,-1.1297249491125128
-1.095610048526292,-0.529901012016813,-1.0843651533213305
-1.0923032616503014,0.4946388586224189,-1.1488007362896662
-1.093586916409557,0.010397379867402752,-1.1846738671262318
-1.096693116571505,-0.7787840705534824,-1.1094901538359665
-1.0923665172219654,0.5138135605984183,-1.159976967996224
-1.0905315016294812,0.9959364744078547,-1.1737173436874684
-1.099735849084344,-1.8734623579820613,-1.189420569985604
-1.0919826529507364,0.38329896996455615,-1.1248214981200204
-1.0903235157006146,1.0317669579299125,-1.1428806770534017
-1.0965459941745759,-0.9066658402943012,-1.2095837312232698
-1.0934195962239537,0.1539199993525887,-1.151481087652084
-1.095416084216864,-0.4771411344162343,-1.106506103742986
-1.0952885825480088,-0.39505566343308907,-1.1084952016543492
-1.0960674943853972,-0.5998345558179639,-1.048106765779934
-1.0914347703407787,0.7254581842018336,-1.0988719318973834
-1.0866731267119194,2.159108522918272,-1.2465812171711865
-1.0992097827501255,-1.5555471436507684,-1.0319774032816316
-1.0891165493549264,1.141275305225807,-1.0736834998145153
-1.0994357527057974,-1.675114409899911,-1.0813538957831812
-1.0969236444753194,-0.7768248283369829,-1.1178765850601096
-1.0946203972500317,-0.19105523871549748,-1.0663694142924982
-1.091019138249234,0.8520819554249216,-1.149715367820547
-1.091928914493142,0.38366204783302393,-1.1144172986480176
-1.0960858085424614,-0.7097075491720318,-1.190007619689886
-1.0959274214980412,-0.7425473691404099,-1.0547629029174115
-1.0911556588453215,0.7812309928611391,-1.1419368743429505
-1.0911930027691996,0.7984348377365358,-1.180395975591892
-1.092707722208757,0.3326469676490233,-1.1722433828066519
-1.097454599825893,-1.08983680452494,-1.1146594456234757
-1.0911026761262572,0.7289327202899596,-1.0806107242300877
-1.0925082888909066,0.2581612494959277,-1.1155465309316672
-1.091983995758894,0.5320177365230843,-1.127275402565135
-1.0889468471771977,1.3898650814527844,-1.091849952187549
-1.091562685855119,0.6057668076763064,-1.0542776479589735
-1.0969605694028683,-0.781377618807223,-1.103455403810221
-1.0971881880595586,-0.9270080864811556,-1.0170506292028665
-1.0900237138609836,1.1378010204142126,-1.193525646933228
-1.0902981415275261,1.0498984280596124,-1.1742925217600937
-1.0915899591305027,0.49106724304891375,-1.1609260844580402
-1.0899617278310063,1.194301677935566,-1.1537291334489175
-1.0847527764944065,2.374453413709156,-1.1519380163700632
-1.0968292360588963,-1.0438251757606585,-1.180070416805899
-1.0880424508668387,1.572585464374147,-1.0720191663826621
-1.0953088313026234,-0.3648654495008801,-1.1116446481208602
-1.099665611833085,-1.8153724749216855,-1.1188437148297183
-1.0983040115094447,-1.2847468791197056,-0.9805177699242964
-1.094348282783172,-0.04610660791189438,-1.0502494163851899
-1.0912875977013832,0.7632176321016602,-1.1756979322284475
-1.0997296926418842,-1.8328450632684161,-1.1254500855970802
-1.0978623452462257,-1.240396982720549,-1.0675108602855714
-1.090635021216115,0.8728167902897229,-1.108170179229694
-1.0981408498938459,-1.2519715403939524,-1.0842079868573196
-1.0920855018409872,0.5141108660942519,-1.105104673679977
-1.0974713907715343,-0.9356569877966073,-1.1006527971421338
-1.0994751289800104,-1.622742433847837,-1.0227543058030815
-1.0951356877255833,-0.3490311410001675,-1.0946053338599604
-1.0984470588896684,-1.3188333154946195,-1.0441809443936725
-1.0909869445524298,0.6927212245204315,-1.134860769115136
-1.0987696640226887,-1.3368809658078051,-1.0376616091078694
-1.0974862438885664,-1.1606582177383538,-1.1889119690047885
-1.0950849318771894,-0.32119400426338085,-1.1068590352513348
-1.0916902696260697,0.5308638652278092,-1.0549746760067606
-1.0966578898678996,-0.8308581763832588,-1.1574000527801425
-1.0892337916362593,1.3529682338806095,-1.2167251221685067
-1.0906409396977848,0.9777496060305895,-1.158231188255379
-1.0975445748509938,-1.2304253739506068,-0.9687525423326183
-1.0879202688076475,1.6611032557282788,-1.087241375160997
-1.0940646807023364,-0.09445549632383958,-1.0562595458016115
-1.0967001703231412,-0.8105862466126553,-1.1198520662429643
-1.0923043686892626,0.4772440399197846,-1.1194654282702927
-1.0974522830620796,-1.1541320902994272,-1.2011291231256767
-1.0955753017503496,-0.40880839552165554,-1.152145950111517
-1.0934217956685746,0.11898035718165624,-1.140599084452001
-1.0936977962550316,0.10244814360222206,-1.1165790275578542
-1.0963987006796905,-0.833713952535059,-1.2223140210083732
-1.0850805810274882,2.510453069595072,-1.2091723900843538
-1.0909636251991632,0.8348043323181551,-1.1894826350318064
-1.0848840433409321,2.5005123368782716,-1.16951284810677
-1.099260435140526,-1.7591469919356693,-1.1482747705416239
-1.0937978076025778,0.08254419741329183,-1.143555233040325
-1.0947062639840404,-0.18550592435375923,-1.160118042704247
-1.090038524383597,1.121432194863767,-1.1932743510427068
-1.0943325581872667,-0.18381426952098318,-1.0741084002223318
-1.0883851003245706,1.4612611872025172,-1.0467968439508717
-1.0882460182852207,1.6232803335569148,-1.1257732185392604
-1.0938463711859814,0.039792132311393315,-1.1679726899880267
-1.0908283516765533,0.8009113219942845,-1.0828864621729881
-1.096199911373583,-0.8857809391962524,-1.1437493832048435
-1.0891672382860706,1.2835255671810752,-1.1131994541899437
-1.0928027318916103,0.10226147693413958,-1.1364201579217748
-1.0943864890189707,-0.17721709017292128,-1.0076113557536868
-1.0943301232606377,-0.09491886555292048,-1.145790838505538
-1.0913253188154788,0.6725466819393707,-1.1102888035151213
-1.0959260342602202,-0.6670615955842515,-1.0934671708034358
-1.0939541072068657,0.012139251647583919,-1.1338150913204716
-1.0984071351952596,-1.5125735080563023,-1.1455292168497384
-1.0918911285356625,0.5477185780933991,-1.1364034707529849
-1.091092789041168,0.7101050887774221,-1.13438995857633
-1.0988094787713805,-1.4188260521583294,-1.0932128176209135
-1.0943337484021887,-0.20166745695104502,-1.0768127572710542
-1.0908526418647655,0.8307306247112995,-1.2083813630193554
-1.0922139800969903,0.31068446125569277,-1.092262782080512
-1.0910099538974165,0.8150575737610524,-1.1815609010971115
-1.0924005104784371,0.4052379666093161,-1.209590912098141
-1.0953638194468447,-0.44228825312817943,-1.0412751469524164
-1.0885670596398,1.337323536075315,-1.1108897975121068
-1.0987381052794098,-1.611113221730249,-1.0887784652387515
-1.0906796920901778,0.9234610370844822,-1.144374599258856
-1.0918340317449278,0.47587764777231495,-1.110566844691762
-1.0916777652507235,0.5937036066504331,-1.1049462708833744
-1.092380432242498,0.40486222039257824,-1.151948477679869
-1.0917433059159183,0.6740859341162204,-1.1748001863905595
-1.0898080292765309,1.0851326134496309,-1.1634292355968485
-1.097364300622794,-0.976612521167676,-1.196450315891136
-1.0960437659923854,-0.6566534183384518,-1.1799012097041413
-1.0943500989044377,-0.09787570612549577,-1.2302383795627738
-1.0937685939229655,-0.1015502337659209,-1.1998506248033995
-1.091902272167641,0.5301890427665131,-1.1811860459896035
-1.0929423502574935,0.23892839206192365,-1.0774397071072253
-1.0994103252606664,-1.801981504821907,-1.0883492384623534
-1.089441576512409,1.1777089339215632,-1.091942140338529
-1.0936678076795363,-0.0053683355911765705,-1.106951328766265
-1.085660408256149,2.2491878589160303,-1.1818846523378779
-1.0941317687197603,-0.152834563815625,-1.0444401475945921
-1.087356811112888,1.8225933063058632,-1.0766915463890685
-1.0902817647494512,0.9611312413467571,-1.1353415484197076
-1.0994224060960307,-1.815717371887975,-1.1482335469407323
-1.0962834878144976,-0.9381177414919283,-1.1494891073022213
-1.0893762985378204,1.3513473965282894,-1.219713820097575
-1.0934157256300245,0.17195062540312725,-1.1531799808164542
-1.0943777277272364,-0.06400061228363882,-1.0840227911197529
-1.0947297270488852,-0.42413473489169873,-1.1398410698880412
-1.091197827554148,0.7952196352854989,-1.1077724509315467
-1.091650344044466,0.6555443775009926,-1.124805309213919
-1.0994499424431174,-1.6367694838157056,-1.0495193771982863
-1.0912264202272768,0.762333561572649,-1.1897520203952725
-1.088334719977386,1.5340676292707776,-1.133833940924128
-1.0879903600357432,1.624441705727323,-1.0987841129549354
-1.0911154153491074,0.7298541632884913,-1.1229312280360095
-1.097439005803504,-1.1325850095964958,-1.0684625022747833
-1.0955571771896606,-0.3845643891066039,-1.1488125310382498
-1.094903968326603,-0.3729217359548608,-1.2428508450395062
-1.0942902341777743,-0.18372489925425076,-1.0650134180789441
-1.0933483848430212,0.11736678230957273,-1.2058775931792258
-1.0931912423998327,0.15502701787783718,-1.171798227041194
-1.0857867173858473,2.1732395527211343,-1.1213236021397466
-1.0929339588100124,0.24272374905218072,-1.2269412324806122
-1.0922187280145783,0.3865191671728053,-1.2042965681964546
-1.0913086545754564,0.6883569012753171,-1.056402432300586
-1.0918946640204703,0.31724861255585257,-1.0329172438802339
-1.0976517838089765,-1.1927378096955923,-1.0450697566194889
-1.09738868377273,-1.0147777342884514,-1.1005981448693123
-1.0902139411274747,0.9429526065707623,-1.1037407557154215
-1.1009311721400667,-1.9971574747448781,-1.0019850783720199
-1.0918513841988404,0.5147743194708226,-1.0329053298428792
-1.0858001147973857,2.2153888626670253,-1.1582465659964445
-1.09667020930789,-0.7825653873442635,-1.071673530288465
-1.0949863874539942,-0.2392211310172374,-1.113935726298456
-1.0912071797147154,0.7813247840116782,-1.1921579501468271
-1.0939630248389856,-0.09663659816864091,-1.1531036357991635
-1.097882085691718,-1.1921554287273817,-1.1733491432579952
-1.0965764965203835,-0.7490440535297621,-1.1418129427184176
-1.0897735479636992,1.0319064795823059,-1.05101580084449
-1.091486991179518,0.6899214613214129,-1.0915210575323293
-1.0899572928463517,1.173006459213475,-1.2344171999607592
-1.0856012623447726,2.2868585865960385,-1.0915551906959673
-1.0958490947914294,-0.5483580522733872,-1.1053104602210972
-1.0937610569836858,0.046735939212760355,-1.1702352587234564
-1.090859297747161,0.8529991683485363,-1.1766351606339946
-1.0971814987280744,-1.107262812538872,-0.9677961298562363
-1.0894569210444922,1.3361852424971243,-1.1456997246582004
-1.0920768863161083,0.4339981789791866,-1.2029604298303538
-1.0911978657236256,0.780413711299881,-1.1506760546877162
-1.0907146288350005,0.8876197269697083,-1.1734057443502173
-1.0950263571279346,-0.34546114006958084,-1.1070295355020001
-1.0979654245020845,-1.2476725751578637,-1.217550541077717
-1.086396323657109,2.140769722569554,-1.1984976046754863
-1.0892445247917866,1.2994619003472216,-1.1125626132268944
-1.091454945681395,0.6732073866141508,-1.17331002223447
-1.0934694313143327,0.08188529622940309,-1.1860127971654695
-1.0887944244016543,1.4624626388230475,-1.1475440956312981
-1.093624861030694,0.046306715758779364,-1.1355999267453882
-1.0935890543632178,-0.0032343824104888817,-1.0799208646108955
-1.0895001913080782,1.0844995553250958,-1.0346482319126848
-1.0971972682844215,-1.0079497844455,-1.0252069302803803
-1.0937848589224402,-0.09992551471201128,-1.207005740589289
-1.0907192050717356,0.908068425499407,-1.1223010921532384
-1.0977912993949939,-1.2821721671135575,-1.1700716415478676
-1.0984378662716756,-1.3556780734000484,-0.9978317303396391
-1.092755248361421,0.40069013965271316,-1.1832550776333477
-1.0954858450346692,-0.4246222391681485,-1.106620510613991
-1.0925512376361868,0.406287572199911,-1.1345021830086084
-1.0956557757967584,-0.4713064823681573,-1.1332339469390438
-1.0914162562784793,0.7800205297736597,-1.1767683911430906
-1.0861962526554043,2.054522997372596,-1.1243769197705606
-1.0958521219975126,-0.7764079760139897,-1.1265109762981205
-1.0909008781217133,0.8895284998325447,-1.1371619414439076
-1.0945433215628655,-0.11479618668233539,-1.1256258096595013
-1.091196350797566,0.7295036725438633,-1.0908894652666186
-1.0922165149463743,0.5488801866503799,-1.143501172996999
-1.0985017496700893,-1.5640756176856045,-1.124212370956336
-1.096371776690002,-0.7944282001558689,-1.0947695979981846
-1.0960923771041502,-0.6330962104327744,-1.1125894682034747
-1.091537552407334,0.6197731283354441,-1.196644500464376
-1.1003003108527807,-1.9153341768706147,-1.169886485755081
-1.0936395463817048,0.03795488847730059,-1.1543017912640159
-1.0912287083559333,0.7807253448689685,-1.1435127956351128
-1.0931199462907022,0.190153804255691,-1.1982059493727721
-1.0973247508329773,-0.9776549377370117,-1.1166828430553992
-1.091735754904747,0.674305936459568,-1.1233501925663327
-1.0913870785033142,0.7808436938279727,-1.1566087560034708
-1.0908107730834264,0.8196347522412757,-1.0873433301099693
-1.0898928906624221,1.0854341961525824,-1.1461629975089354
-1.0947216151728323,-0.13568600858024457,-1.1671510357846906
-1.09787352563416,-1.170043341862711,-1.1709389496749096
-1.0888007873817018,1.3303995046472132,-1.1691889296636107
-1.0913807771618131,0.6929948905469522,-1.0805844124663213
-1.090116857260824,0.9261643042688196,-1.0700293029900647
-1.0909289125839208,0.815703118353991,-1.0864120396156594
-1.0972413598045223,-0.9230484626529898,-1.187864900474609
-1.088220431561068,1.4787668617303131,-1.1716923605627014
-1.099500322738056,-1.7683827475815097,-1.107064875212555
-1.094240333653876,-0.16997831796572607,-1.1833000530639755
-1.0933503311872175,0.08349655589140646,-1.1105736068852212
-1.0974709096596988,-1.06841107313113,-1.1291997320284466
-1.088289675894014,1.5173201541624732,-1.085043145614313
-1.097160516927148,-0.9034789622881854,-1.122064316923785
-1.096946939379987,-0.9209550165291439,-1.0810775762990033
-1.0971520116241391,-1.0895718697857668,-1.1325167109323013
-1.0962766856705146,-0.7488619220269103,-1.05220878900982
-1.0990779634543912,-1.4314592867009177,-1.1399868459583884
-1.0963532315358624,-0.631681143575545,-1.1223708190633097
-1.0855708315057244,2.3024972037832665,-1.1979669222644524
-1.0863977456911418,2.035946272341305,-1.1559900255298319
-1.0965968437510263,-0.902780442206733,-1.1484427729845463
-1.0922635169298982,0.5469485857542908,-1.1802143247674222
-1.0901064172560393,1.121375624419626,-1.1615859378461648
-1.095298947704868,-0.42700832215459417,-1.0505077487440901
-1.0901252779498232,0.997696063310748,-1.0896446215521223
-1.096944348933438,-0.9070713115053768,-1.1877191972473289
-1.0925731895295252,0.49441248855793263,-1.1755148128048951
-1.085604981524407,2.085211250303561,-1.105865708754173
-1.0977662393744743,-1.1213038961726738,-1.1233934854928245
-1.091233804779796,0.7633782186817969,-1.1629972336213115
-1.0988469009651485,-1.472634946055245,-1.044670275167653
-1.0919398963800493,0.5116014843373738,-1.191787121675842
-1.0976327534083656,-1.033085005882187,-1.151821647626867
-1.0963058535487282,-0.9925881257351803,-1.124025966604683
-1.0963357209716316,-0.6746901216570126,-1.0916220916547468
-1.0960691128665125,-0.7397339765052966,-1.145310846769382
-1.0901145557654521,1.082667797726384,-1.1431849738471032
-1.0918856493211173,0.6013643319302896,-1.1972822208589295
-1.08820661390707,1.550144066697295,-1.1426552834025663
-1.0973772844739333,-0.9671487623742232,-1.1451468880060318
-1.0934457916535336,0.11750605009376747,-1.1582239359439424
-1.0969850583020648,-1.0629289454234676,-1.160865307587773
-1.0958096516796476,-0.6713479972926855,-1.0187818827706803
-1.0892739963819453,1.2281261178935203,-1.1803258239473868
-1.0947426361183938,-0.25741729913116723,-1.1945078491163978
-1.0935978635124168,-0.09369719424470697,-1.008146414146357
-1.0903491460849466,1.0311845131727022,-1.131067670906517
-1.1003875265746816,-1.8912164784541274,-1.0005835990574885
-1.0962959529583693,-0.7612774133024793,-1.108664568058946
-1.0910897932167827,0.8173672274966519,-1.1435801852471916
-1.0940893300986214,-0.11536299181748773,-1.1817905188675564
-1.0980835667094522,-1.194380414349794,-1.0334746283065304
-1.086168071724457,2.069264800897069,-1.2179532764825747
-1.0957172522660936,-0.47011236528228334,-1.0953212453963044
-1.0964221170927086,-0.7478290807029313,-1.0376696117102409
-1.0943369324939007,-0.06520651552836673,-1.0870189680296232
-1.0941611307999668,0.012331689610045823,-1.1269078979467935
-1.0918720976708558,0.6028552433353074,-1.1588088752472914
-1.09775958275489,-1.0336625441358254,-1.1143031900236582
-1.0973028889870076,-1.132524724202406,-1.1513182171593397
-1.0989082693042094,-1.526791643455343,-1.1060352433180394
-1.0921704722669565,0.40657602226311945,-1.079333940366313
-1.0925498067164279,0.2807347595398683,-1.0963754071948322
-1.0912012121727226,0.6935937148602143,-1.0510415965234177
-1.0951698879961747,-0.47699453454086593,-1.2053471559162832
-1.0960064721827727,-0.5481276762927705,-1.0949321650496415
-1.0898286642226211,1.0684691164589706,-1.107012743257171
-1.0905589021655338,1.0135131445272993,-1.1508068459484524
-1.092962852298309,0.33445773952814106,-1.1285455218720093
-1.095434284929438,-0.5122960184169413,-1.1225024754692001
-1.0867915565604198,1.8753312738407057,-1.1662322981182478
-1.0884988267989772,1.478857337336542,-1.160569511704914
-1.0870616466769099,1.9101007722346341,-1.1249843469835599
-1.090723960522523,0.8700784714324329,-1.191720362734198
-1.0947365500766695,-0.2957275916291188,-1.1126713497001917
-1.0946455854773904,-0.29239581520940966,-1.1046658288584963
-1.0949833599460985,-0.40419888934487297,-1.1515249997939843
-1.0953962714765166,-0.5126413351773407,-1.20832243532011
-1.0909140616764308,0.8362980318227932,-1.0857144319379006
-1.0960846215625855,-0.7050185960022929,-1.0439955852039435
-1.097737082401856,-1.1937069070698374,-0.984008081560723
-1.0996398564446426,-1.7568609078130515,-1.1635700421689301
-1.0963149679718793,-0.6616950817899224,-1.0296947961335365
-1.096780669309213,-0.9045207140275582,-1.0528593735988427
-1.096995252358528,-0.8648547551407352,-1.112529288649045
-1.0987312869309345,-1.4260080702388471,-1.1022635788127124
-1.090444081710315,1.0128621161033298,-1.160752646517044
-1.08468124252889,2.459686049525654,-1.2548211107903329
-1.0902935909216058,0.9798717313600359,-1.0762733344164241
-1.093670756175976,0.10112231467146682,-1.1469502193705716
-1.1004992883687832,-2.0576735454054513,-1.1207684492938574
-1.0959674303631906,-0.7113134717500343,-1.12027425122003
-1.0912625421552895,0.7813051969752767,-1.1570726902676622
-1.0850807113725276,2.4303136466128197,-1.1209959039222963
-1.1007531503318053,-2.022363220965423,-1.1320739992177098
-1.0884928056598,1.499950630547836,-1.0965452285268804
-1.0910513513674662,0.7830951940186931,-1.1253535503353815
-1.0925775780841518,0.3326691597074533,-1.189132366090692
-1.094379981493954,-0.30747713836573615,-1.0708948727547494
-1.0965288073496673,-0.9651165230509761,-1.206575241652043
-1.0935361574281184,0.04470270446904487,-1.1183958131451184
-1.0991617621334788,-1.6433798085215894,-1.123710813112412
-1.0968488780971164,-1.0450953732914494,-1.1464431799389398
-1.0913707397249037,0.7980596871111866,-1.1849786087851093
-1.0997025376668055,-1.6051371904578493,-1.0487299482563115
-1.0952652377848178,-0.47691602690529655,-1.153135377628793
-1.0943099957101647,-0.1319729134424799,-1.0271142078401803
-1.0949809435037257,-0.3542304088727386,-0.9611852599043353
-1.0982385909361676,-1.340552755850923,-1.1901350917287528
-1.0899466608485857,1.1561353464564659,-1.1727777936694963
-1.0923108393432228,0.4576733595394421,-1.178296288824946
-1.0948986706220045,-0.2449093416736114,-1.1033454727935144
-1.0859880135518951,2.2158197754639457,-1.1372527901664569
-1.0981108976920295,-1.3159860981187947,-1.172964666653378
-1.0937543817049242,-0.047618792992123404,-1.2380239063928062
-1.0935068389053806,-0.11347270254366362,-1.151764705205412
-1.086923331538809,1.8527351550398317,-1.0486857560686547
-1.0987296715083736,-1.4658673150754293,-1.023977020882156
-1.0983296868087762,-1.1615488739218853,-1.080475086544931
-1.0897754810566587,1.2256898162977725,-1.189382572212643
-1.092049335704862,0.5300082455498705,-1.201762982823739
-1.0987491850393931,-1.4275827646542272,-1.0780827904132233
-1.0957847703643755,-0.6940462273338092,-1.2401119549603281
-1.0966946072318013,-0.8714454776570146,-1.2275960772725758
-1.0908589265039383,0.8002740747202224,-1.1114252683093722
-1.0946478385053124,-0.22573624267044098,-1.110896822759374
-1.0919356849464137,0.2605734634179997,-0.977497838560945
-1.0951437671212463,-0.4725745991868559,-1.0325320183310867
-1.0984574537278118,-1.4182891460890115,-1.0563100637249647
-1.1000202090856823,-1.8238451138387288,-1.1446667018400374
-1.0991457512766913,-1.7307415938018764,-1.170123345649829
-1.0959040989219795,-0.39010976209519727,-1.1415452064884137
-1.091229882255091,0.7784046034902065,-1.1340913359545184
-1.0954059236322626,-0.4260829335545194,-1.075187329601851
-1.0924337656284528,0.5266651897492864,-1.1923234574446622
-1.0945237658627254,-0.20710760618701007,-1.1321494222713666
-1.0937319669263044,-0.02553569864882506,-1.2089492986119437
-1.0986581025334405,-1.5687045882767463,-1.0774308884261496
-1.0919765672258541,0.3551852889918165,-1.0728673954580192
-1.0923267133747718,0.4055756690887944,-1.095876385434499
-1.091548213341097,0.5082370031642182,-1.0633504719773277
-1.0962520591697398,-0.744383718709243,-1.1033822925486052
-1.0897021166619856,1.1924297289997627,-1.1828115082865938
-1.0946102113265015,-0.06557434908995313,-1.1140360552084019
-1.0919559664817575,0.2946431716666023,-1.1386770136624866
-1.0930214961872389,0.20834255402514726,-1.1647535716608663
-1.100550051580058,-1.9120758010448657,-1.049932767083062
-1.091166233116984,0.7281576799210548,-1.126501964275732
-1.0953432015227875,-0.38720819136479606,-1.1535783022168538
-1.090139074456769,1.0155846520285294,-1.105468475685918
-1.0870170324064965,1.8538538319446576,-1.1249847266886877
-1.0984998125630323,-1.442951738748597,-1.0563823913244994
-1.0967600289797672,-0.866055703116719,-1.1200201499372244
-1.0890503021722266,1.3203884978109621,-1.1109073037569397
-1.0911467985872747,0.8889821903024591,-1.1511758154491594
-1.0852433331067388,2.4295639006064014,-1.131933885320066
-1.0994539068216724,-1.7417400413039568,-1.1026730265985358
-1.098461584686782,-1.4607606718407111,-1.1764323290037801
-1.0904374359319164,0.854272873928515,-1.0983695851023987
-1.0963406491720813,-0.7771967431544446,-1.0310939002066577
-1.093926972711496,-0.0986767172528118,-1.2228013103217943
-1.0954666041323022,-0.74144244240883,-1.1218133815995297
-1.09272534150336,0.27038546353431814,-1.0729967763665433
-1.0896246911856582,0.9647991304317308,-1.0619174554893847
-1.0946762515530941,-0.2373169659104433,-1.0773104993345117
-1.0969051122787876,-1.0671750413141827,-1.1517755975529573
-1.0977898129975636,-1.3419886825034362,-1.088342871591857
-1.0898887948543585,0.980644648126146,-1.1597043187871294
-1.0888310562824444,1.3899715316921197,-1.1501943748417542
-1.0967741413744767,-0.9295276741609053,-1.0101310210429966
-1.0924486432746836,0.4766499158716274,-1.1405799357054789
-1.0973040442811004,-0.8897535637319718,-1.0676931896987683
-1.0906961258508754,0.9609057621047459,-1.162141116326868
-1.093305473241185,0.18471596344118774,-1.1526968726494153
-1.0961762366230814,-0.8685754739257954,-1.0975063091680182
-1.0938028624252967,-0.06273084901288697,-1.0922122228113709
-1.0940846236369772,-0.24251076639889455,-1.1545782726712335
-1.0950998729161152,-0.3133411104511374,-1.199415389124693
-1.0947596870800338,-0.3275025763294816,-1.1105353269986462
-1.0967304763683217,-0.7857069230345956,-1.0313418871675128
-1.0952137940611963,-0.4357581576824563,-1.0823398921084442
-1.0951633196683586,-0.32881706081542605,-1.1041487603866083
-1.0943245244886355,-0.22011983262370355,-1.1726303184776852
-1.0966517256974964,-0.8828885721841881,-1.153302213884392
-1.0946670408080357,-0.40018379626255846,-1.148042291718808
-1.0969344901310711,-0.8840487621083932,-1.0345902687647692
-1.090835766979669,0.7257386840247763,-1.0604352606100744
-1.0947384471005654,-0.16691397949873066,-1.1556150654628892
-1.0897791866810516,1.152096574432482,-1.1605531013873103
-1.0956892590920932,-0.5143472974789587,-1.1049885461647078
-1.0923595164476134,0.3885959374883518,-1.0726274795481114
-1.0896775756657695,1.1942767917634733,-1.1191079889174673
-1.0981453842025877,-1.2462826489489207,-1.022523021230852
-1.0869475604805643,1.7966974506376987,-1.1325521193281536
-1.0906268629444018,0.9423662684505847,-1.1358014751508883
-1.0922745813477306,0.3443783526936269,-1.1675763030310764
-1.0967112034357012,-0.7827045824255626,-1.0716517632069433
-1.0932346902758687,0.1536884885337935,-1.133015116775667
-1.0998193375350536,-1.882081090639213,-1.1291018992669735
-1.0926000751709035,0.36989526789478516,-1.1444388844284328
-1.0911653486421524,0.6756947720367069,-1.094116396224812
-1.0900560892938078,1.1016697095346828,-1.2104140776929735
-1.089243967300343,1.0503355402158299,-1.1035819812831233
-1.0943402196032377,-0.22517706960757045,-1.0469697427739961
-1.093336385982057,0.1908457740955809,-1.1654465167833108
-1.0983875172500557,-1.421957147636906,-1.0305797099843066
-1.0912882255186676,0.7803728609988727,-1.1558990342400532
-1.0984048594214995,-1.4808864606254497,-1.2158401793962146
-1.0917501788113857,0.599938634193824,-1.1120549259291008
-1.092379716142041,0.2778022929209923,-1.1143531656103287
-1.0960868304656548,-0.6331020146287162,-1.1230038561471354
-1.091883086697769,0.6213490899436466,-1.1077326260988083
-1.09661366909512,-0.783322068685712,-1.0956688457003505
-1.0945064307927133,-0.17310874472314317,-1.1810520835515348
-1.0938729346393363,0.04688197530851155,-1.152866249897679
-1.0964171960294284,-0.8325887654914419,-1.1187714903129524
-1.0901350715556837,0.9017993747437432,-1.1620167192139341
-1.0893376299088524,1.2469825985858811,-1.1185563326222263
-1.1003969615140905,-2.0844872146863276,-1.1158615390763535
-1.0911760755082407,0.6513870683156643,-1.077744398023599
-1.0937684828089476,-0.13436160393322655,-1.1445026697327338
-1.0962409974302294,-0.6139671785752389,-1.1056341995094745
-1.0968098262166948,-0.9180115530400703,-1.0864181655395508
-1.0984310780991484,-1.3565353235175714,-1.0056019645779342
-1.0942189383511727,-0.13421315693983868,-1.1207937508446346
-1.0883540413630377,1.5156189562156888,-1.1332810393114183
-1.0988844613863353,-1.3378554725132519,-1.1144317475698966
-1.0964044146437348,-0.780700013448559,-1.2196720796100364
-1.0958656845316523,-0.6791055339202401,-1.2645259865735667
-1.0914183305224583,0.7433574407920124,-1.1943185332448343
-1.0961149220535262,-0.779133938324128,-1.0607248798299171
-1.0965792046793106,-0.9770615512262985,-1.1785213477409595
-1.0909524972966156,0.6885362205211005,-1.1779570761295022
-1.0955988296251953,-0.6136697335063241,-1.1180267122821053
-1.0923780698235668,0.5133622051528577,-1.1479659207806896
-1.0961398631529795,-0.6152002641497385,-1.0822289266118184
-1.0934416525867112,0.17292587936674164,-1.123254094744267
-1.0990315906772734,-1.8053162003796817,-1.1460923946854864
-1.089486891992067,1.1772477992355248,-1.0605877006452487
-1.0947553558392622,-0.16621385887208018,-1.1224130383662456
-1.0900995014923018,1.1393655049561697,-1.1489221786373354
-1.087189541324344,1.7442605793473591,-1.108184068826088
-1.0944810507946732,-0.20362446551704955,-1.073652396397141
-1.0936921658580634,0.08401897131459181,-1.1031397205274256
-1.0942393847416876,-0.18367791621865703,-1.0572527815650647
-1.0917641350024865,0.5668066678016022,-1.1571389737733377
-1.0933264830725864,0.11530566317206598,-1.2203355138562997
-1.0955137173422413,-0.4942515458095351,-1.048715627487949
-1.097126304384573,-1.0177410436610148,-1.1216545749274902
-1.0966671677170474,-0.7603623694217686,-1.18868446314532
-1.098218461441362,-1.1738744204653158,-1.1725938251964838
-1.0943646302440473,-0.24384938917805452,-1.0522754383510584
-1.0849737170251261,2.4464517583891094,-1.1786034669967609
-1.0939884759884766,-0.06023255174872156,-1.1532318678744764
-1.0965057785174006,-0.845582239755482,-1.0692340289593474
-1.0982199456388733,-1.3542082255609074,-1.1401264067957502
-1.0955404748800008,-0.615378018155427,-1.109042119011963
-1.0883838678787874,1.5152472753631405,-1.1675002891959698
-1.0957541330912777,-0.5280086973294451,-1.0899230718845874
-1.0919271118005918,0.6030389405907595,-1.1511557637848833
-1.0977288852217821,-1.1063010104010096,-1.039602768656817
-1.095358963119797,-0.4253950500388965,-1.0934265829311856
-1.0987156771423199,-1.3735649980666091,-1.0444696654139396
-1.090390256189513,0.9959116888804682,-1.1974117842165963
-1.0882141033500776,1.5170162654438661,-1.1434679177178897
-1.0927783667405266,0.29761255363389116,-1.1581705516536194
-1.0936512905731877,0.04713170677608183,-1.1487728650938054
-1.0939714403611052,0.004193120994559808,-1.100841248402562
-1.0906529115470158,0.7424335548324476,-1.1731692038718533
-1.0989748753585822,-1.6398973290490417,-1.1963272103112685
-1.0947620387319719,-0.4009827412020058,-1.19435634928552
-1.0948478848174852,-0.35004237910347247,-1.226219558537205
-1.0927372797106782,0.36996825582991644,-1.1404558105110778
-1.0917928318129384,0.5688867984280673,-1.087047611028592
-1.0884222816819082,1.4427552264503618,-1.1674872768568805
-1.0943598190710553,-0.07815787244809293,-1.1657522300835883
-1.095989440311245,-0.6855400572423112,-1.0371269477319531
-1.0904846620164441,0.9063380887558514,-1.0574032124509356
-1.0959544999768436,-0.6919084190593363,-0.9859866442649897
-1.09221961897362,0.4578281824289663,-1.193803761770939
-1.0946460578842603,-0.27627659999204485,-1.2329247814130204
-1.0966810373929998,-0.7540515378483326,-1.0743406618622737
-1.0900894914324277,1.028887005137096,-1.1591127503478018
-1.0953274353271392,-0.5864602020825451,-1.1672020903634153
-1.1002395411105743,-1.9025398299309189,-1.054432879461219
-1.0902645807015972,1.0678278766105682,-1.1550433599432584
-1.0870621336311017,1.7677767737366512,-1.1520065974368128
-1.0978717977392811,-1.173482165324416,-1.0582405457882176
-1.097138924384223,-0.9064133357437015,-1.1414824752421293
-1.1005507196214528,-1.9037825678208107,-1.0885823437961382
-1.0957550897898536,-0.5305091128687699,-1.1595354232051631
-1.0891654110140254,1.3174575760447966,-1.1394841347848883
-1.0936314540114014,0.012362225647171,-1.0615942018106235
-1.0931409318532743,0.24547279525093021,-1.1238846713399289
-1.0947072995942098,-0.24223941330411275,-1.0609436858863408
-1.0900606697544704,1.2005779476100862,-1.2010756183118834
-1.0925733480814839,0.027329502177687464,-1.129084208028571
-1.0901544181529885,1.1032979236213807,-1.1915734675068808
-1.0941926621139637,-0.11690601180034157,-1.1264266913087413
-1.0934041337376144,0.047704710132762965,-1.1803644538003413
-1.0994270245073765,-1.7802668908562507,-1.1608461856458434
-1.0906681428527338,0.8528868720295356,-1.1287428863746345
-1.0958280706741488,-0.5997107331815801,-1.2164578879659764
-1.0930621835722572,0.2089470004033851,-1.1776038662133574
-1.0998755878772308,-1.8601904673550107,-1.169614002773947
-1.0913639717811623,0.8148755346903135,-1.1523746816125056
-1.0909077228826376,0.849068881740501,-1.0872416994482632
-1.0932657718620147,0.15015592489541507,-1.1552560334147646
-1.0978456845454885,-1.1419056226422595,-1.1114633375009286
-1.0968633145535878,-0.8338071477501362,-1.064378506983654
-1.0897096900682235,1.3515488398525803,-1.1808839171421426
-1.0960710324393752,-0.6333545327252788,-1.168054967670804
-1.0990725706875422,-1.585059427634874,-1.2136052282242142
-1.0921406497715176,0.40797311799758645,-1.1402231754249221
-1.0913353900882738,0.7748485580980412,-1.1615282223231973
-1.0916179181201724,0.690514775383924,-1.1517034482051087
-1.0981445555446439,-1.3829180713435896,-1.062938110602897
-1.0911891474342157,0.8011457769735448,-1.1442743467932694
-1.096691190870344,-0.7100819172145714,-1.1293326869345715
-1.0977588981695054,-1.283610083418918,-1.2032928749689833
-1.096971235454947,-0.9195725322523328,-1.1787646700990284
-1.0907846007884456,0.8181488221653729,-1.1428820950158278
-1.0970758868395807,-1.025932631077996,-1.0972407116450404
-1.0901469073447252,0.8368946789897933,-1.0539378863322255
-1.0919771699072691,0.23076584912462378,-0.9972464815287305
-1.0930746515616976,0.24576150672314231,-1.1423731977924372
-1.0867856981044808,1.9616810109889362,-1.1464037510182283
-1.1003468917146542,-1.9799068039417707,-1.1098719241781145
-1.0881169072844756,1.6930391344748263,-1.1662554939797247
-1.0954798338605543,-0.43469702732234916,-1.127569505430396
-1.0882149666670107,1.69463128296479,-1.1765941228880834
-1.0890370726239307,1.3700303151851514,-1.206006457202503
-1.090476610060262,0.9589933165575226,-1.2179600510382085
-1.1001838073817398,-1.8306166860589652,-1.0780031157430525
-1.0970912444191196,-0.9402929789017498,-1.1408935918352172
-1.0979900447695694,-1.2093379040855428,-1.1386605052090617
-1.0982057757073893,-1.388516329494379,-1.0359815658414513
-1.0949485143782063,-0.41711168116674086,-1.0880192714360744
-1.0922810169476778,0.4789652582100584,-1.143114733487473
-1.0948549615750807,-0.31379549577779153,-1.107623978081312
-1.0924555220731778,0.35360788375463525,-1.0830159557796821
-1.0870939654450462,1.925924320222773,-1.1711006503531993
-1.096215593550583,-0.650689682616704,-1.1258146710737276
-1.0901239279812627,1.0649707926538632,-1.2170272060279173
-1.0938730451904888,-0.06300265161529835,-1.1255869736986173
-1.0897471243862984,1.2287780553987777,-1.1553937651817623
-1.094019724848569,-0.040548093545732695,-1.077842011184056
-1.099555837683243,-1.7613556145023854,-1.0735471397590974
-1.096099357469706,-0.6522141014665112,-1.097503556933563
-1.0896136665775364,1.0664323972795708,-1.1270717424165664
-1.085307993179885,2.373368587941073,-1.182206922859183
-1.0986152872520059,-1.3869074746738543,-1.0668526106160199
-1.0889261639452563,1.4781942037124327,-1.1615439348314855
-1.0925820886871258,0.42328274458273163,-1.1219509839511643
-1.0911828003508715,0.6906750947719222,-1.1330402845938505
-1.0971270859410902,-1.0084113478860186,-1.1155769211879945
-1.0913215348460659,0.7098501074856971,-1.0890979765826523
-1.0966901751491047,-0.8120319221633614,-1.1509281072968296
-1.0950584069034297,-0.36652789759611687,-1.1469235024172726
-1.0920982934397212,0.4420014393474566,-1.0686294248120067
-1.0923770695442219,0.46070927896424785,-1.1295047143301713
-1.0874317336296015,1.8731101069616023,-1.1372939539283247
-1.0956565485872258,-0.7047692744236601,-1.138071932006035
-1.0941535192787926,-0.23908089329475846,-1.0980005075779158
-1.0958785866922673,-0.5960457017175281,-1.0840265255187882
-1.0945144853842503,-0.1840894103799355,-1.1279237594788123
-1.0963708408470183,-0.703619396619988,-1.1100825073102296
-1.0993918669237435,-1.7417516706172427,-1.0605330499910495
-1.0942292781048264,-0.16464139382015763,-1.088634008143589
-1.0955550135194434,-0.45231260295871756,-1.107328208225519
-1.096237086387599,-0.6678819286276914,-1.0918083720987541
-1.0959153831505377,-0.5782786682316226,-1.1204260425794632
-1.0932869150971336,0.11692365341689233,-1.1990150026243982
-1.0967618074038545,-0.8459541993004569,-1.0789528779100812
-1.0945996471438333,-0.2050661141191768,-1.163026341871527
-1.0957558552505844,-0.5450890108581143,-1.1096994095485768
-1.0971565020863938,-0.9174563191975545,-1.1011965646735151
-1.085276943292809,2.358748099584743,-1.1339569093778963
-1.0874005842077819,1.801751019779987,-1.1277797651072794
-1.0964366413140687,-0.7027505675751335,-1.1150801703907052
-1.0895977295494246,1.2104123464002448,-1.1836155478776176
-1.0969842713900926,-0.9365813634966074,-1.090934169176831
-1.0941389491204156,-0.24002117160081923,-1.086355408016555
-1.0947317020160474,-0.32693898081035294,-1.080318213477705
-1.0963483211098937,-0.7381858879735644,-1.0651378829767042
-1.0930600207371899,0.2931288651481176,-1.1446107174057083
-1.0935450366534143,0.11696692577164745,-1.1128365625363017
-1.0869715564013265,1.9263920005511217,-1.1912376518687486
-1.0934552993029405,-0.004802731800216443,-1.0848911640104697
-1.091654530070221,0.5792414837859478,-1.1921867166048046
-1.0935038910841945,0.10365498610875093,-1.1099169312357253
-1.095985666717051,-0.7212941076173992,-1.0771863004987225
-1.090004286962691,1.1728197629079575,-1.1794778999608917
-1.0950660361865618,-0.32731444693731626,-1.1073660393377291
-1.0882918172121103,1.5851408381871053,-1.1942653646826111
-1.0883166612540947,1.6393830034199932,-1.204754689630473
-1.0934964545550867,0.012655814595261815,-1.1152625097997988
-1.0960157534396786,-0.618378731384103,-1.1149094084361917
-1.0969287330461417,-0.9556547479656979,-1.0435025276090881
-1.0980515940969435,-1.2394288353451997,-1.0939107394921876
-1.085330002326686,2.3948512107097066,-1.126130289447646
-1.0893135810501695,1.3179687382393763,-1.200142982230246
-1.0898582597456286,1.175453678319457,-1.144237318931551
-1.0875006647263834,1.8383538523132072,-1.1176534826328053
-1.098134350871276,-1.3003563378174958,-1.0925341098744366
-1.0977771716973015,-1.150482492411857,-1.1291087724327609
-1.0939844727008217,0.012131651800793253,-1.1354244950716983
-1.0925849265767005,0.38672602089434366,-1.1909335973786983
-1.0898568554359087,1.192614493763789,-1.1613713281769662
-1.093046282469973,0.26242070571258064,-1.142780922396145
-1.094167523009569,-0.1838938051814363,-1.114376529971409
-1.089926218355901,0.9268702343924675,-1.1162551823363
-1.0933879308720473,0.04946480595033693,-1.0996955644734063
-1.0871266364881607,1.909015122622242,-1.1330021266870547
-1.0951164272548728,-0.41597918953373997,-1.0643965242057478
-1.0997793858992733,-1.7445476758979932,-1.095347387521931
-1.0946487217514762,-0.2916295003650327,-1.0602906843910531
-1.094277356004824,-0.09553783980096718,-1.1046481231829661
-1.0963776139423638,-0.6675008965340594,-1.104019396349865
-1.0856221862282918,2.1929495964759074,-1.0878668355896401
-1.0983227511908304,-1.2996622145037362,-1.1291287569854087
-1.0894630059836716,1.1400840774731447,-1.077175321351354
-1.0898314028801694,1.0508410920089304,-1.1000466271866982
-1.0927880585406955,0.2754126726785414,-1.1335729947017612
-1.0963347825081258,-0.7041109568927529,-1.0448529247647018
-1.0893723265793058,1.3169937665079734,-1.1775901368794965
-1.0961403274318755,-0.581988840308779,-1.1158819583222592
-1.094124052645183,-0.04107532803617436,-1.1087767913673336
-1.0853051070125208,2.3921132231061133,-1.1516157657423385
-1.0964994745814989,-0.7412365007435335,-1.1116197747919896
-1.096350728333994,-0.7552261792221463,-1.056652271161206
-1.0844757159464609,2.481732080434799,-1.1631907518538436
-1.0893747497888244,1.2656165025259376,-1.1229527933683698
-1.0961662501358564,-0.6740547576580959,-1.1194889633602427
-1.0943363768839112,-0.16855239495601504,-1.1331735106753373
-1.0920808126317123,0.5821320036838578,-1.078189959096758
-1.0950029896459952,-0.2959997341633505,-1.2079941790427458
-1.09468908048462,-0.22032500799213708,-1.0980527423872062
-1.0933968724550314,-0.004759190516465704,-1.0808604770874215
-1.10023729776373,-1.8535403875774157,-1.0768514325515108
-1.0855264387034878,2.338243349073578,-1.1792914226167746
-1.09844196315534,-1.3711649518275442,-1.1153264942075207
-1.0849368289972263,2.374318458824835,-1.1689488883514163
-1.092339356433275,0.47810757706043217,-1.1516776838587732
-1.0979956354071572,-1.2056606968443235,-1.140061029849834
-1.0845294307700506,2.538167795069704,-1.1371827252789999
-1.090593898283542,0.9419694600543982,-1.1509852168725643
-1.0945038807483325,-0.36587937549453126,-1.1855047443310014
-1.0868649716327197,2.0161806379433482,-1.146340479908933
-1.0918455887934828,0.5867481750111251,-1.1188957454580872
-1.0935431120795864,0.031246422038167642,-1.0914830312225259
-1.0905703598040637,0.9534082532763616,-1.134274330556313
-1.0941853233709808,-0.11235666215602252,-1.094009572857466
-1.0937664130495695,0.10169561691555211,-1.1196908260662737
-1.094974295511153,-0.3831825670963975,-1.2046587553458885
-1.0854230138608454,2.4798311961994615,-1.237598882460333
-1.0948762360081863,-0.2955764672762657,-1.182604777835178
-1.0922153035023476,0.2613901699014059,-1.0460532255916057
-1.0867298502821032,1.9974754172694167,-1.202740037012563
-1.0978041877482736,-1.1000861447510197,-1.1283705990885708
-1.0900152007104937,1.1017231242137313,-1.1922657730340456
-1.095699344590236,-0.5070172973924169,-1.1389917721827256
-1.0953178278692641,-0.3837232014600614,-1.1140801815921688
-1.1006364014280285,-2.032139029251493,-1.0767796013649775
-1.0869001906785056,1.9984604739997576,-1.1144847284484312
-1.0966474052938302,-0.8102425649614542,-1.0754440381211006
-1.0941205553837785,-0.022083292582172235,-1.0926731312845437
-1.0964882807548224,-0.8291364870542965,-1.166773828745726
-1.0970323344053778,-0.900333391753626,-1.057786882987038
-1.0950833582786306,-0.31166549049559067,-1.1432602224085644
-1.0913254801626735,0.707967364892335,-1.1785425979975823
-1.0936982729946505,0.04563913753063993,-1.118792030938341
-1.0961656831344568,-0.685683737564989,-1.0905762311974032
-1.0946515217249781,-0.34438176684458044,-1.0787348942004165
-1.0940380148177975,-0.13506824785537175,-1.128551148229143
-1.0953804543254249,-0.40025194600819464,-1.133455735340175
-1.097084190499297,-0.941278728207193,-1.106647252687331
-1.0910903847787923,0.7296597290367653,-1.1070047721989904
-1.0941773753247348,-0.0772222468544339,-1.1259161804920608
-1.0929237746159477,0.27942568318350763,-1.1588994251595184
-1.084157506146402,2.557537057051474,-1.0951658498733938
-1.0914944658073638,0.5659107968868111,-1.0665917854514486
-1.0846954948546959,2.4827598692118786,-1.168204810246053
-1.0893700206167645,1.3702234498621142,-1.166118280108152
-1.0981904090730206,-1.2226097504932418,-1.1112464055881854
-1.097875091000943,-1.192470786084793,-1.1086703816382464
-1.0877269837960433,1.6355136696913573,-1.0649491574916248
-1.0920168645745187,0.4912172592167249,-1.1279140565841168
-1.0931570052484172,0.13373067099806107,-1.1329064687592505
-1.092961225373079,0.2609355557786371,-1.1648582890139882
-1.0859293437669955,2.3028694736991806,-1.1786010557339182
-1.0924397300308193,0.38645672226586375,-1.1432998705779838
-1.0964243796120041,-0.7218734642665837,-1.09939187205488
-1.0909193365062737,0.7614201800173784,-1.1153912454310548
-1.0934305164651257,0.1212385733566823,-1.088837837115804
-1.0889159315520835,1.4419407313885941,-1.2325114182942252
-1.0935665989791037,0.0621193432908884,-1.0788780357597614
-1.0912461073402149,0.8146042213223919,-1.1432922334934097
-1.0962586556090899,-0.6713746491752535,-1.1353816301227084
-1.0869770081796113,1.9626277573644395,-1.1547219077280888
-1.0926056987669703,0.2913034412545168,-1.1417073494695726
-1.0895869004229217,1.300566864867187,-1.167691852933041
-1.0903715033164982,0.9752248221607522,-1.185722916306358
-1.0947843247878744,-0.256882519926994,-1.1564929377779165
-1.0891107976372159,1.3697497995786339,-1.1945220782567483
-1.0929238482783807,0.26459615692562183,-1.0909568716302507
-1.094491348784513,-0.04663169700974399,-1.164908977941217
-1.0958787556245135,-0.584328228082084,-1.1309793550232108
-1.0960456507291763,-0.6327949170849473,-1.1213668640896404
-1.0912895356339636,0.6526747930911257,-1.105063669719415
-1.0930075513282402,0.22414855698629924,-1.1379485668755036
-1.100443890938842,-1.9443900293738599,-1.1059654059884945
-1.0982324288855776,-1.2987900653142848,-1.0806578541545901
-1.092846424088408,0.1901388753570978,-1.1099272568513507
-1.0914789006955183,0.6215317105930639,-1.1454030431888962
-1.0966109851988879,-0.8817617276254509,-1.0497071257929602
-1.0925227496527061,0.47362346820397105,-1.1895992062500889
-1.1001189998733196,-1.871295253682678,-1.0654415429589397
-1.0935367913140563,0.08327670124990239,-1.1412544742361492
-1.089492054952444,1.2451967029277233,-1.2168438485834403
-1.0947383583925647,-0.21964469232766987,-1.1072272029398547
-1.0965341861352502,-0.757983960088808,-1.1671949730799918
-1.088739376586596,1.44188596861506,-1.2364701401174225
-1.0869800464848238,1.9806515982019999,-1.1238044056994683
-1.0940497050644797,-0.1300096142459719,-1.0521088868861836
-1.0898201168614792,1.2118318103609014,-1.1386189729716352
-1.0949789572895043,-0.27739373916507165,-1.1832273661908494
-1.0969967415477733,-0.9007622452068599,-1.1568476468591031
-1.0964296074814839,-0.7043683910913404,-1.1074734022561998
-1.0886435981196434,1.3932390237342849,-1.0895471547488915
-1.0904883846940903,0.9271581647839175,-1.1232708762320076
-1.0920985560467753,0.4425191869855106,-1.074761465105868
-1.0145500702564303,-0.031103156152483075,0.31693961234939316
-1.0120347919029282,0.7984541515231625,0.281439366802433
-1.0101189500964287,1.4966420768407085,0.2794341631465855
-1.0143104621318713,0.3506848450414572,0.30185443857931404
-1.0116595192850006,0.9417792538195439,0.28980414229374746
-1.0211541157151425,-1.7613769801076402,0.34460654692021864
-1.0118253544638545,0.8296588380645277,0.32534314968163464
-1.0137635255356892,0.3189057361292511,0.30706204814021654
-1.0113180936516846,1.102936360048031,0.24834136630445383
-1.014378123156885,0.18924190077720937,0.2764233641803075
-1.0127491586675867,0.5994586278105225,0.19905253242835963
-1.0102205053313935,1.3189297370167308,0.33248327776809067
-1.0191809900932716,-1.3121957538382363,0.3332781743496018
-1.0185782159956518,-1.1044744439628227,0.266500127205993
-1.0143859645443616,0.04636093907397953,0.305005267761523
-1.0185874354379647,-1.2665931578958791,0.37847904139279803
-1.0136009678574247,0.34941268356991373,0.2987875818630122
-1.0202994427586005,-1.5034932015348186,0.4304366246895483
-1.0187720366069104,-1.084344655022815,0.3704447031367457
-1.019517881489803,-1.4031939011895171,0.35543872985799807
-1.014987893052791,0.09091046066806217,0.3733140551691486
-1.0211832638850151,-1.8611879129837399,0.3941901845854791
-1.013622649151432,0.3333009867907699,0.3257198925425046
-1.0146622859479462,0.09863024467746778,0.2732459095399158
-1.0144675042427844,0.013956349647767999,0.3605739992585125
-1.017494716191466,-0.8673359233714802,0.20562400186017116
-1.008158366770277,1.92621114403794,0.2887809922650753
-1.0196329700573052,-1.3918215103746558,0.37866027173455985
-1.0203646912853233,-1.4822231656873912,0.3189551198916353
-1.0182069566976848,-0.9838958419964575,0.38360697305336716
-1.0153996384514532,-0.012861013566470703,0.2639679567212937
-1.0198983322902484,-1.4099402635337968,0.27559116286240154
-1.0139553317165957,0.13700398903104244,0.28558544464251656
-1.011301613663646,0.9551470750523189,0.39253150654080343
-1.0081695690245918,1.8854569865788087,0.3230942048655117
-1.0119237036085225,0.9072653231546712,0.309060029337597
-1.0166982869156902,-0.4724924351963738,0.23552963438812025
-1.0142404478053226,0.2772581895285965,0.26262499775985326
-1.0160312840515773,-0.2586722597782626,0.25422851305542754
-1.0142053988021194,0.2585854507627202,0.2957571720416179
-1.0139879796558624,0.20328692251731106,0.2164541422154015
-1.0114614516114764,1.0571404071245472,0.26051925225337746
-1.0089706552945845,1.6426544529653184,0.3511371821764474
-1.0169003224056683,-0.4634761354631046,0.32709745887764385
-1.0197493762955163,-1.288409996197727,0.32815229020586417
-1.0159743649770063,-0.29979703745798947,0.25769712890032603
-1.0117018259827852,0.9415873695670508,0.27805929658579326
-1.0095255971688555,1.4780304021098887,0.23647184177629796
-1.0156167801607079,-0.25724505044124174,0.2887107812195789
-1.0139191491769592,0.20866811508822197,0.341124031109953
-1.0148934472383115,0.10961844923809744,0.2509548392003144
-1.0127358470621957,0.6182417111168337,0.21098930417712783
-1.012425362059959,0.4984979497065856,0.3986910686108076
-1.020894657619213,-1.8431736076736287,0.3053666172964755
-1.0170408865923175,-0.6060721452823296,0.13891531042262217
-1.0181626581988106,-0.8003635229399604,0.32362219865769404
-1.0137627120441626,0.14841669558955478,0.2754897812668501
-1.0208600169767974,-1.9090323587049587,0.3914838280064334
-1.013935751705161,0.31456509525302606,0.24835729337857346
-1.0152239383881796,-0.2779523617385007,0.319253599297839
-1.0151729736759108,-0.008285639679517955,0.34734174713826027
-1.0138496249291424,0.36781041960185645,0.25339037878678744
-1.013731799486874,0.3515549264525792,0.2840650547286364
-1.017786969480569,-0.7477050396371892,0.2368257665701201
-1.0070112358735213,2.2845878094076997,0.293216283280687
-1.012119985177994,0.8871524653943227,0.21808949229097033
-1.0141247869599175,0.23958795718149853,0.326250071835214
-1.0216046677720665,-1.93851557865578,0.3350603759723458
-1.0169760078274164,-0.5681962982028858,0.2652326489482687
-1.0204872891696495,-1.5725108010320556,0.4131338054449654
-1.0100877050382735,1.335513483573748,0.32735212735182306
-1.015255576714623,0.02789187083527252,0.30481910323604794
-1.011907763247896,0.9718023089929444,0.2114850252705669
-1.014486661473887,0.02388321148954851,0.22745176735810144
-1.0166407001923508,-0.5081505396439753,0.32006422557526554
-1.0182307447625685,-0.9808457900771833,0.22224346140335097
-1.013298828107534,0.47561406967549136,0.24701131768795156
-1.013440676981692,0.45823512721836174,0.2738619481476536
-1.0213586607581937,-1.8748004350430472,0.3991545946886905
-1.0101908821176406,1.4612172134855337,0.26200206119441427
-1.0171972608833886,-0.691115643987511,0.2312281838348606
-1.0191158190380738,-1.209521798212596,0.361003402735177
-1.0118216359295724,0.9052840487870705,0.23511884436649094
-1.0138419017972458,0.3682274058696202,0.23185252271846
-1.0215104369805608,-1.7865864385093417,0.36919181449436284
-1.0169580605676172,-0.4469599166758488,0.28036176418051073
-1.0187385173794956,-1.0274360830128573,0.3145874238180404
-1.0180236092227575,-0.884004535218491,0.28907986470660774
-1.0095690282097007,1.5141793020914844,0.2621364914002894
-1.0160832189279827,-0.23957529497107508,0.286756803426328
-1.0110308428129997,1.1390948406458827,0.27172942716067744
-1.0167551581927594,-0.4364460894875769,0.286143514633762
-1.0140166485278916,0.17442401377192518,0.34477981769459426
-1.0157391479367521,-0.18483824957843153,0.29508821796109913
-1.016580557074638,-0.5989454611610348,0.20285732947709603
-1.0111751818009354,1.0839261433170109,0.2580056117432365
-1.019867147307466,-1.5454163943700714,0.35380467391720916
-1.0155900362264478,-0.08235613585278355,0.370683119370608
-1.0085825129209347,1.763539403901656,0.22922646139556727
-1.0157596474137838,-0.18916907422519075,0.31481727810827953
-1.0151668039198116,-0.1302276957167236,0.3224142938683842
-1.0161487050828344,-0.29366070711092473,0.28956132216727654
-1.0215205221574934,-2.0369255100492683,0.19995884454669502
-1.0174446473791368,-0.6409617440365818,0.23704189584096877
-1.0170227878527007,-0.5993272995388333,0.36160392290539467
-1.0086823653422188,1.7652392474103624,0.30732010408232036
-1.01809430505552,-0.9915412368106467,0.28482085449779576
-1.013328819266624,0.42102252111704086,0.22218952636579709
-1.0136613423945628,0.45044943480267036,0.31194274741364025
-1.0177870459194465,-0.8854346316707703,0.3097540349776967
-1.0162848701968397,-0.3283110210496015,0.32065426106487643
-1.0113296734558526,1.065663607940442,0.2349884343915874
-1.0165065029828888,-0.5444712121527486,0.3039142509247611
-1.0213609931131378,-1.928711322741157,0.3155637774663175
-1.014560033396377,0.13635232801237523,0.21529956107478176
-1.0168989090005722,-0.6205527196944566,0.31387784047820844
-1.0144987381704549,0.0532029977097165,0.29482753901467706
-1.016802351797923,-0.4903365683177719,0.28069641226181763
-1.009947363263544,1.4079968921011383,0.3197307595001852
-1.0156960062510876,-0.1138228529703937,0.30835278662000554
-1.0147962642258646,-0.0259403035007835,0.3230842848266887
-1.0081382926639486,1.7978972528488804,0.31609791263734566
-1.007273846858985,2.2132429218187406,0.266877391041481
-1.0178844401187304,-0.9787652723553978,0.22986132780205457
-1.0147353103701497,-0.006663713648804064,0.33382222589998534
-1.0169293293135926,-0.4542317278192386,0.30198081307184693
-1.0201736775806203,-1.3896827449234699,0.35447200818166924
-1.0213452858503982,-1.804504631978957,0.42823149432469204
-1.0122353936160267,0.703893934260854,0.36043990046141916
-1.0151687486771903,0.028535919632608372,0.2656266693881318
-1.015407117515593,-0.15202759627389495,0.2911877606678474
-1.0153606618250914,-0.15235905943001612,0.39980340904703177
-1.0081217425857871,1.908401651069813,0.3044479673663235
-1.0068243330383344,2.2860468740827216,0.21023881500450173
-1.021175234704582,-2.0160078648241404,0.2728340245732812
-1.0153665459215375,-0.048429152046884354,0.27667929587966755
-1.0194503906139074,-1.3189520334924532,0.37608211642625
-1.010134288370402,1.246093930592762,0.3366830146713825
-1.0120705884839698,0.7801301721815503,0.32626529804839177
-1.0131418292520047,0.5489730662503334,0.28497178740977386
-1.015736249016937,-0.1516637225933066,0.28628385931354955
-1.0144913186478965,0.1197506870826461,0.27922683874092225
-1.0092794385735964,1.655808398969136,0.20424231067490772
-1.0062586253186634,2.4101722883880154,0.2727927972192808
-1.014296528197225,0.1416460898038417,0.3003637622392174
-1.0154181363782357,-0.1883602488049114,0.32019467851935873
-1.0171408275304006,-0.6508404999139045,0.32662890546198936
-1.0160846534503285,-0.3142194717739081,0.2854042664635059
-1.0155944642726897,-0.2593453761024479,0.3470937312629576
-1.0119133295062372,0.73921088124478,0.29263930057008714
-1.0153793467542962,-0.13770032342776445,0.21470056971828952
-1.0169486561032373,-0.6425023856013763,0.2804284482204884
-1.0175866786338752,-0.7613062428065378,0.33691013728409486
-1.0156589115236017,-0.18663628649846267,0.21043641424213652
-1.0110346185953405,1.1574566915266622,0.29447531108030395
-1.0183825983996138,-0.9545725955189199,0.3594786261750485
-1.007754795885181,2.064392393108184,0.17726326792881295
-1.0091444382397394,1.6568757890145227,0.22978322421801528
-1.0146364860250234,0.05973440890019301,0.2936232330892558
-1.0207252122163493,-1.844427345768647,0.18877288852664817
-1.011473377138765,1.027083809727454,0.26113267042042504
-1.012672264267476,0.6907380887827419,0.2557094801049041
-1.0198063206149195,-1.322824122988887,0.41193194301813435
-1.0169262508781607,-0.6167689125425104,0.3161483649769038
-1.01379647746422,0.15719133723114617,0.4060803128365515
-1.014888356229719,0.012096313423193982,0.3168011766864877
-1.0131597558818772,0.47891971315105625,0.3548880499764344
-1.0122536283906307,0.8664958820910514,0.2757585339147742
-1.0137004320780036,0.3413301170281114,0.38613689305358967
-1.0150273147168587,-0.27810317812781443,0.3799543587937738
-1.0067591018247795,2.2503568176230355,0.2938795859687234
-1.018371711983933,-0.9921378442880084,0.23573569214033013
-1.0102184860762158,1.2395669562387834,0.24425385987592008
-1.0110182571287172,1.1209558436737619,0.3048995198574795
-1.0132468141449666,0.5292861750830737,0.2925048262061325
-1.0161811255308153,-0.34706673202289506,0.26640667974072024
-1.0167330415784679,-0.4936676311374453,0.20927226547094804
-1.013333752675356,0.34571900849091997,0.35603896229090165
-1.019666103200349,-1.4560731671752674,0.36079857524956194
-1.0184729397425438,-1.24601181874061,0.2668996817865001
-1.0156573271406046,-0.3416595743813222,0.33576301796131147
-1.0113326125333502,1.0134871906683023,0.26064355472811745
-1.012066327758212,0.791238795543296,0.2512186744759413
-1.0132170178362725,0.49290762389391407,0.20944812851442668
-1.0174928564035082,-0.8758726825458623,0.2834288639766335
-1.0072171094001587,2.1786599700568847,0.26520360557052264
-1.0115156928792253,1.0676732895330616,0.2702277172247651
-1.020244964093991,-1.5862075280907175,0.1946099669196296
-1.0107055714031108,1.1741912770102707,0.3048788050644604
-1.0194913574709275,-1.382697545312898,0.3808858355363406
-1.0182403225127823,-1.174242752475001,0.28342733289707933
-1.0169994742649613,-0.7586385940402849,0.3051178830994708
-1.0106957297291088,1.3174525331666236,0.2573506604769316
-1.0135465250559077,0.3513636159995579,0.29145080578483246
-1.016109129296907,-0.24046136006655447,0.3020978849424068
-1.013438786198247,0.476898992221824,0.28629351161860567
-1.0127664621982588,0.7090610937773871,0.2666617102528268
-1.0164505934455628,-0.4795593171970397,0.4332022288859684
-1.0126648064397064,0.5815552658207097,0.38633359189650046
-1.0127366941555769,0.3705258842211565,0.3764544951065217
-1.02139858349668,-1.9512266390782669,0.25167029814979697
-1.0116050447945097,1.0488967657312822,0.26233862711904155
-1.0191132645030239,-1.2099649857400236,0.376581638348864
-1.0117762038869906,0.9603876298272751,0.2977468979796828
-1.014611461354912,0.11875252275259406,0.34278527616968335
-1.0196873937479045,-1.3194547706601134,0.31783646533642895
-1.0148060519835918,0.027250684255037624,0.3215381338373597
-1.0206919769209069,-1.6590283387605045,0.4087257246142928
-1.0114240234930818,0.8901805174519937,0.3230134150286015
-1.0188362848988122,-1.1588990342256502,0.3984221328956038
-1.015470055171831,-0.07573776892538271,0.3406904268903923
-1.0095253284908212,1.5222447497043692,0.22385748389341661
-1.0195051290545598,-1.392138645618006,0.23362544723602127
-1.0127811715672819,0.709143323880426,0.24576701557086914
-1.0158049800592743,-0.18620137326518896,0.25002501917034614
-1.0138626988867312,0.31542541932701335,0.2912467283381735
-1.0160175288363948,-0.35200843626981776,0.40452057998513263
-1.0218064862541922,-2.097058759401498,0.23223119605637488
-1.0127431876434758,0.5459412861662734,0.31493370747935284
-1.0162482713910745,-0.3455731828210588,0.3209905856501046
-1.0186865322972605,-1.0519473433472746,0.31720820934044297
-1.0172260923750294,-0.5785353769853036,0.2896316030853679
-1.0115551185320366,0.9080598711171406,0.35755502347742635
-1.0159070369102454,-0.3103189159031682,0.31602856001381946
-1.0167244465838416,-0.6030943539643355,0.2027265457268882
-1.0137391912865812,0.43987195259139295,0.32298124549562296
-1.0189590325763727,-0.9632942470245387,0.2911455724623825
-1.011977213586134,0.9403816007010267,0.2933538078124983
-1.0202928167749332,-1.6990450084904358,0.30825619144708977
-1.0179784994903696,-0.6881760326964276,0.31829370639890936
-1.021700756638685,-1.9813823401151849,0.28714630026876037
-1.0216587426422736,-1.9450368214683598,0.30213929061395883
-1.0207744421225216,-1.9586772461722388,0.28810881216523565
-1.0165386191619845,-0.45573399240771467,0.34801898559098804
-1.0187125687765781,-1.04580487678459,0.24399216963250359
-1.0105404358410854,1.1927494697276375,0.3587580351336326
-1.0108625280336896,1.2606125981680416,0.2958313319886328
-1.0125079739578275,0.6516634275634439,0.3390143726618883
-1.017647827127124,-0.7956283524525583,0.27063778636100605
-1.0110238097676436,1.174913011536997,0.2740503334154978
-1.0175243146159396,-0.6861265671653486,0.36676329029512283
-1.0170935306184168,-0.5129173613144328,0.26186112861361943
-1.013001587939874,0.5485159798263618,0.28955211415781046
-1.0103941330654986,1.3519720178947008,0.231704578677347
-1.0169534542827237,-0.7114296466235257,0.2999636793396665
-1.0124712291568185,0.6530272609649761,0.27749007265536435
-1.0179499433813184,-0.7673355623870622,0.3294263390379564
-1.0164762582115336,-0.34675169768355746,0.31085159557638603
-1.0184844531888697,-0.9801844459388364,0.33197194939386726
-1.0207177357907864,-1.7165384291950496,0.3093867172599557
-1.0125217600169143,0.7603141104211193,0.28784750201748854
-1.0153980942307133,-0.2218000918816627,0.25698572316251034
-1.0150521420530092,-0.13176692716141977,0.2409877046267434
-1.012340288174836,0.8166983416993177,0.2718385381333821
-1.0099686457749688,1.4967806046518315,0.25980904253374
-1.0176272026725162,-0.7285005073049884,0.3625992403697933
-1.0138186698796743,0.36910525927644444,0.310964477619735
-1.011339514650479,0.9958318870537245,0.3078589211017965
-1.014218476608174,0.1529778090411174,0.22633013901091242
-1.013391965760206,0.37159558957102307,0.3692115923056766
-1.0161142705179653,-0.4554543097367144,0.23508981264104048
-1.0168049459580573,-0.4771852682550494,0.2756325548670804
-1.0145455465804036,0.17252340414905212,0.2837977545419757
-1.015262005229529,-0.049872513978124554,0.3160211299161116
-1.016721278091539,-0.5073901308601197,0.2676052360924325
-1.0141981920012337,0.26099769281531593,0.249512997531714
-1.0131202711436416,0.5963382439679114,0.2924447542691148
-1.0163119340188436,-0.2950160192629579,0.2855176496908825
-1.012447271078116,0.7794884100811783,0.2109467505273225
-1.021477590789776,-1.8245321509869388,0.29373165668472895
-1.018496250327281,-1.0547210099897846,0.4025079143420533
-1.0183829011904804,-0.9099609260899637,0.2779267978899602
-1.0181071613223729,-0.8297141906723687,0.286884735308849
-1.0123326724421857,0.8529608562372998,0.28565035182179294
-1.012595267837524,0.6032593548745121,0.33013137552755367
-1.0130950600708066,0.5073033638332393,0.21248852268940308
-1.0197821451993772,-1.4095207431803312,0.36317217441304084
-1.0204931752535027,-1.7864629309057798,0.32154272399157235
-1.0168291728766403,-0.40514366493011533,0.31594338585706344
-1.0110624776509953,1.155749649035895,0.2084177430374887
-1.0124473026622038,0.602593527015818,0.2552384987462742
-1.0142080368169564,0.24421790255124845,0.2873082653160353
-1.0176796771204666,-1.0317525668523506,0.3296662430176689
-1.0139094719342405,0.20371462371725507,0.3417769171043887
-1.0148236560178456,-0.22416232271513678,0.31294175250339734
-1.0086112237025004,1.8124685186864742,0.29590065945112826
-1.0171344139664815,-0.5802031890268677,0.33864053824718077
-1.013269481900122,0.2759212322232769,0.3444170575100412
-1.0144396739163968,0.1335169507980963,0.34486304498472375
-1.0171814413220377,-0.6150088587993119,0.28188752546966267
-1.0112259514059827,1.1020315124588433,0.24767266222841405
-1.0061383110046038,2.36911223882173,0.15517214921496295
-1.006483673443028,2.376440059779461,0.3021647297644596
-1.0155825728075267,-0.14863395978195448,0.3127688965723074
-1.0093251124934242,1.445161564748403,0.35809522839613955
-1.0150886517652895,0.01094406377362729,0.25060239270699425
-1.0115293190869468,0.9608774207474731,0.3203132426386549
-1.0130919445564628,0.40187431481597496,0.36096137778962506
-1.0170188216855933,-0.6166103011277939,0.26131600030223784
-1.0187011387440827,-1.05354528162035,0.4479564826659765
-1.0139220867884116,0.35068484773651065,0.25887536276806716
-1.0128936797527062,0.6149320524650445,0.2887261955011848
-1.0169051137839775,-0.49662239649192524,0.23454206386300505
-1.015173186450291,-0.08227167258408007,0.29334636527427205
-1.0137930827027692,0.35296096632293567,0.3171949423094866
-1.0141850677012152,0.35171011309696304,0.2605884064180713
-1.0208020500532895,-1.7952791403014983,0.3165646339797018
-1.012639035689465,0.7432273490514918,0.2858405797069478
-1.0171609006014215,-0.5844127765949564,0.35095990654628045
-1.0144856797115296,0.02872291984539143,0.26062030886316934
-1.0127532036219191,0.6212975273607518,0.2703600063618337
-1.0094083451862053,1.729471531968233,0.23369628624981595
-1.0132753874779323,0.4936270026047358,0.2555577971832294
-1.0209900126676754,-1.8900196287727793,0.3614879051197511
-1.0150445165687298,-0.05923222792768983,0.34876725935931613
-1.013517991481218,0.4041781743191888,0.2387430096907665
-1.0116719128377611,0.9229382842884609,0.22130467367365253
-1.0168745285139582,-0.5084302470446821,0.31685130278519813
-1.0119066490516664,0.9044090046023565,0.23428017019947173
-1.020779066369884,-1.7067610838416298,0.3647018732356575
-1.0199074148946725,-1.5833783055518242,0.25365445966965267
-1.0086364261677245,1.7118665990798096,0.2812993584755376
-1.0122097846729239,0.7977115306279947,0.23826059005562258
-1.0142974703057548,0.23808888763901176,0.28445007928054533
-1.0166728401403542,-0.4547049261846469,0.27905620685865856
-1.0143694770285083,0.2599619558477596,0.2714006848731812
-1.0140292264013986,0.2988969747767354,0.3118872030542137
-1.0180800179835097,-1.0534628729119406,0.3193523553054589
-1.0121259647394159,0.7084895725294781,0.32398125337362615
-1.0112691546409989,0.9562822278869737,0.33387211216058615
-1.013346295993118,0.5307175674779301,0.26929760428574484
-1.00683777193295,2.284045304384336,0.25569182843771415
-1.0133644195233174,0.512199946737112,0.2474730633249039
-1.0174399688200007,-0.7574747510490084,0.35417911977262234
-1.013875439099766,0.1674983040215515,0.30126992240203043
-1.0171570186073402,-0.6938586328188202,0.36326302990523407
-1.010415649961585,1.2294760209211582,0.31664979527424447
-1.0136071631157493,0.38699521377545193,0.2564352630887466
-1.0119140888398865,0.8557297273624258,0.30541218481890064
-1.0131806321275414,0.44111840458070484,0.2663204508512562
-1.019392417243002,-1.2788038547610852,0.3666417727091462
-1.0127526637368793,0.6006132185742092,0.25747103976607266
-1.017398967895899,-0.8518992860367627,0.29590228752777287
-1.00913484906837,1.5322087202244175,0.3077436039477957
-1.017563022569643,-0.7054303453805395,0.3332746993629438
-1.0196160256392488,-1.2864170619538153,0.29902559992917543
-1.0133059929084194,0.530376640329446,0.26540089831657254
-1.0135188186514574,0.4399734510157906,0.21424888040180579
-1.0139817426700672,0.3467763837889221,0.2879874369402582
-1.0108759343274634,1.08532856056796,0.29530295467172474
-1.0211331029271307,-1.7680110786395618,0.3902561283148812
-1.0065728494038355,2.301664914021108,0.23508865166520357
-1.0137998171953573,0.25990886182578865,0.3064713167356977
-1.014958502127197,-0.09486964569529599,0.3298486122523092
-1.0186269966731891,-1.3002798678273138,0.30040016184254625
-1.0169132606750209,-0.5361230286082105,0.32967016361963264
-1.0157382435942568,-0.24367361539912508,0.36609602909805145
-1.0147458729116405,0.02859120379747123,0.28194597980479014
-1.0171274275345485,-0.6531908682222269,0.38949202243253894
-1.009535294912349,1.6425441821812545,0.26832664768389825
-1.0170032279201238,-0.7280795721299476,0.2650751493239862
-1.0155497975103707,-0.25823301202983107,0.30452985437231034
-1.013005364998756,0.4929648826581942,0.2140265646409454
-1.010348318156755,1.3879541125976782,0.21942608345244083
-1.010228609110556,1.0809356345221273,0.34103759311845167
-1.0194925291763657,-1.4028637926328091,0.2999533107980844
-1.011751776651313,0.9591991453893526,0.28330873104788024
-1.0190969882053769,-1.1662723358993996,0.3080594475070046
-1.0154717097826214,-0.11650200888308605,0.24435530815012568
-1.0081264944154409,1.7500084225705559,0.30028083742517037
-1.0174051906303576,-0.5689574736818005,0.26489847360126934
-1.0159043433842703,-0.2750356798709162,0.2661446294663149
-1.0185088682215275,-0.9815864482922757,0.35609703235165446
-1.0176502536480114,-0.8290547636403495,0.37569032483579123
-1.0170015190670154,-0.5294808931082285,0.2159425500464414
-1.018672113562649,-1.25965195242518,0.29010070228679374
-1.012413790692565,0.7076103951890365,0.2084396240972865
-1.0160528120114662,-0.4412511758812896,0.23968847589025138
-1.0196126447212892,-1.4111755120693819,0.43119352434803154
-1.015560846042809,-0.18506986816295337,0.30131117204076024
-1.0161608968590825,-0.24653146554984448,0.3078904059663594
-1.009544560143042,1.6217537093247365,0.26614053393037895
-1.0137386412785572,0.27765911335144977,0.24449434600269282
-1.012873737301592,0.5479901417929732,0.28358404234335816
-1.0167448171629534,-0.39054142332468944,0.2976212656158446
-1.0148178890420356,0.09735444408040247,0.3099569746233994
-1.0141435667772802,0.1718573786748841,0.29131340495681757
-1.0065484583519606,2.37554976429631,0.2948664089736819
-1.0178904898085537,-0.7086686630743423,0.28512415446448924
-1.0114635753780892,0.960298198237647,0.32624853618400146
-1.018673033267518,-1.140937195404052,0.3833715470407214
-1.019004786537963,-1.3426228969964484,0.21941379752422294
-1.0197611340272779,-1.480163416252558,0.2490709069939564
-1.0164315145335348,-0.49339719953216993,0.37395328680791357
-1.009483544918751,1.5677600729491996,0.2589496413829585
-1.0143904820882037,0.17188845307977024,0.24570603087525406
-1.0163577618077386,-0.34657426466381747,0.2759813109200437
-1.0157824085035128,-0.2607869370528801,0.3476460157156905
-1.0104895928450888,1.1761647360251664,0.2984964879023436
-1.020814387378168,-1.7043648759250631,0.24333087316763533
-1.0135926411620781,0.47649289583873344,0.24177637245715858
-1.0111729518837005,1.1732814228124429,0.22547012400296695
-1.0214305062924784,-1.9169365110603642,0.28123322156354924
-1.0099006535834476,1.5842584114715839,0.25852140977573607
-1.012891000712491,0.6359829644014129,0.21156944319727708
-1.0135082957468804,0.47545756927038385,0.23855070611514964
-1.0142754584231584,0.09855883095964119,0.3867655387391396
-1.0173459997767247,-0.8151035147917314,0.2708617323170478
-1.0170059148234003,-0.6206280829904313,0.3352739608603594
-1.0127270185300865,0.7623401400653065,0.2357506549535719
-1.01643952109729,-0.5336715636351863,0.3160518983774124
-1.0156823190531572,-0.2927236461232185,0.27804854015620817
-1.014268138124126,0.11749929477023886,0.35610483764128026
-1.0198599250152889,-1.3746253857766375,0.22736870744875218
-1.0168421381340151,-0.49472640095988024,0.267481293507977
-1.0169530769159865,-0.5025477032542768,0.2986954913121693
-1.019267234269267,-1.2993050276299953,0.3277284063287369
-1.0201144801866724,-1.5894110166310165,0.32770704376417936
-1.0182889346900947,-1.0856101472493491,0.22768656564929463
-1.009200566586211,1.6736039257526418,0.18351397511852643
-1.01874610527214,-1.1052608542287923,0.30709664649205126
-1.0200506093694197,-1.5375344249041962,0.2163705297672141
-1.0129159019356637,0.476469542029271,0.27049008921588524
-1.0146231321320462,0.11951986769059064,0.33831047962686045
-1.0120308591624063,0.8689796972698146,0.2379259135128498
-1.0092963077092094,1.549614935284599,0.2123754770352405
-1.0170634359569777,-0.6544228212499552,0.4008493831483518
-1.0183380566943143,-0.9938972245543951,0.3392814347067832
-1.0166602475647641,-0.4184160684925024,0.2811047055575521
-1.021741207601445,-2.025713464552221,0.44545030658321977
-1.0182535268291497,-0.8736022202776045,0.3290635482770141
-1.0071583498390813,2.15295458426004,0.27487528945209655
-1.0184194106364939,-0.9029456599895941,0.31049673708799486
-1.0201944613093437,-1.445160726629057,0.3998995982641304
-1.0151620033625035,-0.025005038638081904,0.31815973507930284
-1.0191720754743925,-1.1533368482719488,0.2868412817531819
-1.0110525533917911,1.066459708186227,0.29057597080554753
-1.0168880610405735,-0.7245978862470169,0.26133828397275727
-1.0177710294203959,-0.7808572125443466,0.37836393213511466
-1.0183944084342866,-0.9736129236287141,0.2895086464511867
-1.0136443254917227,0.34539680457401756,0.27023574360980734
-1.0167516773185592,-0.5628154099258587,0.3782632495932615
-1.0168019330793316,-0.4915498005772924,0.2892383061710574
-1.0081677087982817,1.9263992082155683,0.2868279215260049
-1.0161969839819147,-0.3858219769375003,0.26755643677708707
-1.0185150126756737,-1.1767122830634287,0.3418898190351968
-1.0187133111637727,-1.196366052219364,0.26412620415592536
-1.0144208162862363,0.1011406709993512,0.35478958534000626
-1.0163182408912204,-0.40687810087693776,0.24248903001377983
-1.0168908250048772,-0.5130010562013994,0.286012423025286
-1.0088261839280048,1.8199750821993494,0.2749844184780138
-1.0128793556567994,0.54811277418442,0.25014030670723525
-1.0178220958999842,-0.8743319155187151,0.3459665422086946
-1.014120214285817,0.27890772620409954,0.24085907540050275
-1.0162923406596813,-0.5143813003780772,0.27595236405236667
-1.0171961942732137,-0.74201320448964,0.36635530915542563
-1.0142094513661128,0.22458207998897567,0.22919330264588914
-1.020843504463725,-1.8738861514747611,0.247520257354529
-1.0154277573004253,-0.10426815266634258,0.26712151170005627
-1.0111007403515977,1.0837746811548807,0.23940801286012353
-1.0127979428773517,0.6908817261633289,0.26004669649638495
-1.0128662246367979,0.618850909744077,0.24004705772497636
-1.0152425389672264,-0.028354650953589276,0.2965825798214797
-1.0120933967756365,0.7619727341128637,0.35009896488773823
-1.0211775705275536,-2.1141646504165843,0.27116301803624093
-1.011530795056068,0.7596951453562532,0.3036224064980716
-1.010293654956352,1.337754614433118,0.2814610495375102
-1.008774860177358,1.8028661581182792,0.32382697165098956
-1.017990965266463,-0.8256326439903707,0.3215614257506716
-1.0130368966746643,0.5132498214939556,0.33727271774956913
-1.0094499203941023,1.5694504072583502,0.28454758170373456
-1.0153224192608938,-0.07909820749896658,0.2640950567231889
-1.012736936833004,0.6369884734480211,0.25853915517813336
-1.0217715179557405,-1.9980163870714236,0.33012477142687857
-1.016646242515054,-0.5107777436648272,0.24497888797533682
-1.0172539903740823,-0.7214112098484053,0.3137518785628119
-1.0099032401923074,1.4410690859676412,0.2104553695216339
-1.0147295816658517,0.06045618112144063,0.3473536510380307
-1.0154044008450671,-0.13487165756070138,0.24115086659158563
-1.0196038089822423,-1.619949787224994,0.326981841264529
-1.019186886820441,-1.389990515112662,0.30937500645789107
-1.0113046895150621,0.8835144412084012,0.3161239889252727
-1.0137184905383496,0.2945350683690746,0.3401870644835708
-1.017813326775078,-0.8033321994546413,0.3194372590152204
-1.0128664769608453,0.5809993190178363,0.30333131499744287
-1.010890913901677,1.1044647554512463,0.3220093662947005
-1.0114037677592296,1.1329361475721,0.24604704797041482
-1.0084986256128388,1.757984862276022,0.35810652028969964
-1.014427933586683,0.15251995565765583,0.22034688481455966
-1.020436735604189,-1.4297993670726952,0.3950588927964094
-1.0094398084265108,1.5348090160526144,0.30773379498448844
-1.0111798202501718,1.1368309877800609,0.1956025966370133
-1.021033980709728,-1.8547231185443338,0.23267406384910386
-1.0201884569091892,-1.5973338921863662,0.383498775959008
-1.0146296686543919,0.09992855314533154,0.26870681361482074
-1.0205745430632265,-1.5758313864659688,0.3303930840085217
-1.0170475421731373,-0.6077280079234008,0.26880981657124214
-1.0170779469489224,-0.5471892836802915,0.36445728452967957
-1.0140006485326574,0.24565291913380474,0.3555698836220954
-1.005705944279226,2.428580687684169,0.2765488971882199
-1.0096171696705067,1.4243322741387117,0.2652763736949444
-1.0157125400758658,-0.20846212423225943,0.3106857732845759
-1.0152828712171942,-0.14987477088926002,0.3217275900145242
-1.015965037381839,-0.22022454335554217,0.305906269534837
-1.0067065772469097,2.2308553809943725,0.23234646272652473
-1.0163188074046305,-0.6144381009925639,0.3191539932923224
-1.0150629849937791,0.05152258988597018,0.18675490154742988
-1.0098981302182726,1.3540698499630666,0.3167885538372057
-1.0184095385504814,-1.0624614922571258,0.36762311269961023
-1.0154222357216154,-0.18464502243775646,0.3119451235247293
-1.015639586842919,-0.17598227761577181,0.3300402373026911
-1.0161473030659902,-0.40005013995533717,0.3532667977460031
-1.0210731116729486,-1.7181733645845358,0.2832441074400993
-1.0205409654218878,-1.5696644749385495,0.38748952454013336
-1.0181373403657181,-0.8214959937765061,0.33006086084514485
-1.012559060713981,0.6054495919197794,0.3561882535801959
-1.018797633750696,-1.1324591780857478,0.35912621622967983
-1.0160073532972942,-0.4374333386432566,0.3224587127040093
-1.0098458120921223,1.4981288938866508,0.2951218457977439
-1.0105074715008722,1.1737798493606557,0.3713265682257839
-1.0116104751750485,0.9778974711813389,0.25416756392711887
-1.0177389312320497,-0.6960922605437715,0.25970986235957744
-1.0139079958703325,0.19378832949156224,0.35594849574288584
-1.0193345621369676,-1.2602436987828507,0.3443122447694856
-1.011620133693197,0.8001662442908453,0.34859698572925946
-1.0124200603181706,0.6748436461912262,0.346379960053855
-1.014061405648837,0.2966792829114186,0.22973772267698017
-1.0178247481314384,-0.7575064541294138,0.32664414773727296
-1.01057365267074,1.228545048489663,0.28697919724663246
-1.0152039368198964,0.10888160387493097,0.29802251891749676
-1.0155487856751644,-0.09692854271048128,0.2735463197869865
-1.0175631771687181,-0.839386865711769,0.28801736803157824
-1.0119244745832474,0.7392378213293593,0.30982301765349735
-1.0163808404474255,-0.47385010029417574,0.3374492389589385
-1.015257075959441,-0.027611662308939664,0.3299191836624223
-1.0174429690047382,-0.7038289389616919,0.37563611917957357
-1.0190258488208337,-1.3701573766086017,0.2675518927697625
-1.018270279771582,-0.9363487936891575,0.35659649050735337
-1.0059599611912793,2.3567845246987993,0.26815340477403743
-1.008386576256939,1.836939238636288,0.2542743195663313
-1.0161594313807532,-0.3292893809886701,0.2924707593042968
-1.013796253559866,0.3683866975175979,0.25528024241076736
-1.0120208979436947,0.8341193405181763,0.26264060178872245
-1.0157293956905362,-0.2558991875338159,0.3310722500772138
-1.0163530402979177,-0.4009064106749443,0.3115879682606556
-1.0218192181106676,-2.0743426892351757,0.24764750112339143
-1.0115885874072827,0.7660694545617943,0.39479587752165857
-1.0155198246001251,-0.046316746588731444,0.3132737876563172
-1.020709403889425,-1.7868234186003387,0.37288286574603385
-1.0122060599293008,0.7061373175131628,0.31981469029292076
-1.0131069519605607,0.5280336840518907,0.32177991258708133
-1.0183030680293705,-1.0126217027175728,0.3274624551536593
-1.01284622719937,0.6862229333532458,0.3380248534374999
-1.0169556971035048,-0.4250627490894728,0.24914638371489117
-1.0163623243944853,-0.385610557754319,0.33935789643896025
-1.0162011549522516,-0.3015870960972985,0.23080001949863804
-1.0163964898055067,-0.34756822400371223,0.3156451616983741
-1.017238696724,-0.6349688501988823,0.21957926258453822
-1.016758721101736,-0.6241309434593609,0.17854305352336589
-1.009129697993594,1.5820932456032175,0.3087393085612112
-1.0117942652523348,0.819240137729679,0.3481054665406561
-1.0166718481408181,-0.5527015811497511,0.42722390244513503
-1.0136196336537715,0.38735378561625533,0.30006958364584957
-1.0181004532393438,-1.0650556094202142,0.2746995067998626
-1.0202874938021629,-1.593747489316613,0.3654376974304875
-1.0094431977858649,1.6028283210722936,0.2060987596334652
-1.0124212618857218,0.6836861198647284,0.2722189735523125
-1.0116506701297276,0.9587250139980723,0.19871744460789412
-1.012545087571612,0.7043128271186125,0.2572919075951862
-1.0196216414070438,-1.5672989297979354,0.39433137102067983
-1.008316863695553,1.871563602125954,0.27772807712432407
-1.0153719989993018,-0.22678029403617483,0.3550681834561088
-1.010731595569397,1.1938945288141836,0.3201588380197857
-1.0147546288353495,-0.2172903791213117,0.42320396760968604
-1.014239560945686,0.2608223369137763,0.24663005296790816
-1.0180746781402585,-1.1912475632814599,0.30439965152893156
-1.0171240158380082,-0.5608416596899101,0.30124984888594025
-1.0117336633540306,0.9559496319769843,0.20023691797943577
-1.0115997971575774,0.9234475605386462,0.30170184926999627
-1.0157696838641905,-0.327332956644685,0.33829092649794873
-1.0137886834942336,0.2608096256271595,0.28397715501076914
-1.0190669181678658,-1.1989268151579036,0.35389940023906585
-1.015851885725115,-0.3168947881382281,0.3449289463509576
-1.0204067738775997,-1.639146727384783,0.21278198454548078
-1.0149217223015206,-0.042402908061970265,0.27263777799938965
-1.0134566594658065,0.5115927051904263,0.2565824467750546
-1.019878134057749,-1.6768165269094544,0.3242632462419143
-1.0163155295789879,-0.4882006226236145,0.350671190744254
-1.0124322095971894,0.7614337500508053,0.24078487287916972
-1.0140069265855163,0.13631650346360646,0.3580986201034723
-1.0131068743863942,0.5843814746464456,0.3000297694086429
-1.0209860463289735,-1.862004618162468,0.3056888185455532
-1.010635097886369,1.227936778104244,0.30001637556535016
-1.0157653266583753,-0.1177486010570958,0.2639629571773368
-1.0211850184935103,-1.6963253914797165,0.3605420897616018
-1.018861876905951,-1.1038514872557483,0.21513616496947385
-1.0171958336177827,-0.5820784559426002,0.29789278388656326
-1.0126456706047828,0.6733037726975432,0.27486673269901835
-1.0160260743478446,-0.3381010756138987,0.25752893109231756
-1.0106482152955836,1.2283965219868336,0.31501902249176267
-1.0161455946791478,-0.2572285641783842,0.2755496238185313
-1.0197867999802344,-1.4240038701376934,0.23373955733359106
-1.0114925875538328,0.9006154367948388,0.2730020104110069
-1.020241827039356,-1.4680337817459799,0.35300438280363705
-1.0185010832973869,-1.019546231794239,0.3604015040952622
-1.0128044547507673,0.549452434967305,0.35619703656588897
-1.0163108614001393,-0.469408127320134,0.4460096248645644
-1.0122200747187424,0.8653020261196094,0.30164021780680406
-1.0150343036662572,-0.11137149958970081,0.35238974569681564
-1.0159394941935898,-0.2213039882907274,0.2887999776315293
-1.0091064892955688,1.722440822758139,0.19321354045764777
-1.0107106678493867,1.2086391443904414,0.186352955095866
-1.0162042043458817,-0.545399515082165,0.27853129853435904
-1.012793235298395,0.6368334142105675,0.21900388709733978
-1.0141042877754078,0.27754819201066744,0.3200096360129378
-1.009711607800978,1.30128261561761,0.2790023226601125
-1.0102214150809368,1.3191006263492655,0.32507543602887445
-1.0089438400972834,1.6697267959133437,0.23343921372416335
-1.0212342757967259,-1.9619743661194795,0.262482738000455
-1.0102178326373408,1.185393918646834,0.16933488471169605
-1.0059655350917676,2.3944218765917737,0.31648850088127417
-1.0213469792909142,-1.6801630847382993,0.26463535751953127
-1.0130107290100667,0.6203605408863304,0.28887708389537636
-1.012763790059701,0.5464996300186137,0.250184598176637
-1.0146435613819118,-0.009084483200111433,0.2132967181355135
-1.0160894007331582,-0.3686019094774583,0.38635626444807897
-1.0109528556970215,1.077751328886758,0.1960635479566867
-1.0195694119512921,-1.4614965506590567,0.24717152647090948
-1.0196407002241512,-1.2657072181901523,0.4193136496125036
-1.0122271856848601,0.7621999120807658,0.24213053789092517
-1.0110036633370887,1.1558293704483578,0.24734045240192973
-1.0176262056721872,-0.8372580396337829,0.3432044407316951
-1.0139225149738746,0.2598366861505994,0.21020213933903548
-1.016975898788528,-0.6878367530372943,0.31994737461252004
-1.0200294023428154,-1.5757335007240802,0.1882133019248621
-1.0171629497270127,-0.5441125161771222,0.3152477411846517
-1.020636247609147,-1.7912148682473845,0.3539982805956546
-1.012938764042767,0.6550510752518657,0.26468273794277336
-1.0156107294453929,-0.20581142451536152,0.4034389579399282
-1.0133463496301396,0.29394834179370855,0.2624724157198427
-1.0174927915096827,-0.8673833562290362,0.24185270854293367
-1.007859561213206,1.960712773925955,0.22302072633462172
-1.014602613436863,-0.06114785465166542,0.24712144851650322
-1.0156208739378652,-0.06006615962964871,0.2878379219069412
-1.0158569891390854,-0.27567177911163426,0.2346835408230078
-1.0147909375826338,0.12028088596280338,0.3450101158116059
-1.0153617548146152,-0.007849926402247232,0.2791815882739725
-1.0190483119894185,-1.2141402037159161,0.3410329365726865
-1.012120338714979,0.7769360685316333,0.29764309237722736
-1.0186392101596546,-1.0114792118577913,0.2750029656802356
-1.0156628319329446,-0.09555103428163725,0.29788194691961245
-1.019744387285081,-1.652953684976362,0.2639116125058525
-1.010340017145045,1.354513576904623,0.2796261759647891
-1.0133324649555333,0.4941585453264558,0.24708728369453148
-1.017305359978088,-0.8298396303806836,0.2651478637924871
-1.0127437878623273,0.6176319412971727,0.19873547963989244
-1.0180751814045093,-0.8879429158080806,0.2848452429237184
-1.0148288195401427,0.065186258730478,0.3739305607786146
-1.0217497428295765,-1.9288994199312017,0.3034664858506992
-1.0197980539705267,-1.48010066097884,0.287081269449599
-1.016973775811771,-0.4775377349722164,0.35126880671683497
-1.0138047490610758,0.2442313208249957,0.3172729314362929
-1.0103382720687013,1.2462509700978157,0.273197224818329
-1.0181590168184955,-0.8799707214051653,0.3494440960952598
-1.0169291905648894,-0.5180152366609875,0.36799868411172554
-1.013057034152331,0.5681866370242719,0.3270591423904527
-1.0116765054820487,0.9405021394969565,0.23572488676403927
-1.019660440235955,-1.222474433995947,0.33819502763934806
-1.0147807635594723,0.027978331128177256,0.22085785130578772
-1.0176756737304475,-0.8527579658260667,0.2856880622332869
-1.0163867085142124,-0.4363132596511224,0.36456798438548227
-1.0127699936821084,0.524918427655483,0.34966720377608823
-1.0141799238140428,0.28970204556798806,0.29887687863838813
-1.0143020699672094,0.0138528753629953,0.4183934231177233
-1.0110478105915643,1.0630667497684774,0.2694474304741647
-1.011270393750307,0.9930631674152175,0.3029616064769426
-1.0173681232117497,-0.6552236568111162,0.2918645240589985
-1.0072857237860637,2.104556852783217,0.20914483542409032
-1.0109928947137656,1.066946842892749,0.25333095668834754
-1.0104561896789468,1.2831838093109482,0.32385413594218093
-1.01394901286475,0.4204181330109667,0.2214388271001225
-1.0128176070390564,0.6192708102072122,0.24985994105846956
-1.0116186872151418,0.9956273656587253,0.3014751978033767
-1.014902493051046,-0.0412545345418217,0.3483506052949023
-1.0115164549554945,0.9584929383557762,0.22576062695937962
-1.0104559336115237,1.3004499862429122,0.30853419867655196
-1.0085439800651184,1.764975954289679,0.2481704294998199
-1.0199253128022103,-1.4290273242583438,0.4194300794063549
-1.0186356130103682,-1.2128428029814202,0.249732936169847
-1.020007636099903,-1.5367249356934003,0.24981854536013287
-1.0162933893512154,-0.416790738152981,0.3612110919535699
-1.012604757225817,0.6541828865961973,0.23835064130586497
-1.014784147474127,0.13562407826692952,0.3017984563124419
-1.0161954812110434,-0.31042305470114145,0.2922992651448536
-1.011554973273341,1.0066756159760635,0.23011350175943832
-1.0151538709486492,-0.11414871544551672,0.2822969881040514
-1.0200707666903475,-1.4065048184931053,0.23831810779090937
-1.0158593840423047,-0.257656589921155,0.2401822997549942
-1.0171454353253628,-0.5983036481258872,0.2532973484632315
-1.0109030858819055,1.1209882259977257,0.2753785972959546
-1.0093541740694025,1.5321656715300096,0.27153411514518966
-1.0132987673665441,0.46986339142450906,0.3362032945662781
-1.0144853875976336,0.1538721385753441,0.23511606966440865
-1.0161867401828155,-0.29388173310484106,0.3492464765646711
-1.0128286026097433,0.5669147034797607,0.3395007075224242
-1.0167643310281842,-0.5797037211699038,0.36439785384195394
-1.0192226179629291,-1.1546118720188452,0.2942763247814479
-1.0122019730077079,0.7274165896745801,0.2712083654807845
-1.0174054411047613,-0.588807868786342,0.2810520010872459
-1.0138737395635096,0.2734882540033238,0.285502154947934
-1.0114083308753181,0.9594461299659371,0.24842824949504358
-1.0172181461965488,-0.5647569908480384,0.2887796638484141
-1.019762542413451,-1.5323623488415403,0.23416944168095777
-1.0197244826207632,-1.3430242566310626,0.27017064843091787
-1.0121357054692812,0.7425903004161376,0.3644952372574967
-1.0080686723125818,1.868050765954078,0.3243294670107713
-1.0155062824943233,-0.18759974106174215,0.3050188148761687
-1.0117505789899335,0.9769133275159826,0.2877972803518676
-1.0071014786797678,2.3032614385074224,0.2611035083779939
-1.0130730025266506,0.40153763182843477,0.27842848330872955
-1.0179458893129094,-0.9405213072922028,0.21264973645204427
-1.0141464792303057,0.2791969547775359,0.3169031497385533
-1.0166844846873797,-0.3877664949137145,0.25997758544887173
-1.0102708571678523,1.3881695701924044,0.20849640260641578
-1.0149361302091964,-0.08191663825099361,0.2723258417174375
-1.0120842095159361,0.8874323901647679,0.2712126139398109
-1.006254902723309,2.3207583974616144,0.2677377597369209
-1.0139715926275426,0.09875998639086728,0.2892928653961464
-1.010681248122358,1.2468545465998546,0.2833763802118763
-1.0180070936643901,-0.9023110959172578,0.4036067225679642
-1.0183073975593027,-0.9795687764739649,0.3706049561844835
-1.0132599615532962,0.4393804844488143,0.2876436094206372
-1.0173115735485188,-0.7963540326180072,0.2998020838043318
-1.0140567997174577,-0.004410964597983145,0.3438155295094673
-1.0156383722199591,-0.152870795321497,0.21501320638020696
-1.0184300570192595,-1.1226072085133592,0.27099643520654537
-1.016849845669192,-0.611735689193936,0.3081934977168832
-1.0152010086673122,-0.14939874407442053,0.3047517021244185
-1.0187018030539996,-1.2108908856116165,0.43869494282480553
-1.0121324860194756,0.8329021581457543,0.229867666459108
-1.0062658310314123,2.2676258282534745,0.27461708998411566
-1.0159928730524672,-0.36671706150997324,0.38530190792595703
-1.013737954322921,0.3820701551828694,0.2417846558620009
-1.020453927234488,-1.5900663686059266,0.37100847199139225
-1.0191871017823935,-1.2994332097145807,0.36895857646216523
-1.017157826144191,-0.7582089038905491,0.27223177237332175
-1.0134051973768052,0.4388320522134218,0.24281266882802802
-1.0082022043953869,1.943895027336102,0.30943622488921146
-1.0121400332546855,0.8697688226380271,0.252111748202605
-1.0169466892173964,-0.4766106968651045,0.323731998182896
-1.014856412028352,0.11760735799494189,0.27075889477625936
-1.0183225416188744,-1.083886004949652,0.39127916310098243
-1.0080938219777649,1.855216476164053,0.2626872673274283
-1.0184558018480756,-0.9912643291320729,0.2710430304797968
-1.012043421218539,0.923515961908085,0.2572463031129936
-1.0147186600256624,0.06633976969958098,0.275401230191523
-1.0190249970719676,-1.1987704519933706,0.3541514243380667
-1.0146764645718622,0.06151885522915195,0.3156096038596535
-1.008235744706971,1.8895600820674892,0.24355870328912252
-1.0135778355408358,0.3326389497176124,0.29930220984008055
-1.012046298560735,0.8523188453331463,0.3168418750110219
-1.0159961170490632,-0.26478489251603865,0.2988258288462607
-1.0186255388383403,-1.0003277697452113,0.40447325261696787
-1.0130962039265174,0.5284035211774232,0.21901962981313963
-1.0135886403766672,0.4364197754607135,0.22648671940183437
-1.0156905593623176,-0.13500324611385617,0.30347885116565865
-1.019173295489852,-1.1890519896455143,0.376018742171803
-1.0151260912312294,-0.09529860405299449,0.31287196389098104
-1.0129363573140886,0.7047784527319196,0.2248532237706841
-1.0071507547727048,2.1939874057549025,0.22503682719474188
-1.015528184932022,-0.16652697782936637,0.2941011042715565
-1.0190388781678887,-1.1931479985049975,0.3124931647034375
-1.0179967093225015,-0.9806356448220459,0.2686020458634037
-1.0184122127578235,-0.9610981573604472,0.31734749878923296
-1.012700704042069,0.6568351334363782,0.3129011146906801
-1.0174962999809285,-0.5934293467842618,0.36515220175959967
-1.0158595877758778,-0.22481843397726173,0.30870506272683745
-1.0140242857759845,0.3139350971443243,0.19350027519172044
-1.012597024903321,0.778718539917964,0.22635432341509096
-1.0084573428209,1.784205246578497,0.2919141509336283
-1.0161782908143622,-0.3935704903754047,0.41068886302209695
-1.0159954617524536,-0.334359347330126,0.399957381636461
-1.0142694473007026,0.24295422243070572,0.2521002380598131
-1.0159789168227762,-0.2831740484789366,0.33727956460275754
-1.012043586215104,0.8003611582109803,0.28596552167616374
-1.0149629586703088,-0.026772098452992884,0.26730219806549227
-1.016875587139141,-0.4828659879860521,0.3179998056102282
-1.0203388337564177,-1.5160295813629534,0.3910211336606811
-1.013571503652282,0.49617025211059235,0.2653999006299508
-1.0148784343869874,0.0469622771526198,0.2799842126786413
-1.0180775698336502,-0.9068494198291869,0.3682074464482602
-1.0095827336667678,1.5335599915129339,0.34130513264232354
-1.0166471621349344,-0.5515202679326782,0.3043394257220343
-1.0156364477180935,-0.13258790142619087,0.26962232250867774
-1.0138180994393773,0.31578992634353337,0.3401348476099447
-1.0159733923096876,-0.1562154878816932,0.28943115590913715
-1.0097309171501883,1.49728038573149,0.28235159350460054
-1.0118629825400804,0.9403656954008096,0.20572386429802222
-1.0197741136313407,-1.2912657913516572,0.2556762340890933
-1.0092610874536476,1.6058290772446724,0.31289635655344267
-1.0128362790478502,0.5435219093096573,0.331251017060625
-1.016941235263016,-0.5526050488160861,0.3184612636225441
-1.0125144127066168,0.6328921167586079,0.24051693966091095
-1.018259979133128,-0.9699552197607211,0.3144053145109178
-1.0091581719025267,1.5682980242496825,0.2828632287167494
-1.0128758477362132,0.5651873813675617,0.228554787694447
-1.0185204189678982,-1.0799392101994079,0.36890879696856754
-1.011665329255833,0.9782409263786572,0.2983442424887607
-1.0124610553111737,0.638916687876621,0.332564494788125
-1.0203076146217014,-1.7136710518794047,0.2742491323146734
-1.0184284301920001,-0.9942953779226144,0.28061093382903163
-1.01214351525567,0.8333948269084605,0.21820717536465195
-1.0156410384102363,-0.17397261700730948,0.3625178224672877
-1.0162363241128471,-0.45924232216283656,0.19066186904416116
-1.0083822831952656,1.972790686652091,0.19103080002554404
-1.0173425067763733,-0.6615498838108324,0.3637889141748187
-1.0164784690799225,-0.6151305286827328,0.30902648977262626
-1.0154675550943222,-0.18577370771151394,0.2855568841171934
-1.0201019577668076,-1.5510803521619094,0.34030196487544
-1.010048183020635,1.5309945952581139,0.2399661064054913
-1.0155387878991313,-0.16104211438720048,0.2671611392734351
-1.0071770442540264,2.054388150192094,0.3022593177271924
-1.0119839935345616,0.9545083845916389,0.2355814396131077
-1.0167291437370014,-0.5616011369623037,0.26841814046832846
-1.0174179879440197,-0.8523697754051401,0.23957648980999732
-1.0195616069618672,-1.5153349775305167,0.2196695512786286
-1.0136674669055976,0.405619111369354,0.2981615934813796
-1.0147844829371988,0.08309969279533234,0.28659731327520993
-1.0161598506068539,-0.36527807580071775,0.28898531788110016
-1.0158128113481295,-0.32066651475838415,0.47093008799900127
-1.0157601198418857,-0.24161942440554485,0.2396032299299335
-1.0112937409642582,1.0097044325863926,0.26690246577484655
-1.0108954305128357,1.2458779627012593,0.23947522259446435
-1.0167431089615817,-0.6189811772300711,0.37397761816173936
-1.0116110423202835,1.0320670610040408,0.2849568404311318
-1.0173894490053654,-0.6018134679159516,0.29210432741678194
-1.0180680964610767,-1.000721952185767,0.24974179461824533
-1.0159879569444183,-0.25868998108191266,0.27390953359396353
-1.020636865625329,-1.796542562308641,0.3519543116786817
-1.0137789188844493,0.40575823464602456,0.2912050918583892
-1.0073471520278368,2.0870656097935245,0.22670022299748116
-1.020055468855527,-1.606502532914251,0.39818494376098734
-1.0160992526287602,-0.45462598079096667,0.44262660046515173
-1.0183275199710222,-1.062777518306583,0.32010774222892974
-1.0129643598191165,0.6902968075524355,0.2495327799081411
-1.0165077798553428,-0.5449458960608267,0.28651418995115524
-1.0117989065934014,0.8724652476997343,0.3482246393124179
-1.0132568899037095,0.5604873178068338,0.2486076164984513
-1.0176152662387075,-0.7840829893219933,0.34892055547354284
-1.0132447287806425,0.5281253084364866,0.3689460826375217
-1.0175342889101873,-0.7279294526922534,0.3088818657934055
-1.010241883164684,1.338541436040694,0.33775842960879837
-1.019108705335748,-1.2975869961544033,0.23169653788872602
-1.0107285018480967,1.2088333094387373,0.1917447566702149
-1.0162887055589065,-0.31083850747074154,0.3039895298540327
-1.007858723973095,1.9435036626852171,0.23162859932580568
-1.0139421059324334,0.3500229329968876,0.2547128293305083
-1.019762949782359,-1.2683007849206676,0.31159129696246235
-1.0148475519419187,0.08256155260535283,0.28645901449982364
-1.016669138466953,-0.47560790301531763,0.2971412488555894
-1.0172066357091136,-0.5965961474891035,0.3260535711623447
-1.019636240522225,-1.5132513200152957,0.37236527375887596
-1.0182906129181808,-0.8735351195991663,0.3355075310484178
-1.020415070302973,-1.547775482720662,0.3336043829683099
-1.0131755267107347,0.5127921612137027,0.3673917926947367
-1.017312651328188,-0.723654104274262,0.39020206443128164
-1.0156255153645959,-0.11500567405581184,0.23837696586418972
-1.0180873523235219,-1.0268718122234288,0.35791161006319644
-1.0198748318793753,-1.4076445997829687,0.3040030693046236
-1.0171023188515906,-0.5146473569219575,0.3456135517084301
-1.0129596458592474,0.531255270934087,0.3483902758634344
-1.0159950223347414,-0.2583252622306917,0.2753411419127339
-1.0154302596604015,-0.13614662251004522,0.30885493583655416
-1.0136339536242154,0.40524827306165023,0.3237046717582076
-1.0166282320256506,-0.45790820627203965,0.2314584153576026
-1.0082754721708989,2.0160754789812625,0.2540653442128141
-1.0145805801400312,0.16725376439083756,0.31173254951811114
-1.0172792188431967,-0.6548351049360155,0.38451093799914376
-1.0207310399662175,-1.6142230275160656,0.3996676309581899
-1.0146435470488375,-0.01041850617640525,0.3495210652228356
-1.0185996321397262,-0.9991944367359833,0.40035801219174494
-1.0192292309132442,-1.3370338616492243,0.24523255762210025
-1.0112467053448093,0.7655242708919934,0.3330643681398136
-1.0156648698824875,-0.24569614278764848,0.387704223588001
-1.0139729153333072,0.3499851422263404,0.23426007871228063
-1.0130740518822925,0.4787786091349716,0.3491512143700363
-1.019327600321414,-1.3410434686243136,0.22044574405139783
-1.0165217220576257,-0.5814395919345436,0.27665184112022756
-1.015953061313764,-0.40592105756659924,0.20234999826491032
-1.0106020101695794,1.1922514670644806,0.2701068517137236
-1.013039177998355,0.4948599857249332,0.32917765742828303
-1.0179554283094059,-0.8467591310347318,0.3566399150732561
-1.0203090984553673,-1.7125086190429324,0.3397923868940918
-1.0182716155214975,-0.9762821321635674,0.3305396235970485
-1.016944075259835,-0.4905298780536343,0.2734352263740991
-1.0145944207188309,0.07795573064975729,0.2755195005604154
-1.0161806227994388,-0.25936514729770904,0.29605020193355924
-1.014922223219884,-0.023855745005536867,0.3489607457244439
-1.0105878948491969,1.1559878429246722,0.4103236377032146
-1.0207495842402927,-1.6369574612985038,0.2644215484745621
-1.0134216988030333,0.4748268825067733,0.24773396916757218
-1.0111447199687553,1.1917653122350598,0.26562604535307743
-1.0151077743823154,0.05084017447656241,0.3409932532280586
-1.0122155203694516,0.8173680469258956,0.30062474637675807
-1.017181648013166,-0.7074963042934965,0.3694970892620951
-1.0187629864239953,-1.1242104714297443,0.3901929707087843
-1.0149851171627262,-0.12169611816662265,0.20499947833799104
-1.016062804545067,-0.4003562269477248,0.3396200486094408
-1.0146567501592432,0.02535561509579502,0.3163410267469663
-1.0141045701898883,0.11468946918095747,0.39972431259915336
-1.022120001776051,-1.9599309281703337,0.3497274339453015
-1.0093145011919606,1.6020087900275108,0.20355116299664336
-1.0060191365338744,2.3962055123117088,0.3451348448202252
-1.0200145966227123,-1.6516969142700617,0.32294344198829156
-1.0186238011560793,-1.1514861491746322,0.2862241875068821
-1.0125692170855154,0.7264086506553563,0.25008205574321957
-1.0117440291744322,0.8158753877764355,0.26849622184277927
-1.0126966438072342,0.726232080145918,0.30661242273669614
-1.015556976554982,-0.26142240912043235,0.38292050052959287
-1.0136990157257821,0.4398900132970304,0.28558177071402097
-1.0204300270823123,-1.7762897797331334,0.2968524024507718
-1.0167453682128293,-0.4524581694797141,0.3497213501795476
-1.0183250578664969,-1.124861662888293,0.35109724134717024
-1.011992184475558,0.8508996949513399,0.2169851231696631
-1.0095478681642935,1.6023365975705564,0.2148215697114673
-1.0164461417697603,-0.4943575108775848,0.3501697628601793
-1.0187128649043278,-1.1217044923029342,0.36782001233799877
-1.0174571539721955,-0.7431810063559046,0.34312104361046364
-1.014462283833455,0.16578371756318702,0.1918341610343325
-1.0162617955672228,-0.6179029244545687,0.25029340150340995
-1.0142369451301365,0.24084333489658016,0.19598395544583827
-1.0143436112332198,0.15374364606008958,0.3840645070615124
-1.017249054810331,-0.7517101974538979,0.1777907520853864
-1.0179981715956206,-0.9252453018257527,0.2462297407970281
-1.0075810020323368,2.033298299633421,0.24173204350826763
-1.0199621026390133,-1.4417857185060037,0.24506674828800812
-1.0143085233344307,0.20552950665436787,0.3178029296880262
-1.0072071449208673,2.3324295066130842,0.16948224187452018
-1.0195463313818096,-1.5839617709751868,0.30423129837724566
-1.0205139999811985,-1.710976596915807,0.25872501815741217
-1.0189572997435723,-1.2311734277777207,0.314194546873558
-1.019568752515832,-1.355110891138807,0.19741703605284164
-1.0202682153048868,-1.5741467817332127,0.3861129466695499
-1.0136901687958089,0.40403046750851646,0.26257287445907534
-1.0092729098407067,1.5514272211097897,0.29532294217645344
-1.018298829948001,-0.9612453388436897,0.29402628172100487
-1.015734335849152,-0.2604159394345129,0.3076273474483226
-1.0132225683673415,0.40434547166213164,0.21728081020447357
-1.0149811064881602,-0.0817583356594671,0.3179897260589469
-1.0207847455366377,-1.751176074250125,0.22669043117253368
-1.0179645513971054,-0.9441272448971445,0.17501936037701019
-1.0198252385562758,-1.4590006994918678,0.41284674459550086
-1.0115922323214246,0.7911121154696381,0.271577955938318
-1.0184099887741511,-1.1253555229322016,0.45161730937834754
-1.0205696273686398,-1.7277889381457519,0.29988587550148144
-1.0156260974337907,-0.11502909314806037,0.28634539695292494
-1.0148540138539694,0.005676421598828736,0.33204074296337394
-1.0164703659380954,-0.37245697077503626,0.34277479377601955
-1.0201642256947248,-1.446641004556938,0.4045418809149193
-1.0174822239880612,-0.9758647504604648,0.36958594444426635
-1.0133759828448876,0.38943237902835764,0.3407679093064377
-1.0171631417563733,-0.8126166859132171,0.28876118542964047
-1.0167518207963855,-0.6161187562307961,0.41198447858549075
-1.0117738857451881,0.8539391782501823,0.317417190010048
-1.0179469198695632,-1.1157247344290535,0.29591972575155195
-1.0146777733941366,0.1373122991870202,0.31721947571881465
-1.0087039300764955,1.6872158032760747,0.35362107524570024
-1.0206421511866408,-1.6029411116212324,0.3468210757534425
-1.011512552457032,0.9541991183643458,0.24497971910905073
-1.0124612818041099,0.7624486879533852,0.27376517885601426
-1.0194066508194393,-1.372891669215472,0.3396749389129708
-1.0153990386331395,-0.09680761162441777,0.2791736101754786
-1.0188886786150786,-1.0634541817413938,0.2721636017242441
-1.0161586653130774,-0.4421007227437,0.2990695452529345
-1.009539166472211,1.4957923859958966,0.26007395090789226
-1.0153802206338443,-0.11422326746845687,0.28233338764168686
-1.0205250718340728,-1.7350158135895248,0.194799981256449
-1.0059600175096959,2.3938373050992925,0.28400104004501575
-1.0133655575527312,0.458174279836042,0.21637241033377758
-1.0145506117955725,0.019151995090565286,0.3995050954136954
-1.0074076799306693,2.0322128866904774,0.20699808460114663
-1.0131362820612124,0.6200334572842308,0.3107879041635833
-1.0166636201441452,-0.6686874168289655,0.28777476434453664
-1.0145477670184235,-0.00664475139702071,0.26238234592205095
-1.0141968228476932,0.15240484292387327,0.24966861453643252
-1.0117486441185035,1.0122128665075085,0.23347435755962245
-1.0204592743326417,-1.5955670172134686,0.35964510481176837
-1.0180483490322432,-1.0151182771616405,0.35200819068290184
-1.0128995188734282,0.5827184969890479,0.269359608353914
-1.014652751388767,0.06465250266502626,0.3746241580517036
-1.0198304012519692,-1.5104818764386159,0.3471406356569014
-1.0144450758386798,0.17050681602606438,0.20382315000507678
-1.006601049009238,2.137738779117334,0.28047330432458406
-1.0089654566585438,1.63753898163453,0.22588367449835967
-1.0123157893028587,0.7989638718281943,0.2855245197768098
-1.0180127927334386,-0.9041181524005496,0.2830941398528671
-1.0112216818187691,1.0583059522284617,0.29933954745163344
-1.0138641113702596,0.27944445671740326,0.3778025403677697
-1.0096423708403401,1.5162294240062926,0.27164607496020987
-1.0165214820709334,-0.4418048669420184,0.3351457471195338
-1.0157703426384626,-0.20431096576989796,0.2512379871566252
-1.016705163252411,-0.5445308661803525,0.23364513642980334
-1.0178089558157746,-0.7937483483384349,0.3268678147093646
-1.01518042382268,-0.0818769426495998,0.3226656386362417
-1.0158559582664688,-0.14922089813341832,0.3142472259090847
-1.0105432780892165,1.2097063081735129,0.2768365681475875
-1.0123522362717607,0.7805528023915663,0.26104382285057753
-1.0171379542318442,-0.5617946268777989,0.2801536669676202
-1.0138554480379072,0.33416310514639025,0.36524126246654126
-1.015840308392423,-0.29671545661103904,0.26555547424039777
-1.0197859045665651,-1.2955393851660872,0.342679145620411
-1.0129061282907024,0.6735881477701159,0.3035852486636383
-1.0187476574989291,-0.9804396147006812,0.3703207339908252
-1.0142606777402519,0.29767529366488293,0.3137893174480941
-1.0119329025568882,0.7850646030811829,0.32556319761917807
-1.016564843070359,-0.45351107351800085,0.30373983624401635
-1.0149353224506097,0.009698354019893319,0.3553441896279226
-1.0148445807616355,-0.06110475267626919,0.2575754533030469
-1.0143496084685277,0.2792327563925509,0.29693766186501386
-1.0148735671305562,0.04012689907323333,0.2760627044694904
-1.019555370943807,-1.498186335040911,0.25165466419842514
-1.0181577452324062,-1.1899916337387517,0.2996206254824683
-1.0142414426924127,0.15235721387261295,0.19121127540573235
-1.0118403889580212,0.8988569220527042,0.20685737654463723
-1.01849193819547,-0.9821648980209957,0.388627223242577
-1.0128976049904297,0.5294802096424682,0.28000654224025207
-1.0183116459195485,-0.9045719686652859,0.2682944749541316
-1.016225175085203,-0.29233535434366065,0.2737464950311288
-1.0108582001056832,1.0663853853448872,0.3699905883611438
-1.0149056570783115,-0.02396150136473277,0.3073202269741656
-1.0165526328694707,-0.41673116278682004,0.32431918967859774
-1.009560342473078,1.6218550499404292,0.2816224489992116
-1.014374257349936,0.05622129672036949,0.1814240842240269
-1.0121634995937772,0.8880283783197589,0.2568837153797318
-1.011093928329627,1.1539983003941492,0.2481009688139985
-1.0153947291552903,-0.11680501631328262,0.2600923160876319
-1.0111027616156008,1.0122846061888335,0.3332691069410488
-1.0212200878444893,-1.9875326929315664,0.3382224332907358
-1.016474498488481,-0.36977436353080545,0.28730953021087957
-1.0214733749626743,-1.8873342427393358,0.38405039296985466
-1.0190575837427485,-1.1564012104463843,0.32408577858600035
-1.0205243302737692,-1.7163905443426017,0.20955070119727237
-1.0068481546017438,2.1953787447802093,0.246958441975156
-1.0110572277727674,1.0307168982728885,0.3104227243869594
-1.0087512154877065,1.7114622099502743,0.2960998936657846
-1.018879887012552,-1.3363687258346613,0.38024251214176535
-1.0082245090763577,1.853670481373778,0.2477815176119945
-1.0180383165558238,-0.8550884596014363,0.3227262266781471
-1.0113946968124683,0.9243812158592056,0.3744734336959895
-1.0075005741718523,2.100592819405729,0.29199858138690316
-1.0130204836525094,0.49064041018815885,0.33380263224206963
-1.0072397129586805,2.118695740166385,0.25976752593271835
-1.0135663467517826,0.3511053890111197,0.2967402558795147
-1.0164203745869314,-0.5260824946700862,0.32385057599175643
-1.0199789402312485,-1.5716734489409412,0.28140945408731927
-1.0135132908847153,0.4364175947137017,0.299253170701533
-1.0125649356510997,0.6737872859627118,0.30872620011068846
-1.0118363948291027,0.8696322386437559,0.2677905666211842
-1.016417704385798,-0.4751607070807337,0.3231846988624344
-1.0153899452748991,-0.14875585411454179,0.3841302986976773
-1.0137309493085203,0.4405603961892178,0.29918895705143506
-1.0144585674507238,0.26147347186309955,0.2989538103039892
-1.0192492061571885,-1.2986315604644338,0.29788223561243193
-1.0113107891165904,1.0504786761508103,0.32736721424547005
-1.0128510726748403,0.7422330886965436,0.2824540102067877
-1.0109259847043617,1.1738880982818025,0.23485233778642758
-1.019476269933958,-1.4441837414856558,0.2179534640530747
-1.0152906197265161,-0.009664625217938799,0.2754252621161426
-1.0135365334307525,0.41638770978242406,0.2572514974315518
-1.0161608458622804,-0.251253890537373,0.34280044776219454
-1.012401908215423,0.7988584156953873,0.25223178342055574
-1.0174060706374461,-0.6535697099691828,0.26999143485400284
-1.0183666200110368,-0.9796461589832114,0.26681879915964607
-1.011397033332657,0.9585989592832007,0.3388041586553539
-1.0193290686334737,-1.177973752864738,0.3212804920218941
-1.0128144516673612,0.5656581146466708,0.2795150296350555
-1.0111133292725452,1.2427520048672622,0.2504404489866414
-1.016317215136707,-0.3991170621178219,0.3486147369857675
-1.015924110849572,-0.3555861043300368,0.23781106899819468
-1.018045747421124,-0.904986439462823,0.26483763099291036
-1.0178785453601107,-0.8686202099225965,0.309888493158976
-1.0069747659829928,2.2112900986723503,0.23530652789470832
-1.0124139489683426,0.709079511447136,0.3304453617799076
-1.0132923328494006,0.49009298935136886,0.3541738596867047
-1.0147420627757915,0.11882740110813025,0.26365181884440275
-1.0112460837773252,0.9955290109179339,0.3293220030432355
-1.0187631308384675,-1.1438009938608746,0.3136891960300571
-1.0144279165339851,0.10007456615661663,0.2890584448745093
-1.0214473739929426,-2.0490549661788275,0.2926816987223791
-1.0199350054608278,-1.5540970705163197,0.31505344558839365
-1.015385163751323,-0.13524895404840553,0.2339902423189572
-1.01870371642452,-1.0697620448889598,0.3399274285668351
-1.0101436440078744,1.2455879616227523,0.26388231754243807
-1.0129759623213528,0.56588959837255,0.31998714010785057
-1.018049997475835,-0.8832584363599685,0.3018039002137191
-1.0135594469915803,0.3339334745092684,0.340872395954326
-1.0143030881710575,0.26239858884584666,0.24704990067230376
-1.009859526415774,1.3706955513583559,0.23267563779254416
-1.0170117214532524,-0.3691565875778413,0.32064100805359974
-1.0128509268108152,0.4426327863638098,0.3245499348408937
-1.0127352002739614,0.5687263031583283,0.2877933148163981
-1.0062461580337991,2.3754656855377725,0.2575208540683294
-1.0156522948660742,-0.2993727417420419,0.21350137012488882
-1.0089829053461346,1.638378507825836,0.38301075118190264
-1.0123271549266493,0.5233722129271686,0.2827437689131647
-1.0165836955439014,-0.42247080503592405,0.35350170864579356
-1.0185207888211152,-0.8971721606398133,0.3324489642401322
-1.010582648866865,1.244516359850693,0.3186546694503411
-1.0163672710690654,-0.5497070029151734,0.3242059630393958
-1.0143413579881242,0.26144885878832924,0.31032701988274675
-1.0128916201349083,0.6551503173299715,0.2706380612871775
-1.0131809818228945,0.49406083642846005,0.27040712843754316
-1.0111011727066128,1.1935241640661083,0.311615658402041
-1.0150497828992726,-0.024579282710815303,0.36097998859591085
-1.021495432985346,-1.9301222176923276,0.38629774959170315
-1.0080949184000407,1.9079642988623078,0.23228177853612014
-1.0168383692974177,-0.6507840700244039,0.3045212114412242
-1.0177900074382578,-0.7401098049447705,0.3157263882671872
-1.0074881853526303,1.9995723189893932,0.2632876028258342
-1.0144349037396563,0.22540699516588003,0.25750921310895114
-1.0130410001903498,0.5466639014339719,0.2685458453151439
-1.0207366089612109,-1.7883525174114197,0.2163950276391569
-1.017988277799112,-1.1083415842020898,0.2384918039505579
-1.0175652320635586,-0.7301245620701916,0.33791483305855086
-1.0188064518363371,-1.0523075514631308,0.3150254311963467
-1.0121260066066553,0.6392026633996858,0.3535988267883229
-1.0116858395801644,1.0666242206242007,0.2425848762487423
-1.0179026671592752,-0.9269702428994812,0.43958938766624284
-1.0167109555018023,-0.3763207311737058,0.3243301847312703
-1.0121528157889543,0.9231257039567414,0.2864385757897418
-1.0168667915632672,-0.49232002590685775,0.2849725772911186
-1.0141017708762863,0.24481998693573118,0.31960934878966857
-1.0186617971329313,-1.0538228269404752,0.4266702357374953
-1.011680190731818,0.9596713125639391,0.27013085287000316
-1.0084572523104056,1.816977803864968,0.30793108361375127
-1.0167287134075602,-0.7102372112617926,0.2494949573486762
-1.0198161783238442,-1.3908638124200885,0.41383373029058185
-1.0066122492512992,2.2509693720010384,0.334744034553011
-1.0137277172128296,0.31484032192615263,0.2631111913198534
-1.0103850634248792,1.2275923579004375,0.26557328273335357
-1.0194415215473158,-1.2094090876678845,0.24839509515792257
-1.018429718703376,-0.9367713327768395,0.33784136898763006
-1.0105126834088336,1.1860669502971268,0.2517365045878591
-1.0152891072541173,-0.15433513460831996,0.23123262341222248
-1.007659008991367,2.0689957797516687,0.2851564397030887
-1.0197872278513032,-1.4429261502125819,0.35660675344183745
-1.0203482117406042,-1.50142805404451,0.33726165424871357
-1.013641929142785,0.4244399326306831,0.30535618180872176
-1.0141983258834437,0.1717679165038915,0.33454261183591255
-1.0205584131340242,-1.7983709416244937,0.2826814184561945
-1.0210185151498086,-1.6579263842495429,0.3989878956649859
-1.012857995164282,0.5667970191832428,0.2462686295311624
-1.0198507965395942,-1.4254456381388307,0.30720948890196265
-1.0098236045528468,1.5325238868153335,0.26308127269655074
-1.0165471549891223,-0.48276864897435856,0.24721794044803647
-1.0155935093912911,-0.22629026361453375,0.34917073966514434
-1.0198448773668518,-1.4622627358606586,0.3083012644907793
-1.0187472219228928,-1.0693997537654696,0.29826788912736785
-1.0181617212625467,-0.8833688714813863,0.3384228536990393
-1.0116796884683275,0.8287391544191575,0.2951026734851064
-1.011741188124698,0.8870088480383002,0.35423199523303583
-1.013000701124552,0.5819389654095728,0.33037143839332545
-1.0175860128528327,-0.8307409383641748,0.29488585390364164
-1.0150166026316183,0.01063636586079118,0.2661827488166085
-1.015837602645617,-0.22733327949641452,0.27084770961233123
-0.9193794614241193,-1.161756497588127,-0.16541267102321736
-0.9109643095059436,1.1368149772201055,-0.23940624758468385
-0.912542440984514,0.7076504394752405,-0.21862538300739898
-0.9113042534567906,1.0473868245711484,-0.2151768326331369
-0.9139187502027876,0.16998064762945142,-0.20183759774992807
-0.9195314960249928,-1.4730945771310373,-0.14281087058366296
-0.9189777657369631,-1.2503843401316466,-0.17572525882509407
-0.9146446153584085,-0.12060475292137889,-0.17094933799966194
-0.9114657900740404,1.0289410033418105,-0.20356187493796993
-0.9112466681382857,0.9535054429119426,-0.17501753542260715
-0.9192955736679251,-1.4636905679760557,-0.16321675833539603
-0.90788861175361,1.9783614122533997,-0.22586584845332972
-0.9163112152192683,-0.30501013156533546,-0.16189274880471166
-0.9189619129364899,-1.2437661927381172,-0.18995241747689626
-0.9202107118149233,-1.7173903427610764,-0.16177629956308714
-0.9121647774778677,0.7206330907795281,-0.1299450830196079
-0.9156247664938657,-0.2809357165055824,-0.099137442832681
-0.9133762820526573,0.43850620784063066,-0.2096022127956051
-0.9087053216842523,1.8172236756528262,-0.25090551705199604
-0.910264129460847,1.225497319818055,-0.2089916720708082
-0.9179032036189876,-0.8876907812308094,-0.1937427483388294
-0.9197187652302737,-1.6211141705067418,-0.2194017217577508
-0.9101119678542274,1.3351597570760827,-0.1774214442901444
-0.9064810405781039,2.3225523977549325,-0.18030467229005873
-0.919392948894891,-1.4424940642040638,-0.21094140786588403
-0.9108643702269809,1.120122617373392,-0.1650909792933202
-0.9128109949517126,0.5214365035761375,-0.23840891235022235
-0.9098305886144655,1.494644070448088,-0.24901709120959373
-0.9188880059593575,-1.178998066923642,-0.1346114657885123
-0.916351946207655,-0.41954846193278583,-0.17894513773892995
-0.917050967629541,-0.6190718798620081,-0.1447802593874536
-0.91494510970944,-0.012218050721313692,-0.18760753128249225
-0.9211987439505849,-1.8785084606546376,-0.12815529184859079
-0.9130829894826822,0.4190344415266065,-0.26707150871274127
-0.9215903285454187,-1.9381869501147855,-0.06475428534724313
-0.9126793986055731,0.5452953434925065,-0.14863834842429297
-0.9215842245953283,-1.8780158578757145,-0.1073487546992494
-0.9069335837773378,2.3326029334077765,-0.2994848949151278
-0.9101444904211331,1.2201291904795972,-0.2183432429534276
-0.9181017922419515,-0.8943367462674062,-0.15033937499069094
-0.9212073543058169,-1.8927639104298695,-0.16735750870931676
-0.9163435801899952,-0.510327679265754,-0.13071006757210918
-0.9128144810607293,0.5442531652144181,-0.154966789335834
-0.9205840599331094,-1.7726974250741419,-0.2824378264294854
-0.916274703530373,-0.5090072388246647,-0.19365513141088828
-0.9156662362029337,-0.31220842176924646,-0.1339538105431488
-0.9137528067111814,0.2051270409534805,-0.18716944687279224
-0.9188904131377456,-1.2812269309456064,-0.18779847949646936
-0.9127486864681744,0.6211938380068097,-0.16294326482203741
-0.9188413722973973,-1.139785650354199,-0.2546489967128419
-0.9178945812803359,-0.8914794483698879,-0.08206795604002795
-0.9188833622091086,-1.3241553838888875,-0.16982097583644729
-0.9192250137207861,-1.3331612018047658,-0.20932238596622577
-0.9122849214034924,0.736879377147052,-0.17320693380350277
-0.915696961618779,-0.3143229071779735,-0.27425858483331667
-0.913116553160643,0.49200081036172905,-0.24367807452833773
-0.912383432317102,0.6894048786558062,-0.17835667125874408
-0.914823014372209,-0.02968671220756749,-0.12508744396785534
-0.9064475541477708,2.3384690784422304,-0.1977628258507577
-0.9183527148660509,-1.0359547430091451,-0.07315601718380668
-0.9060852060705465,2.482498219256991,-0.17540352548003166
-0.9140565489736572,0.16823320158323835,-0.26330319015802534
-0.9124039659780003,0.7375087053587461,-0.23820606020588939
-0.918902477536791,-1.2999979352777682,-0.2280420478733126
-0.9164640660429343,-0.6932668011384827,-0.23612819547749012
-0.919165758990184,0.02046866546619375,-1.661008462534951
-0.9152394770417228,-0.00838252419046809,-0.22008067428844408
-0.9100195960545628,1.2759651758106842,-0.2541972656818549
-0.9183118628862406,-0.9125581556463412,-0.14460403339247138
-0.910391957249674,1.315161466323853,-0.22670701843719354
-0.9184388634307298,-1.015146583228882,-0.18366776963817133
-0.9089725943381727,1.7447964052507265,-0.24798773677167302
-0.9174557092767245,-0.6982019695487895,-0.11795041007925136
-0.9149632385816514,-0.07920158437650662,-0.20628542714980272
-0.9185854851779313,-1.2275080295328782,-0.0732764307335535
-0.9183247942874491,-1.15968921258952,-0.15759612240081444
-0.9138562836869893,0.16006514023526794,-0.2795885372227481
-0.9157931100450762,-0.33494924601492304,-0.25500312242995044
-0.907588669770898,2.1388134903768408,-0.26463810603704524
-0.91084412421779,1.1022028404050845,-0.18414990299692602
-0.9125536358886133,0.7596974459762093,-0.2649699187786389
-0.9145913559702789,0.11527071467259455,-0.1737603817929409
-0.9112692312797301,1.0280355923695268,-0.26409559433588287
-0.9088868620567145,1.693086134016131,-0.19336447672167636
-0.9134011842878618,0.10068073727982806,-0.1693345251767238
-0.9088847590859812,1.7251572295221957,-0.2671573464858363
-0.913496269033523,0.2742026495278456,-0.1534310021113721
-0.9154993334675994,-0.15681401465305084,-0.1909149620181345
-0.9185849065519686,-1.2167379701351075,-0.15199797596050119
-0.9112211287221987,0.8173731015656042,-0.13606957870426106
-0.9088713103811211,1.5680462411281688,-0.19917741777556505
-0.9159514888845145,-0.4216929775579328,-0.24967948455764563
-0.912402497894406,0.7605646339091993,-0.2526344918103382
-0.920220211441374,-1.7339326835628206,-0.17692532104390274
-0.9162538421162613,-0.5016098082246387,-0.13198191237078674
-0.9123496178974561,0.6543806808103388,-0.20917863317463306
-0.9136693492270904,0.41936128610844936,-0.22335010948310505
-0.9150633266891386,-0.07995710917567068,-0.17410878810160713
-0.9163224151923498,-0.33830761805644377,-0.19190745856792965
-0.9164639507006668,-0.45573536361029743,-0.16159159525024594
-0.917097635081575,-0.6937907930258791,-0.28746017398932505
-0.9155738071624328,-0.10817831481116705,-0.26164806728712603
-0.9172872768358542,-0.822313361194089,-0.20990843670675424
-0.9120544626571395,0.8315933035501115,-0.2541141147324651
-0.9116657954824099,0.9393122237604714,-0.2684367199991106
-0.9092621710877277,1.5780636340370344,-0.16190433029784185
-0.9121718872324042,0.6885817062486892,-0.19246748568078711
-0.9089100611119134,1.6339384064395086,-0.2379619227244641
-0.9168017203776567,-0.4743042181059936,-0.19260255953010944
-0.913756956498077,0.2227698152720371,-0.20179781716203254
-0.9201846512049434,-1.6112591765055377,-0.26039851191807223
-0.9124557225119135,0.6883923095822718,-0.2563438999318495
-0.9157425544707953,-0.294295095433674,-0.21873664069697335
-0.9097443374462433,1.443512057671295,-0.16785088689091981
-0.9129276710089,0.6364194928855453,-0.19961449325320987
-0.9193361646008456,-1.2675828497366763,-0.1589385826641043
-0.9170121622385898,-0.694964417607965,-0.12678766617242412
-0.9149458540804408,-0.0625568936295214,-0.20502664672365997
-0.910453973260407,1.2793068689646336,-0.27139201277198205
-0.9122100441555487,0.7580333306203453,-0.18026589579868577
-0.917718481122695,-0.7596881113855141,-0.21529062857148118
-0.9168784039252681,-0.6470811907638933,-0.13713456493946893
-0.9110034701001614,1.1375436330475697,-0.20936448694401244
-0.913347167659466,0.45500026568271534,-0.11577265524550048
-0.9106091970683853,1.2258319746500885,-0.2627137597779348
-0.9206079706069775,-1.7787659908152211,-0.1510425223139938
-0.9150652193687303,-0.0846971209025717,-0.2788216766179988
-0.9162056674574103,-0.4017766205471623,-0.20058747141125868
-0.9157307631995317,-0.22327562769957382,-0.19225650780686626
-0.9194457287868667,-1.3944298306503196,-0.1275295256842253
-0.9123120834572941,0.6550311338942189,-0.14696816422950493
-0.9126638120322659,0.5839885760894734,-0.15162698248624198
-0.9097078844843088,1.4055423694158715,-0.2268717296327557
-0.9127616849926221,0.7003657194507793,-0.20836414119448438
-0.9186628055757705,-1.1076505855213823,-0.06275654818497868
-0.9211361776104466,-1.6538124970388555,-0.21459761082064913
-0.9168631591324639,-0.6048114599699488,-0.20060636717421904
-0.918699393156484,-1.119118405623584,-0.17416198767572147
-0.9134848570946035,0.42024864610027235,-0.2069686794887588
-0.9123071449827268,0.7606433368018275,-0.24544459078166117
-0.9121678451339262,0.7558165404291314,-0.20515274552172394
-0.9198638950095788,-1.619967727883121,-0.2177327920508333
-0.914569081899631,0.06430571851354902,-0.15916243463231816
-0.9150974008653845,-0.02618938696049509,-0.18495692885050252
-0.9112775390524703,0.9232324064469783,-0.12521983047243207
-0.9166360284367505,-0.5134713027978096,-0.16849471250300882
-0.9090232471152453,1.709459620100891,-0.2643283392042718
-0.9068146680174798,2.247229782198319,-0.22654966368492807
-0.9141353578981309,0.260233161905341,-0.2123550464055733
-0.9150681975057683,-0.1146556566083273,-0.1674919584726192
-0.9152350933330222,-0.1659512270907594,-0.27226489740183535
-0.9127971905144238,0.44147010957462673,-0.18979751919900367
-0.913248687549041,0.4205886146708904,-0.17830434062311407
-0.9170415233564435,-0.7067634278481006,-0.21349501340058247
-0.9151895178090835,-0.18717758924841826,-0.21128909573913385
-0.9107640976223568,1.2066870326227879,-0.2450513946267227
-0.9116815944335649,0.9566860629588868,-0.2703961553995981
-0.9149347211914753,-0.13419756712890832,-0.2314541764764228
-0.9143296104773897,0.1519572519181006,-0.24542332267764919
-0.9068685240491007,2.230166122242019,-0.23819921562924423
-0.9153759343112565,-0.15480108227696981,-0.11702625153208422
-0.9091793265091265,1.6567077411741538,-0.1843783681360953
-0.9142267239065749,0.0813050020491332,-0.19061621652548544
-0.9153731357134914,-0.1031884886105775,-0.20472940068249576
-0.9136767333842358,0.3105025553099064,-0.1306974212158498
-0.9126374317122007,0.5834592862490947,-0.2040050531310408
-0.9190325795246692,-1.266307140926951,-0.07475433891369973
-0.9135605235648622,0.3317265893529094,-0.14126785894018748
-0.9204212288562428,-1.5887335844511616,-0.08822468028140772
-0.9188091525349186,-1.1424638921179695,-0.09002567294839378
-0.9150988922226243,-0.16297894846293312,-0.155708300672242
-0.911715241426354,0.762383102969316,-0.1868779793516776
-0.9122937675401612,0.7908479843121978,-0.21542564897075162
-0.9127265631821115,0.6706173047219011,-0.24908099248891066
-0.9147089848517371,0.02639608376929342,-0.23224781957933555
-0.9156687697105658,-0.20564619226391107,-0.19351334963213124
-0.9153280889601405,-0.08377678369763766,-0.22654505709989659
-0.9145957865178743,-0.025895641530178953,-0.19263389879532541
-0.9112032031477526,1.0465023931335133,-0.2571721311956589
-0.9197332212193161,-1.3803864549586529,-0.19339422774505347
-0.9132721834079075,0.41601324182235955,-0.3107333426456659
-0.9125035085780392,0.7015835413275455,-0.17485917863091985
-0.9132819204097216,0.30807296832079184,-0.18791799832669864
-0.9188360857153078,-1.197399188466557,-0.09912411548490778
-0.9133409167389722,0.4735419018170025,-0.2555997031856062
-0.9179257816213664,-0.9058895374744684,-0.09611222348554811
-0.9080376513148131,1.835852352352729,-0.23490295907141076
-0.9081046713945903,1.925512782972933,-0.19798483611434325
-0.9109236632782576,1.2008222885528317,-0.2538737077799546
-0.9106545882883724,1.2619530447619205,-0.20320537713062017
-0.915004585749337,-0.17359188739217035,-0.1773101354383094
-0.9162594147733087,-0.6761985569615148,-0.13860194777606794
-0.9189522099818807,-1.2137206997636392,-0.17041522581377389
-0.9111400680879292,0.9219169505094976,-0.1959120561337484
-0.916015479924016,-0.2438797950573183,-0.22905679237262402
-0.9114582174468444,0.9418467758382136,-0.1439294020102821
-0.9120890873210373,0.7929288419553564,-0.15006381690098486
-0.9094286116652328,1.5842834269849702,-0.25842480197635004
-0.9163746950985858,-0.466299996356104,-0.08731695834654661
-0.9114906759314576,0.6898680041537681,-0.15653766878746317
-0.9116477462897432,0.7780692560794765,-0.1738480488330478
-0.9135483157820239,0.4223987503727285,-0.19869648141920554
-0.9150402633971431,-0.07987191734624717,-0.17495183630819972
-0.9168911558201261,-0.4913887134775958,-0.17632515013020658
-0.9062182991076557,2.3548009001435233,-0.25497077010101027
-0.9088603334169507,1.79932437740994,-0.27048679005636866
-0.9159016002385916,-0.2608596361405796,-0.1954169625775063
-0.9155971671266658,-0.33384574878481876,-0.27895360770848393
-0.9143039283491102,0.2045492767275005,-0.19870116672868662
-0.9183503359891686,-0.9830284061004023,-0.15189208152800676
-0.9118883800805512,0.8347975251097541,-0.19138520285502417
-0.911877532432684,0.869032684694406,-0.23470060087143563
-0.9127394968746443,0.6710886147317037,-0.23942269768212787
-0.9178307750136556,-0.7961068271511463,-0.16405756683247852
-0.9160205339527416,-0.3114903903942266,-0.20425897392653222
-0.9137558681360718,0.294397356733457,-0.18531506855460023
-0.9123108229656861,0.6904293431483571,-0.2443865601131422
-0.9138064536339615,0.20878913841806443,-0.15530933383427065
-0.9143418703452876,0.07980776998499536,-0.11058269075055864
-0.9115091095876924,0.9034663091998544,-0.2197856933938074
-0.9132054018386873,0.5071333136787515,-0.20234118117173616
-0.9156238595155448,-0.25110102607207796,-0.17372701566972695
-0.9158358666806325,-0.36598969277817933,-0.13366935655963152
-0.9137102847007776,0.349394647652821,-0.1748873513500345
-0.9150277937746965,-0.0455585356903599,-0.2300433646826582
-0.9131169555651305,0.41984743283925974,-0.22986645153780189
-0.9072081563709329,2.1573696851214166,-0.22821193505623621
-0.9113223913908693,1.0629730013489662,-0.19625598951314016
-0.9117421490863685,0.9396136580191606,-0.2686033358763971
-0.9104890708781188,1.351824501802357,-0.22482692157258793
-0.9144178594035874,0.13189037530552894,-0.10694350490401901
-0.9184277211780804,-0.9157387288516253,-0.1434122061314614
-0.9123273990364864,0.7222673584706126,-0.26669786992782923
-0.9122139797432081,0.7911208738712836,-0.22071544430557372
-0.9152817336385789,-0.17420190392454526,-0.1702870515594842
-0.9200488803503444,-1.5217337267663325,-0.07147266627005756
-0.9130129965756419,0.4183552435332477,-0.1655636661032769
-0.9070644312756819,2.159066106948804,-0.207492933517168
-0.920660321759838,-1.7302432543647468,-0.1545667785271735
-0.921151482630352,-1.8401453518219923,-0.05666273271543137
-0.9136722449371865,0.38408294706569585,-0.22288950137314553
-0.9128596284456668,0.47618981261856547,-0.1170763625076993
-0.9137885346238996,0.33113626678118746,-0.23055787553582632
-0.9123932634351027,0.65302060066408,-0.22648151262884975
-0.9071519999445263,2.2103688121100147,-0.2059034225094059
-0.9107750085840145,1.153836170234773,-0.266140379957257
-0.9179921013818024,-1.0490755741164934,-0.2415306210082701
-0.9153676238618533,-0.22493799706279202,-0.2485886498038253
-0.9153486839939,-0.061704722580705196,-0.16697060266401859
-0.9071872804312536,2.1027628590844127,-0.21648524076233955
-0.9128639683952757,0.5648319960647964,-0.1563361570031578
-0.9183938156622667,-1.1429115510639376,-0.09631751746747237
-0.9093885121993149,1.5645206882325473,-0.3003676088458819
-0.9172961171060223,-0.732274045004374,-0.23636884203678996
-0.9132479373180116,0.24385452024363743,-0.1966196270970835
-0.9192166122852504,-1.496234469156697,-0.16772234455252438
-0.9186138713456388,-1.2501542247622335,-0.25596175058164444
-0.9210790019990699,-1.9533843612554045,-0.2927259026531872
-0.9147263525666921,0.13094942228360076,-0.1977915576264101
-0.9102515823617573,1.3876567278892495,-0.23861806495472493
-0.9196616447714206,-1.3718951923676148,-0.08276429777568596
-0.9165234914720835,-0.5316720287213114,-0.18811918702417002
-0.9069717755851209,2.2127437112205763,-0.199551169089358
-0.915544870950821,-0.11968566712331982,-0.2164885597345843
-0.9094636709766014,1.5122556325889895,-0.25356726400119756
-0.9207961256918056,-1.7182458221931767,-0.19942499897452667
-0.9140974291337859,0.2781506655879892,-0.1784850195992255
-0.9161395890330282,-0.38380560601477837,-0.12224324142654776
-0.9187119768441716,-1.0525096118343038,-0.15828472054179432
-0.9173150625323097,-0.8327208788073686,-0.16453002111130038
-0.9062213577049225,2.3907505341060413,-0.2721045395865878
-0.9146226852059931,0.027987817578200947,-0.16313509285315464
-0.9163344259154749,-0.47769484048417543,-0.2752261507055794
-0.9180898993901551,-0.8712547538891976,-0.21562949532282838
-0.9087231797010809,1.7802599558575198,-0.2514010262048603
-0.9112449664208274,0.9561213228547508,-0.20148135603542744
-0.909433362347075,1.4951157111675344,-0.21443954372969273
-0.9140641050800578,0.26058134145868034,-0.21624051391306787
-0.9183896428223045,-1.0005480820665016,-0.19092534592513338
-0.9156187139461384,-0.18867414858754522,-0.2040974104020861
-0.9128105489145002,0.4234472691535747,-0.20683776856125843
-0.9197662310129533,-1.4235342020247288,-0.19094048863955257
-0.9196932680868242,-1.3645462404604947,-0.09561314944490291
-0.9192402515714674,-1.2334259053858698,-0.14024736333853072
-0.9151023220683308,0.03780973775063063,-0.20851362729675216
-0.9110349539009049,1.1188652620894202,-0.20912100484427212
-0.9179930514418576,-1.0053996549792472,-0.06942615343240814
-0.9190699949776854,-1.170719341844283,-0.0918227800601775
-0.9115415550460702,0.9390140026229098,-0.2773207704725396
-0.9192162826369044,-1.2972099864053432,-0.1516541761843461
-0.9143793430497502,-0.01304157154010093,-0.2558365988678924
-0.9090314316163758,1.601845530489758,-0.23936076700617445
-0.9146855842347608,-0.023991740208051986,-0.13450765419616836
-0.9161169858613318,-0.41259286843712273,-0.25546724023167294
-0.9195148166257315,-1.3358312697636223,-0.13586117550539917
-0.9154655911019162,-0.26922318079645563,-0.2508008584082721
-0.9101493651680007,1.2823200974384759,-0.14801898860888102
-0.9132454872009602,0.5102260125222313,-0.24696639326032616
-0.9193229742772294,-1.4114231327048754,-0.26693934521900375
-0.9124085349222876,0.743518959386788,-0.18973509648523698
-0.914968175204611,0.0232236134650305,-0.23769069386324843
-0.9212270660297224,-1.7152423515254147,-0.13547018344540082
-0.9159185380329683,-0.32932365345033704,-0.10664613186005421
-0.9128724508077817,0.5631347464437697,-0.27720907951051077
-0.90809280709905,1.8520007857525047,-0.253860083502947
-0.9093365918342651,1.4625413084505485,-0.14700769397171987
-0.9172812978345336,-0.8574154738391861,-0.13621803024583273
-0.9114684824877014,0.9747190068526733,-0.2563910180686524
-0.91094247238875,1.1906000899341993,-0.23786760664781664
-0.9080432780907376,1.979430021793937,-0.18183080480584776
-0.9140819962042599,0.18806479125316386,-0.2303684889778938
-0.9081802087153814,1.8545701711440918,-0.18230775022049125
-0.9082021921703612,1.8699896642925506,-0.2730563378312674
-0.9075223497523889,2.174424760167569,-0.25792012043533175
-0.9159085949907076,-0.3694942033565834,-0.1294962306401099
-0.913623450646026,0.3975549517124818,-0.2730761257245416
-0.9086133808278197,1.6933473567182822,-0.15103877249265701
-0.9144646646120969,0.018185576949271934,-0.04426926495034762
-0.9188747725825921,-1.3192280920116835,-0.12047579544337561
-0.9162418818331222,-0.33122563491462725,-0.2002445757874151
-0.9116147521026369,0.6856021138884774,-0.18381818319056675
-0.9148918826227705,-0.06896575249157112,-0.16221437861372096
-0.9074072319887924,2.063263377051895,-0.2156762620448315
-0.9139233622182542,0.12755539639828314,-0.27893166241959094
-0.9107151996357938,1.262139693698745,-0.25184102551886905
-0.9154688436079159,-0.22644544691221224,-0.1616652625949237
-0.9161174537061524,-0.34887102533043435,-0.10164835666557497
-0.9166215491883931,-0.5305530790097337,-0.10330619399090005
-0.9162061193636534,-0.37221167778206166,-0.13659918662464243
-0.9156414162848687,-0.31461575107569567,-0.17941073196418975
-0.9170854465802599,-0.8372035366357182,-0.24392304335171125
-0.9160840238724783,-0.3129991940408599,-0.17038758371317217
-0.9153401378342645,-0.22190360312117308,-0.17522034489269123
-0.9116883886268535,0.8851312794930514,-0.23433983769199812
-0.9158122741088287,-0.2602410794973778,-0.2079416382901065
-0.9091828154655511,1.4528388632152487,-0.2538391531948333
-0.9129449599572044,0.5631728416314087,-0.27880744541251234
-0.9065940811589235,2.337176331397019,-0.19545166357734026
-0.9152468810921561,-0.09944120560078529,-0.18295596582706966
-0.9101927124219207,1.3132869864817656,-0.2703290263190743
-0.911391406286504,0.9219162567779309,-0.22123045940174824
-0.9161838659774089,-0.45483156369325256,-0.1875409393752646
-0.9203018982286387,-1.5972810832476863,-0.09830827379346971
-0.9185224122107591,-0.9067958427728056,-0.26346281629167323
-0.9186275048089156,-1.0729608632368222,-0.06569844092654745
-0.915409163289594,-0.15572986041222986,-0.13961412164528195
-0.9157912462512587,-0.3176778516321964,-0.22957015124581842
-0.9180854150574955,-0.851431106950526,-0.21165686477915596
-0.9154085684469949,-0.27955403229850484,-0.2116430578194906
-0.9132408941359027,0.4908108330998895,-0.24750573353964897
-0.9098011038438057,1.4176960458084755,-0.23910659790580058
-0.9175872558953345,-0.8182639143168259,-0.2764768166494933
-0.9168224345074363,-0.493762016447461,-0.21014217717088557
-0.9064600251169935,2.334229573797312,-0.17653717542617242
-0.9123850328329668,0.7606396236807488,-0.24523024416677308
-0.9205661199094003,-1.7320825890735443,-0.24423606729541836
-0.9120314305948677,0.849748792648041,-0.21327742828309115
-0.9124821663691984,0.7213122703569103,-0.20137681560775128
-0.9165261019447057,-0.44953221981273045,-0.1858078833152261
-0.9144110629685369,-0.09776170804700247,-0.19486312269204611
-0.9135371905479145,0.38554677598572634,-0.22550894971485597
-0.9093328595912022,1.4584260039173114,-0.2170089883276258
-0.919680009917694,-1.5139321817007694,-0.1441944131123623
-0.919275138707145,-1.3121618502705925,-0.1983690904046482
-0.9162268005791271,-0.5522223930409238,-0.2098545726484085
-0.9119140417612689,0.7627922351495132,-0.1544967447700099
-0.9139715649041561,0.09368985797577215,-0.20589006690932155
-0.9125792425659431,0.7261304356131457,-0.19763469289866192
-0.920093490905974,-1.7357755075994425,-0.14989160426369286
-0.9138672011311046,0.25931449875415874,-0.25663144456208553
-0.9150946069226159,0.008981479548906025,-0.23330745219089102
-0.9110682271356022,1.191276404440049,-0.2115931090158124
-0.9178722706813273,-0.8893034993884131,-0.14732851098225316
-0.9101406696321253,1.2045473554768646,-0.1955594004178831
-0.9153237669849564,-0.301038345362947,-0.23706321778701245
-0.9172877580537275,-0.6598803945860173,-0.2728862181009723
-0.9170559532941229,-0.6614219063839285,-0.2508221177607497
-0.913492139343617,0.3092636692358712,-0.11102498263345549
-0.9148995314610693,0.10818992964696167,-0.21010935172719528
-0.9154323874531834,-0.2584369835498033,-0.11185888548566356
-0.908764237246593,1.7808449016997074,-0.2581610484339235
-0.9214313482708331,-2.002741982609562,-0.16925496385765718
-0.9173553668186114,-0.7335773361637373,-0.20969051786684226
-0.9167027206220364,-0.5480984687537593,-0.2138332843884214
-0.91269450532732,0.6528953356992642,-0.2194146413842132
-0.9095955903374409,1.441640016575877,-0.15651707541555843
-0.917297223489347,-0.6876201748430937,-0.1755111467352387
-0.9105314883473308,1.1915314716203902,-0.2029727865788588
-0.913484860312924,0.3861682935272302,-0.17073706581936102
-0.9159041929360585,-0.3387173116271222,-0.13206954835625861
-0.9175605767699917,-0.8691900701867559,-0.2576278511469429
-0.9168253028300528,-0.5987481034002159,-0.1383215448495659
-0.9159321330419316,-0.2230755360756542,-0.17697912983679176
-0.9111570865100723,1.118564898359032,-0.28959824828712644
-0.9140743435450575,0.24092626440355025,-0.24536937470046985
-0.9213043193026883,-2.0378082503497974,-0.3126813450232847
-0.9105190968150434,1.2260238935747527,-0.2444217939066009
-0.9137336286047854,0.2781534723838737,-0.13398933184711048
-0.9074599767774651,2.118474996056242,-0.29478168169776126
-0.9120043628978968,0.8678617098055095,-0.24534463802208306
-0.9166678250029857,-0.4839074785404749,-0.2433833968185473
-0.9147295840876225,0.06473466444081656,-0.1774862005001349
-0.9127640008176535,0.5649785105164675,-0.17399368198741189
-0.9149782114525268,-0.08305044725190236,-0.2094383777310143
-0.9132728517656022,0.5219161684818547,-0.29553255256668376
-0.9166877716096893,-0.5841704754389038,-0.11501552249035203
-0.9151417375915241,-0.17498067062603023,-0.15141773163871247
-0.9130195080045436,0.5457859667400429,-0.1877340463873975
-0.9134055277254105,0.43675269002777095,-0.259852061021227
-0.9187170456794628,-1.206923088954623,-0.12503105588785174
-0.916975891897791,-0.5527150428562201,-0.17887145950873704
-0.9194653012578685,-1.374544165614647,-0.2799319145103977
-0.9074857862657884,2.0494168220493676,-0.2362835915363702
-0.9134088971473665,0.3685073034768745,-0.14562218952630068
-0.9111653240343903,1.0656448207157958,-0.20202133802564004
-0.9157708997256921,-0.22813262834630604,-0.17272251806682215
-0.9118642434234855,0.7438114324414058,-0.12028432841728488
-0.9196012045950134,-1.5362388641076679,-0.24923812437629503
-0.9130525243143036,0.6025737835384267,-0.21936550595939502
-0.911359370252704,0.9052930816731026,-0.12576294781570702
-0.9154558126100804,0.021271682509581804,-0.2008063781035207
-0.9111782391199117,1.0276727465010107,-0.28254197045348983
-0.9186989492146572,-1.1377423348668831,-0.22522051154447376
-0.9166886166998345,-0.5136823697555055,-0.18735868773111738
-0.9152888592426854,-0.1524473540680003,-0.21494189555356574
-0.9143559250672053,0.24232019008545932,-0.19942699551188245
-0.9159180925167418,-0.34814209181751216,-0.13175263853781066
-0.9083774924084741,1.8352139707268595,-0.22339681011465817
-0.921452165832056,-1.9720776800459432,-0.2218373049001996
-0.9059373124571104,2.4619641903555354,-0.26481346422100277
-0.9191545354516871,-1.3700493288736695,-0.21132554979806692
-0.9070879138313568,2.123104022571505,-0.23506491887444367
-0.9170914088739441,-0.6793001282171359,-0.1761040237311651
-0.9178183970650258,-0.8361219443838779,-0.1747521898143819
-0.9066370937862989,2.3037250075161446,-0.17973542393900516
-0.9127118606124904,0.5121107716300312,-0.1331696827036966
-0.9158076106820267,-0.40129497520043594,-0.14644710094295124
-0.9098369973195227,1.2769318433703707,-0.1458675117621859
-0.9166695782354125,-0.49380864081622444,-0.10064360616680904
-0.9144246834163906,0.1523144983683526,-0.2351932715216164
-0.9140904034939303,0.2606675311751786,-0.14987536351427097
-0.9054949632568355,2.5164114901995993,-0.24322844829677137
-0.9142296882414449,0.23558831915509726,-0.19788783396585038
-0.919361505919192,-1.3549302724183436,-0.05837842673638803
-0.9086763019313525,1.741464075891426,-0.12321851270887933
-0.9171594733314333,-0.8316416137627253,-0.18410100528540752
-0.9199302199062841,-1.6404318937990716,-0.17561236449742054
-0.9160172451026443,-0.37228162038107865,-0.1474950427283009
-0.9160033771952526,-0.4053591418451424,-0.11277487759847857
-0.9124574067768505,0.7059487159869111,-0.21998752019278725
-0.9207469875966872,-1.7354660772997237,-0.27806853413223975
-0.9135708016415927,0.314119309562248,-0.20869091333999237
-0.9120253990464631,0.7786750994634315,-0.18679855298104409
-0.9201613256379775,-1.5414568799748678,-0.11292836576395798
-0.9193827230594325,-1.4113207747196455,-0.2740595173522616
-0.9095054899857912,1.3297800317150925,-0.15210444006585722
-0.9199402413657775,-1.6343443280396965,-0.15835365294870035
-0.911972263483574,0.8132871910647691,-0.26323092216466637
-0.9143473876742007,0.15296226920121125,-0.1983191194916464
-0.9199587070836842,-1.449739853996166,-0.06336997381218827
-0.9174597550094306,-0.8044158018238672,-0.09871223197667185
-0.9112776146019091,1.0093118727376527,-0.2883315411707122
-0.9187496551012235,-1.2728657911665868,-0.25978376830441036
-0.9145561597880371,0.08172915452888296,-0.13218182579799456
-0.9139711013331063,0.17093476611075115,-0.19417155994714846
-0.911971862561461,0.7979061360992896,-0.16239085663352248
-0.9184802496601615,-1.1096569286953173,-0.09939708178333613
-0.9145018939882261,0.027687500565107947,-0.18989725426607323
-0.9155932288404055,-0.4977208104595455,-0.17926236258018238
-0.9182597949330603,-0.8707063329672067,-0.22946272500283435
-0.9156167085244932,-0.3942291427807734,-0.07371015822087706
-0.9205189819844665,-1.5951855701271176,-0.2809009195145055
-0.9185054383401882,-1.0113189345513376,-0.2057461156229606
-0.9161244635290522,-0.3524462772989293,-0.2068748551792184
-0.9135850852283376,0.2703897937633385,-0.31152645239894045
-0.9102390123669002,1.3297622210216737,-0.23555389189373266
-0.9190133569329679,-1.1255050594052238,-0.1305741508234463
-0.9118873594554334,0.7793852409177399,-0.19696738106125694
-0.9117715275261855,0.920050250285113,-0.2619154095412021
-0.9117458989912088,0.9032189987375121,-0.2355790758253768
-0.9150884610411372,-0.228298026127516,-0.17255436548452452
-0.9144284795785039,0.2059014709648236,-0.19754375170829175
-0.911547831216483,0.8864871026737166,-0.19957833994336868
-0.9161597346096386,-0.42392943065262173,-0.2413645877785423
-0.9140367245668891,0.22287191722019822,-0.2721415778910279
-0.9119246377771206,0.8083252448211621,-0.27606450348820977
-0.9186962754440251,-1.1759612006456612,-0.26092411800507737
-0.9198165225570071,-1.5453732108972846,-0.21046170957506538
-0.9180462225119853,-1.0572745805943686,-0.16980520921651696
-0.9123146878039687,0.6026674734099259,-0.11018366259624689
-0.9194882545936931,-1.4767286985109296,-0.19445036049678036
-0.9128336298112938,0.5646067601745055,-0.2005685545159092
-0.9192683803139848,0.025505493072961384,-1.603687505977655
-0.9141052453636281,0.13017630538327987,-0.10848722979347962
-0.9140718881609025,0.2248104223312524,-0.16715829200316668
-0.911728697013549,0.8151372466559356,-0.1677384191800232
-0.9194678152265908,-1.3209759441036235,-0.1853179992307149
-0.9170275035514616,-0.6358930312710216,-0.17129153256501625
-0.9168670063063119,-0.5646599292646836,-0.19371262418948704
-0.9175556674669976,-0.6558559806199679,-0.2358941949824871
-0.9123115145956673,0.6723575376390881,-0.163561293867139
-0.9191770856752395,-1.3572502784448233,-0.16231708721487417
-0.9182441584616462,-1.012535204304205,-0.1916905419669055
-0.9104697152287996,1.2064449633538945,-0.17435433753685697
-0.9134695103255897,0.10092798253068981,-0.13103481789616345
-0.910354404006609,1.262896414790169,-0.17182879278784405
-0.9113945341296035,1.0836829183721333,-0.18699425921537458
-0.91171120740522,0.8481100407133583,-0.1444732472152908
-0.9089979351743341,1.6337200562241092,-0.10017191622274492
-0.9158352422563252,-0.2764503551654258,-0.13816841442810845
-0.9069020872030381,2.4345631916950246,-0.28063239745132945
-0.912711685484419,0.6355284757915017,-0.23232392506157684
-0.9091559688783182,1.5836305918441729,-0.25520754875870144
-0.9094687558524626,1.5300498517655674,-0.24616625688267837
-0.9145031140573335,0.03861568191563336,-0.160460171938733
-0.9080642193493287,1.908511584864915,-0.18459675276977294
-0.9174061797979342,-0.6816438698188988,-0.1190025269463882
-0.9197441574885464,-1.4327030775703231,-0.14863244192310554
-0.9114891492781825,0.9605006288220114,-0.1466017365862019
-0.9138784103318768,0.3433499321308062,-0.17394090077858548
-0.9141055884291917,0.2593036946177046,-0.21713131685675852
-0.9126275066234436,0.6095985615312101,-0.16833243242787382
-0.9106314196816155,1.0126236553361632,-0.12400479185366468
-0.9152717418443188,-0.1684035451819768,-0.16398395640131883
-0.9172890448898169,-0.6712683607285006,-0.18275589412621202
-0.9200917790406691,-1.7151529232028944,-0.18808685244261497
-0.9134541506573904,0.34402448837067895,-0.27578603783663025
-0.9156318731558823,-0.24655570976657054,-0.2507765639348952
-0.9175929647434545,-0.7598557884869849,-0.15855993324459705
-0.9115213019747288,0.9570009471118877,-0.25905271732859
-0.9120788859255096,0.833803406461792,-0.2293297647215296
-0.9159598270723268,-0.35364692327307007,-0.13947558535026397
-0.9199265630573809,-1.425856153385776,-0.2629292456813255
-0.9175678382040473,-0.7911779465241694,-0.1673162995411925
-0.9177914053524598,-0.7018945068624614,-0.17665321663933276
-0.9122568301715996,0.7593609991668322,-0.281643453301777
-0.9124908906170932,0.7608402462596507,-0.22557295852986287
-0.9140382663536147,0.21926521286770254,-0.15517166977862926
-0.9130683215732099,0.4033505478429313,-0.18862946856525775
-0.9125902237718877,0.5950141206145323,-0.25280102088451345
-0.9184295842654658,-1.0163931211430128,-0.15898234375092551
-0.9114926640761578,0.9042875787992636,-0.19103471272655792
-0.916358855103349,-0.4385531071521559,-0.20062686832873064
-0.9202270639732089,-1.6438890009514828,-0.19518356207358498
-0.9177449463557421,-0.8659636617725452,-0.11831961278307593
-0.9127774654218925,0.5648805551748782,-0.23343380892745524
-0.9131400189787995,0.525032114725615,-0.15582595443317077
-0.916303866501174,-0.336330595875581,-0.2256713910699543
-0.9157500110065685,-0.2970819176092005,-0.13022610015592062
-0.9164383233295974,-0.5114561715897442,-0.27387971738476513
-0.9170102083619176,-0.599979053671647,-0.19429661435368084
-0.9148175215824389,-0.0069339344369824685,-0.21134390662470534
-0.9089680690119173,1.6732239313153108,-0.25995512536543175
-0.9089797781423752,1.762763750587877,-0.252438516074465
-0.9185331372287728,-1.1214444476760899,-0.23659144924872264
-0.9128427638297669,0.5607492241028851,-0.11850336235211077
-0.9089096908296042,1.7985562285848067,-0.2712379558755028
-0.9177488874790933,-0.8689879602949878,-0.1554417412472295
-0.9188389578526145,-1.4061459699766374,-0.23305090535085976
-0.9160145686605279,-0.32851302605202637,-0.1522194815800843
-0.9168699145742093,-0.4767476384555409,-0.22216119980166313
-0.9183893867818799,-1.2781784575739443,-0.09600999304224007
-0.9098178943930921,1.3495515517023833,-0.19680344486868603
-0.9140282137595921,0.20028010019814627,-0.21610350466722517
-0.9177516934868741,-0.8859363102225195,-0.20313801604112586
-0.9113229715248002,0.9946712083483275,-0.14334602867860669
-0.9162415167410507,-0.5863075480196238,-0.20195137707329575
-0.9101291325485955,1.4161247280823657,-0.2577894639405655
-0.9122752277302485,0.7068161260052386,-0.23714740802237733
-0.9128225685321855,0.41585760263971794,-0.16028731936313795
-0.9152217353158875,-0.18704147290774523,-0.23065681874846897
-0.9131539400325944,0.424236586611974,-0.1533327386119071
-0.9205643764450601,-1.8168436931006087,-0.1304434032647399
-0.9161505283757563,-0.4386012464708599,-0.18509227002515916
-0.9137125966085381,0.3405100533691235,-0.10532594362299046
-0.9148880267623698,-0.008598285671794307,-0.19538960222359059
-0.9126628813367997,0.7412268182913442,-0.22014000939261763
-0.9131974129183635,0.4352382881552895,-0.1634641025037066
-0.9183737882170022,-1.0152841316572765,-0.21495129892578962
-0.9138058897247403,0.2591301620804886,-0.1687733294325751
-0.9195241692802311,-1.197680049692764,-0.18696413487251587
-0.9176486661911771,-0.6895102965809536,-0.172411317476434
-0.9156451907834041,-0.3492994564723682,-0.20312479792593513
-0.9080871551266015,1.9944589068029677,-0.2576072728250381
-0.9170408155029374,-0.6403630879029271,-0.12402991715457347
-0.9144239291794316,0.20628503054171565,-0.19597125106368335
-0.9112754662489534,1.0123960456235883,-0.1780456172019413
-0.9066971460802125,2.28461023555673,-0.19708489300863433
-0.9119205234517894,0.9219428455301392,-0.2240656704588532
-0.9159633047929091,-0.3133413412525643,-0.20480089554581035
-0.9109321653510303,1.2176141455428147,-0.2475677591484017
-0.921458069381094,-1.8887422918669945,-0.20146815580540176
-0.9095717800080181,1.5480874225427135,-0.15310459844666732
-0.9183098385469125,-0.9760364087046918,-0.241709592574026
-0.9160454827283342,-0.36918706704645043,-0.23570682892197917
-0.9176214074168201,-0.8543792506794392,-0.27541685270718935
-0.916828909224602,-0.7307429698821379,-0.22045268243437707
-0.9171011908311608,-0.920439742952633,-0.13016835130311932
-0.9095515176058644,1.2803543525586696,-0.17273657771455017
-0.9129147867243353,0.5301346589381551,-0.16860156174438995
-0.9188974546335775,-1.1773359622163053,-0.10641024447444987
-0.9151678068577908,-0.10376015628754975,-0.2023901685979871
-0.905717740552531,2.463433932950835,-0.22691772501212645
-0.9097749896678297,1.4550040289990318,-0.25560050065048007
-0.9111188051436719,1.039355689961201,-0.24086418274972946
-0.9113160681284994,1.0815688624810604,-0.2158829804925066
-0.9170455902564609,-0.675036934992283,-0.2997033270622943
-0.9140511031692481,0.3429892945168573,-0.22474133581581088
-0.9172198426380046,-0.5926156311119113,-0.17163180654545293
-0.9073148483320592,2.047284759735523,-0.23164352877992794
-0.9169446957799394,-0.6355636364005207,-0.2466745863139923
-0.9165420126445434,-0.35334817269582597,-0.20789898073143095
-0.9151288800333124,0.026188397054937904,-0.2133599277680086
-0.9170594709178562,-0.7234123031581217,-0.15493788662402044
-0.9113285189933833,1.0465098908815187,-0.227053039051961
-0.9168333884949988,-0.580289049529936,-0.15035897047162783
-0.9094080759438846,1.583968777575003,-0.23750793112833393
-0.9148559627491567,0.008482591329340875,-0.18424354651576358
-0.9174650973113238,-0.8328061956760282,-0.2328387020672368
-0.91525366182379,-0.21074075912090717,-0.24332563211869196
-0.9179587471657252,-0.8567500370652787,-0.19821536354855523
-0.9190102571298694,-1.3163772581540867,-0.12349237663351423
-0.915644841966804,-0.191772352478362,-0.21249759842415025
-0.9134281593481881,0.4524819796261252,-0.17502936684786702
-0.9177698952535703,-0.8321858492994058,-0.2386705369377688
-0.9168322338267492,-0.6200996060891165,-0.0835897290244774
-0.9171878138918031,-0.724774572176455,-0.15751602738349293
-0.9124877429430981,0.6489986153815962,-0.19283896272188675
-0.912635337297984,0.6118464846714005,-0.20932767771904848
-0.9174089602345944,-0.9571734827009707,-0.22281414811221414
-0.9135987955983513,0.43840269349862493,-0.18260928254239625
-0.921800934647722,-1.9250692220701373,-0.19243405263860405
-0.9159199798600957,-0.33086377959539554,-0.128418780649363
-0.9135644851507265,0.2757527761613423,-0.16944418269591582
-0.916113308196821,-0.3817588085103378,-0.15395698712133196
-0.9203917369255643,-1.5936996029534336,-0.061894957111303286
-0.9156264849843014,-0.331331577730999,-0.15041481613023314
-0.91682716053311,-0.6084396910574328,-0.11605902921756507
-0.917867016121285,-0.9791371524508884,-0.24034518480886816
-0.9198275116167209,-1.6410141264125369,-0.24095025621686714
-0.9156291361423923,-0.2755399347766558,-0.12188747116131808
-0.9141383836793744,0.25917852381379763,-0.24875368426870784
-0.9092458160748859,1.6558310519037087,-0.25040041582711825
-0.9110705408584946,1.0667523507685397,-0.14572381687177557
-0.9141347703954356,0.2375326466861918,-0.19917922389119042
-0.9129763124432791,0.5278185599695786,-0.2457446849163495
-0.9120615506767017,0.7610861630426042,-0.1862766736723404
-0.9139921736411054,0.24163522017493405,-0.2344133837631044
-0.9198480287312734,-1.394433130475431,-0.12053254552970553
-0.9205383435307104,-1.732386552179186,-0.15547248957474588
-0.9211646596897585,-1.9166209711884759,-0.24936701906987713
-0.9141852852730067,0.24201167279332433,-0.21181078833502287
-0.9166641802600171,-0.48798509428622167,-0.131070943274035
-0.9105436953887776,1.078937777890431,-0.1809088527808115
-0.9116430907761853,0.8507000037037669,-0.20755817268402643
-0.9122294833868241,0.8514417053278245,-0.211511008470183
-0.9105018841769501,1.1716148694712796,-0.21485572221156624
-0.9139569730013931,0.2881024627210594,-0.20949323844680878
-0.9143920833874188,0.05890364421123585,-0.1351151946186795
-0.9213215222382517,-1.877730901953121,-0.15703260327370683
-0.918037808172201,-1.0859703238900018,-0.12041026864450505
-0.9138318751543937,0.13914557896983842,-0.091570148713621
-0.9181748785514362,-1.0862704316207656,-0.23880175593205238
-0.9184381039509762,-1.0025447469396758,-0.10701285022897115
-0.9123336683021249,0.8331085366211649,-0.21027580343061325
-0.9175872477044137,-0.7287275018661364,-0.11799104901969551
-0.915244683338238,-0.029901616296616515,-0.258962708654302
-0.915263271967995,-0.17094226504684268,-0.21634558682799085
-0.9143459713473024,0.11666512284488308,-0.13425013432715224
-0.9165061523684462,-0.6013505773802809,-0.1796576300837023
-0.9202061504308222,-1.7151642534895175,-0.17058102509416614
-0.9132435313479561,0.5098973659416698,-0.20433003734957766
-0.9197631829620563,-1.4278198164546991,-0.09164166585559383
-0.9173986742942948,-0.801832182778215,-0.2908326108418215
-0.9188122406922993,-1.2124986768186508,-0.25458351418803277
-0.9137089497312579,0.45037400649754666,-0.16311332323773353
-0.9172412196908084,-0.6352388179008549,-0.1685601832306572
-0.9172781720081687,-0.7301478620929303,-0.1320987950975347
-0.9166676529872846,-0.515107230410288,-0.1959373609108971
-0.9214023214947366,-1.980044125484838,-0.12178481959771131
-0.91236744772672,0.742743902155636,-0.24430221448732808
-0.9111011005174748,1.1377548130328772,-0.21738001221942796
-0.9192951370783583,-1.2698029055486755,-0.0782685418118336
-0.91650101792475,-0.617487857084059,-0.14175874241003036
-0.9134398301882153,0.3479081257815614,-0.10621347664300006
-0.9167910589062066,-0.5823378711503258,-0.21264344589812112
-0.9124632682809309,0.7399261502775077,-0.17773358259484945
-0.913785440340859,0.31389474526096184,-0.21337052043377422
-0.9136275338286232,0.2873827230672146,-0.1495067646211959
-0.9191282095285287,-1.377795848046904,-0.14269692525096264
-0.9095209901855277,1.5482930362080376,-0.26356133203652604
-0.919875199513552,-1.511586895452272,-0.13474482902686385
-0.9185648488111442,-1.2503772379803126,-0.1259248478645401
-0.9191541128714734,-1.4632006289264647,-0.2202403404516421
-0.9136649358401868,0.3308742083912733,-0.23273115557658325
-0.9133728024741465,0.3969032161751878,-0.25281287689034493
-0.9153178346943223,-0.11572277109390253,-0.17583562043136053
-0.9167218326745659,-0.6212017338558001,-0.28929849770678845
-0.9167201016018647,-0.51539629517396,-0.16928712052363587
-0.9189323138877806,-1.1757857738150628,-0.1880996784827202
-0.9165380761179385,-0.43800353554594795,-0.18887074824761366
-0.915057925675763,-0.2833301249090113,-0.18359674337487095
-0.9205112918117426,-1.5199803383330228,-0.20849388115256096
-0.910320341584869,1.2462812282622204,-0.1839120675507513
-0.9157880515969115,-0.3999476066941874,-0.1829730044143832
-0.9164440610102059,-0.40240295387611175,-0.1990951978616865
-0.9080069079967688,1.8670585466336709,-0.16140001403273332
-0.9207713496847624,-1.6845501324151748,-0.08871476388323567
-0.9155200056016701,-0.29998395095331665,-0.1856996431121128
-0.9094774080506007,1.6021240334660407,-0.22468170370463375
-0.9147124534762616,0.0071937649405113095,-0.2552783010913825
-0.9173765709924863,-0.654202004389903,-0.16830492311453357
-0.91514715724823,-0.11321042239567215,-0.10504083987600248
-0.9100780440922203,1.4049042293857898,-0.2552562131949492
-0.9129864149638987,0.4334228542258025,-0.1701596136651094
-0.914266759575826,0.16905577003313316,-0.24134811370372047
-0.9134133854933548,0.507110334973534,-0.168051361486502
-0.9112024712049583,1.1154177738963935,-0.25340270783595115
-0.9120758950106149,0.8857319548205367,-0.23430710124268664
-0.9186646759605899,-1.0884869619749502,-0.13308589319349232
-0.9169626133346678,-0.6227518456775492,-0.3128914781724595
-0.9122493061559918,0.7399526703670649,-0.1505244778518541
-0.9145864477858505,0.02320555080138451,-0.13219853863649228
-0.9123515168919152,0.7766699351495676,-0.22572163670952256
-0.9144687479565546,0.1522615799202047,-0.19283490858710353
-0.9156566604502366,-0.2647141714048477,-0.2071020955598141
-0.9213935788299612,-1.8915217075293054,-0.19957757979854024
-0.9161022708173525,-0.426886561755713,-0.11226407544836468
-0.9103384332982892,1.2614383089801742,-0.22416872331611096
-0.9094045534360069,1.5457518836630237,-0.2836330202301831
-0.9180082499156194,-0.8215960890035388,-0.08555096805426671
-0.9142981034542794,0.11778549628578536,-0.16155563843792836
-0.9166915368877273,-0.5876937042586551,-0.17699055516371548
-0.9160866803990598,-0.39976005112362134,-0.1429017764617298
-0.9142252260718104,0.18521355584069893,-0.24361694542699383
-0.9150035304252038,0.0610382032543052,-0.2081381591451322
-0.9181434993664894,-1.046011914875218,-0.19480616508602033
-0.9125856482973497,0.5652371438289497,-0.2093667448607104
-0.9110872056236179,0.8623668967040742,-0.23940148658201987
-0.911037187094382,1.0310308746954384,-0.24923631816181518
-0.9082976737145197,1.8705612642226663,-0.18219691065137297
-0.9190689509374008,-1.448315219712298,-0.23725512563920267
-0.9173707625885981,-0.8391750988314651,-0.24427436416319973
-0.9144928687765332,-0.10632439055078066,-0.22696603964128928
-0.913055756616519,0.5445627704032772,-0.24479840800193314
-0.9157126911416996,-0.27994649328413657,-0.16091971039886452
-0.9139565486949257,0.35013471287024983,-0.1916758502395955
-0.9102011303492911,1.292297342895892,-0.22553997200753736
-0.9129047209265483,0.6182248848394039,-0.22210630599919431
-0.9077036850196619,2.0128182519629507,-0.2605665319967824
-0.9128107290072686,0.3847594072214157,-0.17155796865176925
-0.9090387201532143,1.58095775569186,-0.19526847218089552
-0.9165471992283141,-0.4743640694619454,-0.20896863346315275
-0.9147687525482556,0.16720534768447198,-0.21775444251110493
-0.906393944146348,2.408192654983441,-0.2589458445226905
-0.9159225832821051,-0.3303483141726239,-0.18645257962328748
-0.9117168316146869,0.8511230046940002,-0.17489659530944424
-0.9170959406213256,-0.6168775189490809,-0.1685238978300955
-0.9154069871474622,-0.0669320469730977,-0.14231571904590298
-0.9081954031260236,1.9245713920718255,-0.19258384118633534
-0.914665134119005,0.027786218728012145,-0.13166436834188125
-0.9146188435588579,0.1692259049973514,-0.19519052913320825
-0.9108264982466446,1.120257194015314,-0.17109548978434666
-0.9111045823971402,1.241827054785515,-0.24736553424344299
-0.9076778407801054,2.033211243513865,-0.18636315823858093
-0.9177067816279151,-0.8848890817620412,-0.14712240088741232
-0.9194519400296607,-1.3695271515615792,-0.23039796876241755
-0.9199950303680212,-1.4474389259865568,-0.1242948471858101
-0.9210654575304299,-2.0190233543021523,-0.23557357798300355
-0.9162044698502927,-0.4034261554224111,-0.2322528747558388
-0.9195316667622374,-1.4667160945451547,-0.2926971622241674
-0.9156670309753582,-0.299581970243599,-0.13427486504675687
-0.9157821458226706,-0.20935277904688437,-0.16763233642877398
-0.914466724248106,0.18769932629079136,-0.17188063982886562
-0.9148314351398894,-0.026077539053150474,-0.18270973754318
-0.9173724076644213,-0.7087673448137675,-0.19848274472860755
-0.9108066016853391,1.1356642009536881,-0.10775556481849743
-0.9102967362759525,1.3155131654860173,-0.20846557058546486
-0.9104558470915498,1.1683670819518577,-0.12657905347272574
-0.9157507746858337,-0.329475438086266,-0.1485403292115866
-0.9144732946444851,0.09631592366036834,-0.20833467776485337
-0.9159996295193386,-0.27739066099827414,-0.25037435316086787
-0.9178272036764552,-0.8399757664056667,-0.1133404240535886
-0.9186858732103598,0.02824504957209081,-1.5997347986048776
-0.919632859166712,-1.459487660786698,-0.22233632355330382
-0.9166080760109444,-0.42205056965833926,-0.24257625669578622
-0.908889434656039,1.6731700921762873,-0.19015575752864125
-0.9145264187997062,0.11528725830506828,-0.2327847047251773
-0.9149787806079422,0.044469086160127264,-0.1968108337774079
-0.9141947038480565,0.1860991230298295,-0.2359418922417589
-0.9138218621157475,0.16515879851612228,-0.17985937349844144
-0.9163452577574176,-0.49345427924652663,-0.1294719208642238
-0.9197970674612597,-1.2983655383594817,-0.1955403969808151
-0.9171981724743632,-0.6353022857895241,-0.20906372663812703
-0.9195812208211711,-1.319576393046156,-0.10002214088672114
-0.9194436764139867,-1.477219528032783,-0.14364455743540688
-0.9168574256387936,-0.5869124767159805,-0.2103342057106316
-0.9089104393710055,1.7081655959547453,-0.29294777212262335
-0.9185025938654898,-0.9348463731058564,-0.22599090294685603
-0.9202955202296895,-1.6992321754566935,-0.1797592153606335
-0.9148124940921967,-0.007238644368414967,-0.16274364415971534
-0.9162641711259292,-0.5312777329672589,-0.22819773167158278
-0.9151108553802441,-0.09669379388766641,-0.12760687499529302
-0.9193577563995005,-1.5469494535627666,-0.24225036381649637
-0.9141602253347245,0.20608230073580075,-0.2526105038366219
-0.9102892077309387,1.2805003198479985,-0.22487327889457834
-0.9158626180477584,-0.4381171164563922,-0.250870385900214
-0.9182616299420178,-1.0185110037352065,-0.17019049970999817
-0.9197063026612081,-1.4076458199744242,-0.19027996370770728
-0.9158745499654118,-0.3680397476205598,-0.24437045295644905
-0.9160821664040871,-0.47824041086212826,-0.2611661574697287
-0.916502659515939,-0.6360796106079726,-0.22329724782772614
-0.9183572660185011,-1.047288005070967,-0.18978668318397554
-0.9132308801348809,0.4927362746176392,-0.18650054317573825
-0.916524121383318,-0.5317905403416825,-0.2221243317722965
-0.9173073824074623,-0.7300675274608012,-0.20209382171136542
-0.9147536250291692,-0.06055267110712429,-0.14506381608072424
-0.9160397152091412,-0.31249539229572,-0.17292752679274587
-0.9125107501735191,0.6539130942209994,-0.22954796973624167
-0.9161868987850043,-0.49154166635495383,-0.1527449746509709
-0.911289283601323,0.9589501277412523,-0.22930929262525596
-0.9108133425358101,0.9308343980846995,-0.1941136728198146
-0.9111162072627453,1.0613298777567073,-0.22824025472279147
-0.9151394234407587,-0.29929187792560785,-0.20564816640687963
-0.9170846302850908,-0.6636427430106728,-0.25962070301537193
-0.9159390901461996,-0.35285643169424763,-0.10481472105435316
-0.909289126565011,1.3714276798001706,-0.1845811557455272
-0.9119540779565949,0.7440394620308907,-0.15318066857311327
-0.9119578366116705,0.8319395184691463,-0.2537034949761492
-0.9196601757300333,-1.2805158068776035,-0.17114148234678508
-0.9198057942206201,-1.5912187194492835,-0.22200387873835628
-0.9199747701352334,-1.6657360538349415,-0.26534252435957145
-0.9100829527724281,1.3870262935391153,-0.24536770122956142
-0.9197616835070858,-1.479707566255603,-0.26981778225481906
-0.9148930308976438,-0.1166216339340191,-0.15395384836994858
-0.9197694842033605,-1.5012717799783801,-0.23612816422559293
-0.9139814860888973,0.14930432853140113,-0.16802533277520237
-0.9082595368913572,1.8884797329601595,-0.24321307005244033
-0.9166098677467532,-0.6183120126185389,-0.196813571218461
-0.9124473645658615,0.7427869045576152,-0.2426874834235136
-0.9083456522783208,1.7790557317835582,-0.16997093235638053
-0.9108256247675229,1.1692474362541472,-0.2009559457930515
-0.9123548451674466,0.7431853911133894,-0.2278878003131551
-0.913599144568081,0.45540303864269444,-0.21435721307881508
-0.9171734387494449,-0.5694394974387137,-0.14121654268951342
-0.9176077327386342,-0.7499410564571735,-0.16628865042766386
-0.9150001803941719,-0.06278476148956913,-0.22674158866982533
-0.921296961583279,-2.003743888091981,-0.13109842139417419
-0.9202826968163594,-1.460819019844409,-0.21383784075579465
-0.9141375045762424,0.2596480355411085,-0.1978583967773127
-0.9143596723948465,0.12952267057961248,-0.24386902921383177
-0.9140828487365958,0.2719996052141237,-0.1906878010574305
-0.9146776740311436,0.07980654964057406,-0.2110256293349932
-0.9164010723806333,-0.49340850263934694,-0.05672645117634168
-0.9186884568320447,-1.1755997799934166,-0.08739693825490948
-0.9155037515548049,-0.15922124860735684,-0.1436913500036511
-0.917077409044177,-0.6416702927640696,-0.15051995749704342
-0.916774082912642,-0.4792880928047403,-0.12534376445190584
-0.9170665258999476,-0.5564093030983469,-0.13323447894827864
-0.9192538815076751,-1.2476609021373966,-0.14053684337518196
-0.9139440014395381,0.17087573425920155,-0.18256289598575628
-0.9166721671411603,-0.5915063213986609,-0.11323526885363383
-0.9121641145796064,0.7911297942947045,-0.24552635518102453
-0.914107233940914,0.027322809811132467,-0.16304746550728716
-0.9163265829412771,-0.5265461232758918,-0.17835798110858828
-0.9063787956780779,2.4245958872687345,-0.2756579302957433
-0.9135107313320334,0.4679790896971723,-0.1998022507673736
-0.9148538256057981,-0.08185100865991775,-0.1934585213346063
-0.9125992058787222,0.5263036477900269,-0.20191535483190623
-0.9192934476986758,-1.3911653886535462,-0.272633994247427
-0.9201877703482815,-1.7314828359559398,-0.1948438182652452
-0.9126516209553011,0.5459730407374345,-0.1858662433892513
-0.9178887278569668,-0.955551334285623,-0.11118167238657264
-0.9130169447046271,0.5780909384567403,-0.14688050035472824
-0.9158290260657446,-0.280497061089513,-0.19121885979199726
-0.9166193372566448,-0.5032906844669728,-0.12916567526519696
-0.9122033028397714,0.7441668502980622,-0.17276974683662097
-0.919483234463729,-1.3921270397979097,-0.18348465184946303
-0.9207290223658385,-1.7320620048381068,-0.1594616511534293
-0.9187269595478158,-1.1236839679809427,-0.11627362864905535
-0.9132991908723661,0.48750950890358585,-0.1730255271691866
-0.9179364778061437,-0.962010925391704,-0.06057033684086465
-0.9111784898032611,0.7826400606323037,-0.12559352942698737
-0.9167569895962975,-0.6198115222312115,-0.27321278892309564
-0.9079840083058911,1.9581955745015918,-0.27414584632681377
-0.9128185258680689,0.5812264544645239,-0.2587305672501976
-0.911599228192112,0.9216218582537492,-0.23272176790745247
-0.909898180500802,1.331708858399069,-0.12384468619418229
-0.9218658416516362,-2.056061737955689,-0.21737657802230073
-0.9144175189060411,-0.059997021281121575,-0.22652608303167301
-0.9200421323716821,-1.626559417002811,-0.11995046317692583
-0.9096973977005282,1.3684437648681196,-0.2118279568167239
-0.9153557083471913,-0.19345448260432624,-0.15400254287751192
-0.916039165403513,-0.3204946483322959,-0.2352965833084031
-0.9179198434721884,-0.8733393521860844,-0.19305439084420165
-0.9211139570302151,-1.7008640168286213,-0.12482375708160781
-0.905529704920487,2.4995784845016593,-0.15382963758405058
-0.9155364525286852,-0.3496877768954741,-0.06815513737322973
-0.9102747567477683,1.345453878512401,-0.2650956415282613
-0.9179419105626773,-0.7615957758766507,-0.20808532907894742
-0.9168838347107301,-0.7233059313069045,-0.08741733995151194
-0.9115667951549369,1.0112220359299373,-0.24810958134104985
-0.9157663597688344,-0.2817528385014182,-0.13766988122362572
-0.920142664770255,-1.676990415364844,-0.15526178535210455
-0.90882786401399,1.6752940010847044,-0.1705347657385918
-0.9143411675663884,0.13250661750483886,-0.25061908516959536
-0.9152085742200636,-0.15046628941443077,-0.1521127834323263
-0.9162750698099336,-0.33080252379474445,-0.18006506869852418
-0.9131178191080703,0.510488153872004,-0.19397080016519605
-0.9165201149930863,-0.5446377255856178,-0.1356766540399809
-0.9115306795782945,0.9747617201786968,-0.28339946270088184
-0.920151667428779,-1.6724702637900783,-0.16292291701780415
-0.916234507113507,-0.36749219261413296,-0.20002013137802546
-0.9137967312163655,0.3324980333771929,-0.17852022252177815
-0.9136294393436817,0.40365961081660795,-0.17076857722230096
-0.9109731890432409,1.0595552355751592,-0.270568248850831
-0.9186081317703101,-1.123322164586617,-0.17243981194145022
-0.9167830077131631,-0.5547464419346319,-0.16539113504472877
-0.9143767507797697,0.06378784474760027,-0.14105490754101593
-0.9162074058390581,-0.44484954337123517,-0.0888068768489869
-0.9130451593637967,0.5456680128390228,-0.2545575685583735
-0.9181261734567898,-1.102847448993455,-0.26079315724705815
-0.9164974694855941,-0.5727297841146383,-0.2758065767178631
-0.9096678316368864,1.5299644170789115,-0.23439720592695218
-0.9101033583250069,1.3689015572837453,-0.2822516563064549
-0.9111690815948631,1.152691121612925,-0.24744447200070327
-0.9105512090411341,1.2089492118877538,-0.17193023858476428
-0.9147580479707468,-0.18340232874515705,-0.09611485827712055
-0.9131198265278815,0.6352888775113978,-0.19322593093976947
-0.9212784602550236,-2.0722128207167114,-0.27003239349136987
-0.9202169397806067,-1.6224700419676417,-0.22427967107122074
-0.9081193026724027,2.0749425883245105,-0.2669941018128481
-0.9118503966719389,0.8326622574526357,-0.2267172406759456
-0.9153624606886931,-0.22930659456670993,-0.12263860515868158
-0.9137580990353594,0.1682426102447935,-0.1688137851781222
-0.9146820414315711,0.02717794684349861,-0.20886782817994393
-0.9169626031875441,-0.7269937611627352,-0.27141949191817133
-0.9125707677607711,0.6890768005343166,-0.24686529232131524
-0.9161916884401428,-0.4079293862172156,-0.2123262499406613
-0.912693904452845,0.6348758473800213,-0.2846827601669012
-0.9180898879604987,-0.9268640721691613,-0.14169414814887402
-0.9126713891374784,0.6531892061421555,-0.19156217141912293
-0.9146246927594809,0.05532092115915863,-0.2521424387489471
-0.9167326723416945,-0.6757245707630358,-0.12953374126928152
-0.9063185657907219,2.2668281104221175,-0.1869304296003527
-0.9128323533505498,0.5461997450441505,-0.22745511646867647
-0.9130143615125333,0.43813802976943483,-0.28460420523446905
-0.9211068484686027,-2.112850920137661,-0.16971096343622263
-0.9197461937331856,-1.3571608565056243,-0.07381418021445879
-0.9085683521684947,1.8701617165672393,-0.23021085668951374
-0.9084193171864798,1.7108841279492775,-0.19139143882957613
-0.9139571856589919,0.0832033460500252,-0.20864171266759976
-0.9109851372166718,1.0656387980828814,-0.1704311075634804
-0.920089500509099,-1.558143953312314,-0.15809476040073805
-0.9106513217772438,1.0607747624956847,-0.16223498997828165
-0.919161334352841,-1.5321297285620923,-0.160724445775691
-0.9176866109164319,-0.8655231071788898,-0.13393333060148618
-0.9141920637357978,0.06028458553090392,-0.2383484643617615
-0.9122098806275853,0.6742363527247005,-0.12178047784533784
-0.911202073968947,1.1191178110645814,-0.22716927643760204
-0.9205143031580364,-1.6946015634418476,-0.297408650363665
-0.9153656155480681,-0.20444773384445977,-0.15389310141271917
-0.9196132538503706,-1.6267177244290494,-0.16917397440759166
-0.9119254608333295,0.8142991756606397,-0.23185718638497504
-0.9091070948206863,1.437517649293336,-0.15904335702119773
-0.9149077000305662,-0.06281943281633189,-0.15181322128884236
-0.9207482242048075,-1.7735084965261452,-0.20290193037231533
-0.9132584327057334,0.456229255807341,-0.25631053565568535
-0.9160973513730437,-0.3718503008299668,-0.291765898678141
-0.9189705502135331,-1.1369956463680937,-0.2001819249643681
-0.9134315198300437,0.36658514725722713,-0.2656382396145776
-0.914196852337769,0.09997322618201597,-0.19377538311966552
-0.9161579072876166,-0.29415203784422894,-0.2146628387672615
-0.9188294456220947,-1.1902242419117917,-0.2529384978360631
-0.9152316038311227,-0.06606447792114081,-0.18234298953536213
-0.9196034900588349,-1.388334901392083,-0.19363990027393077
-0.9212207739301345,-1.8919274868386373,-0.1661551369996992
-0.9149548092776407,-0.00833203886558355,-0.21110269708750443
-0.9091973776941007,1.5831269769669498,-0.25454958686591833
-0.9178374548914178,-0.7086816283453766,-0.223124006942072
-0.9162452380726445,-0.5093538239348662,-0.11507645959467294
-0.9138063243877401,0.24315685567582163,-0.13938327882774815
-0.9132407957700738,0.5290506604335306,-0.20120589959387303
-0.9106466427170022,1.2255714613640205,-0.2586641178615236
-0.9159386614897244,-0.24203252828401564,-0.20440741535928045
-0.9209800641704142,-1.8600083334396051,-0.2541976384070703
-0.9171556447102633,-0.6537933661304474,-0.24803170257518833
-0.9161620690654192,-0.42064016298198054,-0.11364267562647873
-0.9155120436489709,-0.2583863846604063,-0.18934000903324041
-0.9166988018293498,-0.4836458419815777,-0.19372259934659833
-0.9158970805111878,-0.2389891224675368,-0.18138553716380396
-0.9140509398938222,0.31369529682102276,-0.21088177198281152
-0.9107388094419309,1.173715357871258,-0.16717434267866454
-0.9178689875022431,-1.032114758023154,-0.1948064132472435
-0.9183140960407377,-0.9025107210248571,-0.182536277603661
-0.9166479457460209,-0.4562740844979457,-0.16754289264099598
-0.9131745964248773,0.4025750613898872,-0.2189294731036131
-0.914491838310993,0.1368083110469508,-0.1834479718668457
-0.9119574836780969,0.8679883244372769,-0.2664542932561699
-0.9090361553787436,1.6179183448941712,-0.16645946473031037
-0.9118772678007878,0.8142134384499431,-0.262291705175645
-0.9127334687963541,0.6179603586955397,-0.17066243523868263
-0.9174643234311884,-0.7128394435850323,-0.17976654147641452
-0.9151779923245407,-0.06625703647412835,-0.16001293173223646
-0.9166017345539409,-0.47642318984684395,-0.23318657038486634
-0.9195984650953488,-1.5003068009846374,-0.15045617342876325
-0.919184757794478,-1.1720916928957992,-0.16509635023506516
-0.9166363030115233,-0.5096564138461211,-0.2177187694283039
-0.914051037103201,0.1556471478038673,-0.11904689275924893
-0.9165109758040192,-0.5497633308631683,-0.09871912212340507
-0.9147744074575985,0.02670236758006528,-0.18460032602986193
-0.9188688677866078,-1.0913651437372147,-0.23336276282863858
-0.9138244965137587,0.3131892696109089,-0.2553139695278078
-0.916981285100604,-0.5138062159983784,-0.2123728949479932
-0.9105775979418453,1.138409420002762,-0.14023431389395394
-0.9156031849675252,-0.2992851494898616,-0.2981488220238
-0.9138455948235532,0.2958277653196701,-0.23108035005250108
-0.9095399860773331,1.4795339573416348,-0.1798280053210268
-0.9152069115180018,-0.08000203608283957,-0.20423708271232444
-0.9087291026519904,1.6363218757197835,-0.23800512481902775
-0.9191680094612585,-1.3427235952421288,-0.07495686084064285
-0.9115253202995143,0.993135182019876,-0.23030048463892963
-0.9168970892102484,-0.7070376214803848,-0.22093724316046567
-0.9086886016496462,1.686566381515326,-0.22445861625301375
-0.913914222132645,0.2598803076233559,-0.21914848368190618
-0.9199817689635544,-1.4540705294151781,-0.2022781673819341
-0.9137273937337635,0.34967708343188275,-0.2162665047037474
-0.9105574119143238,1.0287756470784846,-0.11919722581644121
-0.9093342717214141,1.5666753525294308,-0.21327800602236563
-0.9204323845278445,-1.6493670648141414,-0.23932707392986513
-0.9076949653748795,1.9959037850357673,-0.23549461139073294
-0.9179234068529156,-0.8347532101539228,-0.20060649232558897
-0.921717057491022,-1.949046408551754,-0.25241082390333186
-0.9095640476895187,1.441408351749008,-0.16434729812240584
-0.9108231666924178,1.2622225981418262,-0.2100985303426853
-0.9117829285437458,0.9047413872057296,-0.20586822368946175
-0.9142054935321389,0.24305476764448528,-0.1830694351312703
-0.9182786707392012,-1.0334529597265152,-0.20137602878315425
-0.910019397254795,1.44146848851594,-0.2549469448672013
-0.9152957389930579,-0.20538369352007488,-0.14100819381085372
-0.9079275750892377,1.9352747613021895,-0.1766749751902926
-0.9131310586615133,0.14374714017055273,-0.1874773439933639
-0.9134673062975467,0.4190551084966134,-0.27693048306988605
-0.9101347186340355,1.298302851285115,-0.15472966830009088
-0.9182235583569299,-1.0278430700168373,-0.12767623502124636
-0.9118040945552311,0.8488333651092215,-0.2571767031454499
-0.9179103234083366,-1.1054292308033185,-0.17419437565616172
-0.9106931137154353,1.1901404557491473,-0.24612578951335518
-0.9179611822802161,-0.8951235266248467,-0.19180088039844898
-0.907410717642652,2.1912966166891286,-0.2983061446089688
-0.9187943029592186,0.02481676601040135,-1.6218885060953359
-0.9199915574013722,-1.411736372799119,-0.13180531549493998
-0.9130815359906214,0.4388431267745622,-0.2186028698748247
-0.9136064521090779,0.29669332414256006,-0.1977892195822599
-0.9167436396376593,-0.47866964416833346,-0.1343689599269717
-0.9163330689403245,-0.40257442442640806,-0.17468004457865044
-0.9112508801248972,0.9071888147774738,-0.16703851298217517
-0.9109867081124099,1.120690763794578,-0.1492978872990929
-0.9157013729574024,-0.11010695445689404,-0.2338118343143263
-0.9194705675542573,-1.463745781640596,-0.10830349020545418
-0.9174074335934728,-0.8757440746977171,-0.26989513791942044
-0.9103402382640052,1.2787271352335614,-0.25860731950453586
-0.9142500652796263,0.13276683564006395,-0.17670915838476284
-0.9152617239469739,-0.18804218083212457,-0.14157403607875826
-0.9171457272377319,-0.888516916978513,-0.2553205001116877
-0.9137954255317219,0.34810292181602404,-0.2516870093325755
-0.9152858974733934,-0.10347594348113658,-0.15842779929965095
-0.9165478855119699,-0.4923583606754624,-0.21363661260558206
-0.9210779478329947,-1.9111501244773312,-0.16437169113560002
-0.9062752283484963,2.354975631752243,-0.2417130481302419
-0.9132196772446017,0.5818655169051318,-0.22461134602824556
-0.9136038902680335,0.411063051875326,-0.2731730712651967
-0.9122047235356057,0.743395492812216,-0.23120413411370114
-0.9116089675610504,1.1646457351169073,-0.212204760075022
-0.9173417001831738,-0.6767503942251412,-0.15040733572869308
-0.9127635099904885,0.5444413084147659,-0.18346311481657632
-0.9194015844567055,-1.3392168601092775,-0.11361872656194537
-0.9206421637629306,-1.6109572610353422,-0.2030161779084215
-0.9197880125442391,-1.46930614626713,-0.08316584382634423
-0.9062178888863032,2.3201983970347686,-0.21768721823672788
-0.9204165006204208,-1.761387050945055,-0.19223742867172766
-0.9184096506459125,-0.9474446932278954,-0.23452716894428674
-0.9147620743857813,-0.08075149014401747,-0.055882276762154195
-0.9127764724778528,0.5675809277738256,-0.11407073935749597
-0.9156287211303056,-0.1520523959320254,-0.1838298355541839
-0.9105664450639221,1.2753097490000733,-0.23838698749045636
-0.9196718681883099,-1.358664380284291,-0.1859593943737827
-0.9191437988394473,-1.3533150777261838,-0.2678261966070611
-0.912519306187089,0.6169415359114022,-0.19861010347867833
-0.9129919310202191,0.5635047872780511,-0.22255699435988582
-0.9159383997761472,-0.34841406834064204,-0.1726517623876417
-0.9208868619764975,-1.7931234206956326,-0.08065165180647826
-0.9189161386775648,-1.2253311969305007,-0.13919802679669474
-0.9097868413987273,1.5116625093301426,-0.26754035209078925
-0.9119436378383912,0.850534392837843,-0.26014550568122174
-0.9139620914767937,0.2962623748095026,-0.21343029782908227
-0.9203742393903733,-1.5770226953552224,-0.14772957581752155
-0.9111910544104678,1.1718465598636727,-0.21516785733110325
-0.9141211041831339,0.13457227458691493,-0.18382837919282954
-0.9093187586777186,1.5306224416873053,-0.20193406180498222
-0.9165180233352157,-0.6524204293076445,-0.1572483156043656
-0.9186325316487748,-1.2066587000978868,-0.10891685677283938
-0.9096914047089601,1.460670831955006,-0.14163176788339182
-0.9162473547651975,-0.3754766609302591,-0.09880930193093032
-0.9100310376256576,1.2947687293517278,-0.2068371555281958
-0.906845103893367,2.230760431503048,-0.20622805297193939
-0.9087874584626457,1.7115171966910223,-0.17187826777028917
-0.9063734274454432,2.4177901376477937,-0.27036556982208826
-0.9148440960219895,-0.08096226551814127,-0.15247041948134327
-0.9098979321359117,1.3700332077964568,-0.21249530273375805
-0.9188975238835585,-1.0571565816339688,-0.24373203495803625
-0.9179688792607347,-1.091182001803256,-0.1260454838952135
-0.9079703506197414,2.0137846394135726,-0.2914928617327867
-0.9142850604405092,0.1364085957785037,-0.14174674774476329
-0.9175266147819494,-0.7611923763888191,-0.20739213696812153
-0.9144426402476189,0.13062971810657006,-0.1374900632644127
-0.9134866424602748,0.3429638945235282,-0.22380503647503205
-0.9119457790768446,0.8498017570321215,-0.2496422584676877
-0.9086546621313122,1.7644719112555756,-0.19520716798333776
-0.9177261208327084,-0.8430649553999828,-0.2563159384168109
-0.9145551063540744,0.03731562312852335,-0.15852024181922084
-0.9150688399934037,-0.04450000452302682,-0.20578449230570062
-0.9160930952240771,-0.33030300391760775,-0.15744943064191722
-0.9187141585734621,-1.1556549307464805,-0.12751671577346588
-0.9162773646277085,-0.3301295203279559,-0.16789438284277472
-0.9143235105777049,0.18731408254232493,-0.21836700077987048
-0.9084059705637109,1.7765061428044655,-0.21075464827821513
-0.9141961515562169,0.10172090676746588,-0.14254176695377893
-0.9153728903714722,-0.06588901389989939,-0.11305486337803392
-0.9154765551559089,-0.17234339309214614,-0.24199904448573592
-0.9162612034325701,-0.38378399243634514,-0.15708647595057965
-0.9209154290176462,-1.753357138389914,-0.12823850774323053
-0.9176545412722044,-0.9300779267539669,-0.31374930322324895
-0.9126029201552819,0.6712540266863871,-0.26395502769367746
-0.9145836186536854,-0.04815196840554387,-0.11744151035629877
-0.9188330406808906,0.026213315623615178,-1.6440400458403217
-0.91280519507792,0.5987978115655558,-0.23200599582656187
-0.9168329442967738,-0.6031255587483867,-0.14625016583291975
-0.9159513579516292,-0.50868167645419,-0.16784969508181702
-0.9138457110157827,0.2969374581731405,-0.16271150492126735
-0.917650604248225,-0.729389050516979,-0.15202000845607366
-0.9186215673157708,-1.1317407024540669,-0.05877670601955524
-0.9155928376395459,-0.33528603309115873,-0.13674395751575005
-0.9131995239408124,0.527643659824528,-0.20439628979521707
-0.9078730341987977,1.9242101349523997,-0.24301660794571425
-0.9177362530810499,-0.9180708354226131,-0.16939245774065684
-0.9162455548911639,-0.5100404525135669,-0.17438058527202205
-0.921147724131634,-1.8096656311812043,-0.26589695120394113
-0.9201720388170115,-1.4459742713772235,-0.13218264095419524
-0.9186127655705163,-1.0875719391601548,-0.1868111038102804
-0.91513063793252,-0.09917700709695705,-0.18034100764752756
-0.9103294204064134,1.2811604643911723,-0.18770340890758905
-0.9066411811574893,2.370688142062292,-0.3182192216054653
-0.9101152263679086,1.470854011366382,-0.2267129310382377
-0.9122489592540737,0.850171863389167,-0.21785150816166438
-0.9181741626872959,-0.979749043336269,-0.0912561398711431
-0.9137214205693562,0.2008640220608926,-0.11558673382239909
-0.9107865237275494,1.064124833031347,-0.16172832261597797
-0.9168011435354309,-0.5824864447036305,-0.22521602769235646
-0.9128830018570927,0.6362869170384755,-0.19099274816348058
-0.9173831189151651,-0.7524201085349951,-0.16854031002289013
-0.9144247511819301,0.1518870314412926,-0.2100277479382848
-0.9218681050773224,-2.0992937730493533,-0.27493731710960806
-0.9120495171405487,0.8139828716931277,-0.23213075569008793
-0.9197669308976653,-1.4926329993241307,-0.16100617118377317
-0.9148255473368178,0.062290920692851144,-0.1965857402757877
-0.9189365808592367,-1.3602836116461114,-0.22458791812233217
-0.9110109281481277,1.0493830768443335,-0.14244214072023165
-0.92212587252946,-2.040256673483886,-0.2062280851633447
-0.8482549326111141,0.4570474238475103,-1.1622763529940354
-0.8543204951939317,-1.2108922897154581,-1.1529286641705285
-0.8535591874904808,-1.0383318672238642,-1.1018840771901444
-0.8472359065006706,0.7941082840434014,-1.3107766160596768
-0.8473173124798541,0.7584370427282511,-1.2869739005977385
-0.848854451643695,0.31111549564367,-1.2122837206449235
-0.8530519106870611,-1.041039466529096,-1.3152387742495704
-0.8497573119270401,0.04559230254027542,-1.206534863304779
-0.8538486922054785,-1.2307696708414642,-1.0943514794767903
-0.8502416997957485,0.019817629804473515,-1.2032078055552484
-0.8502182737730746,-0.2124398214149944,-1.2515183558233702
-0.8514947683680161,-0.5292306576376862,-1.1919392564523938
-0.8484717162569074,0.4138790424886068,-1.2494377768581948
-0.8477090310018389,0.6710408242981296,-1.2298922508241537
-0.8489156361947604,0.36721503086526314,-1.2014845540579964
-0.855296927236321,-1.3608496218073427,-1.2125254465327362
-0.8520025004536127,-0.5838133635101708,-1.2052561289554562
-0.8485449982848685,0.378666096660307,-1.2426654852890502
-0.8486522353556699,0.25544976806626185,-1.2642068213429531
-0.8544138402424104,-1.4942516718399295,-1.1225532225045785
-0.8519743893758367,-0.711395570758228,-1.2841896472830616
-0.8542362872722016,-1.1266975652248497,-1.1516805707319213
-0.847161038829339,0.8485457558697297,-1.2244234572948758
-0.8509132495314633,-0.3345267440930185,-1.120388585732099
-0.8554581586574475,-1.62995404211685,-1.1970255992605343
-0.8468122840293953,0.9746621952514372,-1.240858388320918
-0.8552283395895441,-1.5098584211741708,-1.0837036382570515
-0.8500047255863353,-0.15323838170774431,-1.22064259463813
-0.8534795788988222,-0.964952142745357,-1.1429343555688836
-0.8509303158965316,-0.20757645989304638,-1.236650055730266
-0.8483427601240492,0.41425965089401723,-1.204835550430351
-0.8414854333622704,2.3361058855873624,-1.2565790028535706
-0.8527794069635836,-1.1103368233102402,-1.2432368881039677
-0.8509930872402678,-0.3322943104147245,-1.1920297877834176
-0.8518880020179795,-0.6396172290522192,-1.094931516800182
-0.8474747796186385,0.6658252806275727,-1.2279883314266082
-0.8470228619851988,0.7579295508050423,-1.2456763104948536
-0.8523831857638821,-0.8143093509420658,-1.1714050049846934
-0.844684561141734,1.4577949121424807,-1.1933417134999098
-0.8502966936169883,0.07358661752841551,-1.2526651912966202
-0.8538832629260356,-0.9675945535496907,-1.2204024209532442
-0.8490234358312593,0.15854797682381772,-1.140370690354121
-0.8527768372536739,-0.785273097736269,-1.1325005612175512
-0.8513288734542883,-0.5671029035641528,-1.2179514605513349
-0.8516505022232688,-0.438675667264749,-1.1940516527321203
-0.8552295271160931,-1.4039133776114008,-1.1788365699521297
-0.8491285705764304,0.13539586731349637,-1.1339378048713853
-0.849528570098422,-0.044515107145033796,-1.162440098559102
-0.847139832723999,0.814463044665136,-1.1741394059709973
-0.8554163922449164,-1.500603356485199,-1.1119719913263721
-0.8493802808229892,0.16936359066037354,-1.179016464757743
-0.8471790030831492,0.8123075961772708,-1.2959868996144532
-0.8496544843118571,-0.01333371539971862,-1.2751662074006758
-0.8483873186471674,0.5078688861546861,-1.1971038966362257
-0.8466585657362456,1.009053472398764,-1.2583295991871266
-0.851924270426447,-0.7286064506412298,-1.116734700490355
-0.8471737642030479,0.8312013336268526,-1.2349489028752483
-0.8462829664378745,1.0832219739272901,-1.1867728295006768
-0.851491830009077,-0.47840477720932506,-1.1765271827067243
-0.849885452308418,0.006873695806102412,-1.2349594868160134
-0.8488331899866399,0.34678115351798333,-1.2862266380662244
-0.8448076100369215,1.5448652923742856,-1.2979044750427822
-0.8556048920050003,-1.6751650097631807,-1.169540846849936
-0.8500488416188859,-0.11340992667045967,-1.1358080642857706
-0.8494776242599154,0.16826571545937005,-1.2699535016783248
-0.8466045635218885,1.0101831713309057,-1.2746001054188334
-0.8476063480346744,0.7052523932118315,-1.241197324334943
-0.8479367545741859,0.6712793862578572,-1.2017270674496425
-0.8452895731737392,1.1854947665860134,-1.2608812403276484
-0.8478995855583649,0.6154989896182707,-1.2821008123475035
-0.8506866130672246,-0.13630802222901334,-1.212608555096127
-0.8487535056264892,0.2956368319419886,-1.153752692880863
-0.8483823053559452,0.5082353865181072,-1.2427581114436017
-0.8493538381198754,0.20440998712311234,-1.2176250781091746
-0.8482351520212136,0.43458660646066766,-1.1921018276358342
-0.8498379246783898,-0.08625411936527767,-1.221207303565387
-0.8484874488965661,0.4556306170778016,-1.2207547135407533
-0.8439321548738071,1.5854751272436833,-1.1384509084623895
-0.8527096549140686,-0.7281354391289505,-1.230602162829346
-0.8447670079491063,1.4949783136722925,-1.1935897632662735
-0.8439666911845015,1.6509509274645704,-1.1959998515828436
-0.8524965699852083,-0.7428583519830875,-1.1966079818843816
-0.8485569617000093,0.3668125313810761,-1.2205007782041308
-0.8450044017028305,1.350314580669951,-1.2073346576979036
-0.8508308264571768,-0.20770967469209378,-1.260983410929758
-0.8519750984194225,-0.5464987509486898,-1.2147271915321223
-0.8516224804783971,-0.4587094770448108,-1.2369175110248591
-0.8409669116638575,2.4795877635491377,-1.1820074180407154
-0.8488845637564261,0.40074674380853076,-1.191157469060772
-0.84641878790139,0.9861857647399817,-1.2856374317993333
-0.8451840409314614,1.175184792004713,-1.1583064194340187
-0.8547987308142521,-1.504401698525606,-1.127397943460582
-0.8463416387936522,0.9341950824674694,-1.1865416389720127
-0.8538891203029747,-1.0840617126239918,-1.218280309216112
-0.8517514144405756,-0.5570499591187391,-1.136871993500819
-0.8413619899138141,2.4782387657431975,-1.226819329026461
-0.8443697631404923,1.5997449108447999,-1.2822607993346966
-0.8495078550735609,0.042287396381140485,-1.2442938614761405
-0.8519075228471543,-0.39389866253204625,-1.2033031144372182
-0.8527356571591042,-0.7977501200052173,-1.2564395036061646
-0.8463006664770426,0.8510013069537151,-1.1784160841163855
-0.8553015421648315,-1.5910712129131825,-1.2142151866264614
-0.8567455611476522,-1.9331442781635313,-1.104643840168016
-0.8516853443118182,-0.4218806143378338,-1.1845566296610768
-0.8560130921619471,-1.781263031955055,-1.1962518993880307
-0.8547419932852853,-1.435455078047572,-1.2710927795717097
-0.8507564341381509,-0.332113899324091,-1.2124969551646032
-0.8475844301798793,0.6873697138648047,-1.2759847718244743
-0.8547036925768899,-1.3388682136770538,-1.1308963039615356
-0.8563563220548641,-2.051450883428702,-1.2448629466594632
-0.8476246182803341,0.7053893325130046,-1.2884556448411708
-0.8483461489630204,0.36685261141298936,-1.1634198918008178
-0.8523911349724458,-0.8724686105282903,-1.2168488850069459
-0.8551863559723113,-1.6386328292279224,-1.1625310317346524
-0.855090782951473,-1.6481479223761555,-1.1684060122158686
-0.8471489293549223,0.7083052600082979,-1.1304872186358512
-0.849665543645438,-0.22290376255837965,-1.1643714130510254
-0.8545253308677841,-1.3826911558685677,-1.247627611448288
-0.8522537753283081,-0.6416466888625576,-1.2592715971098634
-0.8456802746026697,1.259561748705672,-1.3160658304065276
-0.8503459408092394,-0.1001327176121808,-1.2212614403785311
-0.851466841756534,-0.42258030650437667,-1.2258509769651
-0.8489360608944708,0.29222967021497737,-1.2628526846865236
-0.8473213515312529,0.7945491628313524,-1.3038306630814498
-0.8522509336325487,-0.6891656186844453,-1.168164398662253
-0.8432590558736932,1.9059279525623494,-1.2015237465282478
-0.8561114358192172,-1.7337700508144969,-1.136555745051747
-0.8543310730985011,-1.30889657217924,-1.2384670901010435
-0.8519287600148159,-0.655951272445334,-1.2541169491747455
-0.8485397975158473,0.2912760989751859,-1.11813425085757
-0.8470952117516101,0.8855117090396998,-1.2331062014368925
-0.8446841535021169,1.5827704792294894,-1.228967759446736
-0.8459011919944259,1.1702201555521652,-1.269824888770428
-0.8565473055268166,-1.913067521426918,-1.0871270153032266
-0.8502163896225716,-0.17187070457974374,-1.247244609375244
-0.8546462473538269,-1.5237512369915824,-1.1628672938691105
-0.8458029748990984,1.1361059076600935,-1.2097509945007008
-0.8498484765104038,0.02716559436794316,-1.1718687221512276
-0.8472936510468168,0.7409673402137056,-1.2359255546198886
-0.850805583303356,-0.4267985570453315,-1.3052500571355716
-0.8502272857019774,-0.08019020864082234,-1.1846335881671661
-0.8466393471247778,1.0113047780764004,-1.223901264470668
-0.8512745438297838,-0.4238122072017342,-1.2742234757985877
-0.8535517703439477,-1.0754507191177973,-1.181036309142196
-0.8509846642334624,-0.29630987032404954,-1.2183350890896807
-0.8515655185996377,-0.6409550383165189,-1.2542844902680221
-0.8463865651823868,1.0113176535204274,-1.1953911081429405
-0.8492937755469449,0.05382316134784081,-1.264397593180571
-0.852050144610758,-0.7498031959977767,-1.1796397220190837
-0.8534691275628427,-1.072055777035582,-1.1439739286014607
-0.8468220603190175,0.7793632354306101,-1.1505418537899454
-0.8495794496660444,0.09887142194213464,-1.1599465186728484
-0.8462152200034679,0.9347420625910579,-1.2333501726791758
-0.84704189595878,0.831347765519441,-1.205926817896578
-0.8503861123757458,-0.12085899709025844,-1.146422410925341
-0.8455041670116965,1.1891463332603889,-1.2475540035189179
-0.8463059203171474,1.080804604675749,-1.2619365257194253
-0.8482981450558622,0.47318216027479243,-1.2787026502107015
-0.8528566573777184,-0.79268489212231,-1.1063908356190548
-0.8510439043203946,-0.3353058257148695,-1.252473077563945
-0.8507768679305281,-0.3696969312193044,-1.2150022834138516
-0.8485117706647006,0.5249194158493338,-1.186207746105806
-0.8504635028050348,-0.1390002052358951,-1.1766873968835998
-0.8487925272961483,0.4184167768569676,-1.2250906656987943
-0.8494126090957386,0.1667785534226461,-1.2860861607712686
-0.8549823253151958,-1.6289803526058597,-1.2103730066788554
-0.8536133778476949,-1.230296846362219,-1.2774987168594623
-0.8508733590050012,-0.35822794859468965,-1.0267588265618937
-0.8508152022535812,-0.3331694083440526,-1.2237849469742714
-0.851363345265039,-0.43896206375279534,-1.132815763052066
-0.8494672478885835,0.1815015209066796,-1.2712155092468391
-0.8476026522772068,0.6515408294933791,-1.2049525363803586
-0.8529336203540585,-0.9767248525345164,-1.245724838128097
-0.8479598350480568,0.6127603418380269,-1.213632794565054
-0.8464700293009533,1.0483924525752168,-1.1731787583502782
-0.8494397594212538,0.11628570564312092,-1.1961366329782601
-0.8500352913770781,0.059414634619925806,-1.2905846906428249
-0.8486211320520178,0.31208848687702334,-1.248623390823846
-0.8515681373002164,-0.5254487409649197,-1.1312751431397288
-0.8515981456928842,-0.5168989880653909,-1.230529506498721
-0.8409438316858788,2.443632581916301,-1.1969085020172079
-0.8491366785374961,0.1694795590301536,-1.163756018287157
-0.8498860518251845,-0.06085244286675801,-1.1272880907963938
-0.8550766556493699,-1.412300082292009,-1.1595832027585138
-0.851839280695697,-0.547103583489025,-1.2181308026836795
-0.8516545728910379,-0.5144120520977966,-1.1733522458843535
-0.8528775795579621,-1.056524193446194,-1.198777108176122
-0.8496480947545523,0.13205536398021372,-1.2437843556447745
-0.8532817649522098,-0.9086062905846792,-1.2728206142417386
-0.850143083447522,-0.12834262910711586,-1.1134532880026933
-0.8506145234104971,-0.19061537715600685,-1.2213634829635998
-0.8499107376302963,0.008959432683259688,-1.1762662426432706
-0.842475684322475,2.0666362054509837,-1.2547583750153959
-0.8567159807092666,-1.8051467183558458,-1.143126448062051
-0.8509361796009212,-0.25962126535657604,-1.1965611013728579
-0.8523486497189072,-0.7090476382386999,-1.1176068130179524
-0.8484543415981338,0.4360881055966224,-1.2310119174785612
-0.8551581851629629,-1.4682231314149146,-1.1256194510074677
-0.8463268426121812,1.0982184856217112,-1.2889783581802876
-0.850087603456482,-0.07177859879344521,-1.1945719400980563
-0.8443770769047769,1.547840903642154,-1.1892703358120957
-0.8526293295316698,-0.697161928322349,-1.217045978459414
-0.8441844171532182,1.5998467325630916,-1.147685184746177
-0.8511831374411082,-0.26387721128455066,-1.279580246069581
-0.8487890928835712,0.32348753187120444,-1.2675476471759208
-0.846166514683522,1.1164741487091978,-1.2944139788859133
-0.8462580750239178,1.029481772391616,-1.209927476482817
-0.8485539718716705,0.43732604107389444,-1.2698231240621636
-0.8474106706208215,0.7769821817915553,-1.265751952977438
-0.8488750329800792,0.3479203794542905,-1.2425769046540633
-0.8457965605926232,1.1696045019691343,-1.3090169647523047
-0.8471455135641688,0.7426967007156159,-1.1915359123484188
-0.8552874665121176,-1.7687673871142742,-1.1542359929210027
-0.8527400543394966,-0.7612913564491158,-1.2132489976936265
-0.8466110276352017,1.0244669913717337,-1.1856805516920499
-0.8417103550558687,2.2304167643812165,-1.2290887561083497
-0.8465751752795393,0.8126906131196888,-1.1619661930921152
-0.8454459351921457,1.2023970291479804,-1.192219461174857
-0.8495431930906379,0.13129245598027975,-1.250401753798983
-0.8484008533300927,0.4348385274425686,-1.268372193671486
-0.8543902175706003,-1.5150186923467532,-1.168904806447221
-0.8540202399629908,-1.0607994608930065,-1.1791936020824096
-0.8492734319064461,-0.030538409732989043,-1.212853349013767
-0.8474263285333775,0.6893177311234331,-1.1818243667719197
-0.8506511672687179,-0.31418807050176356,-1.1897459994618027
-0.8545540311204235,-1.4658710982681402,-1.2632423429642166
-0.8465217228197187,0.9731906339211186,-1.2696147342695132
-0.8475744845139817,0.5989032976808489,-1.2664920589993622
-0.8483074802100129,0.5091478941481953,-1.216165683335253
-0.8494165502996236,0.149578993899851,-1.2772357802456564
-0.8551001527913443,-1.6958955209311988,-1.215727229944791
-0.8493757760394312,-0.06939643861285771,-1.1807995086530312
-0.8489905375232937,0.2924246189218955,-1.204423634970791
-0.846819627506436,0.9023206025187075,-1.2189081302127662
-0.8514496018560958,-0.40417298094265836,-1.1748721822183734
-0.8425470811525047,2.051916216767732,-1.1640216945414814
-0.8442604274575294,1.5465166632122553,-1.1790290074950112
-0.8504845284943402,-0.20420177437629364,-1.1478332425971869
-0.8522351110253353,-0.690752849982412,-1.2242316157698596
-0.8490193756241114,0.14991643992196496,-1.1627425726586285
-0.8492600049847479,0.14808598672056322,-1.2759468147688733
-0.8460839811032818,0.9947914978603644,-1.1949025344689264
-0.855186847063088,-1.656698205700272,-1.2034692810069796
-0.8500345354473413,-0.03071403433715614,-1.137560297296735
-0.8468277807923508,0.9375994046161022,-1.2737153572141233
-0.8546363306731124,-1.4659976984192302,-1.2843727775587026
-0.8497378130556514,-0.05077070783409796,-1.2471129200711688
-0.8428701819901679,2.0289081083118337,-1.3108511748364953
-0.8480533635780719,0.49110897469575987,-1.2071135236663344
-0.8531678940077914,0.02553011310331411,-2.260297734418358
-0.8507466441765483,-0.28032909541599355,-1.207205381177624
-0.8552865502430276,-1.614183042094479,-1.2817130891424582
-0.8550519785716968,-1.7499015763021568,-1.1936708345582634
-0.851533026451601,-0.5484278768049492,-1.1457866064704683
-0.851507907200443,-0.30301020589950195,-1.2819656639622603
-0.8498455696906132,-0.04351429954969896,-1.1848043758448463
-0.844903101598001,1.4736442234328868,-1.3053591752876954
-0.8485718525934092,0.332274329140045,-1.1596570445424594
-0.8538002918070248,-1.1092325433865633,-1.0478776497763993
-0.8421284872853637,2.1408496728358566,-1.1739880786942156
-0.8476564439294391,0.7412291842852462,-1.2565548800733586
-0.8500388590786289,-0.011624369148596214,-1.2132531913535995
-0.8440150603528703,1.6160254453550542,-1.3005829240440134
-0.8501396527130325,-0.13752558855690764,-1.2915340355699856
-0.8469926130197024,0.9388004864948708,-1.2177052329376556
-0.8457378163020555,1.215079950858633,-1.28563629371398
-0.8483854186932032,0.49077860249269084,-1.2161437291989519
-0.845404612000785,1.168469751968954,-1.256217685388366
-0.8476714546242853,0.649484999337348,-1.3001332329300137
-0.8482341206555462,0.4715480956066813,-1.2686665089016955
-0.8487553310283221,0.3991128720832901,-1.202469878624803
-0.8536285739090561,-1.2165986608754975,-1.2655577844236596
-0.8565705802335709,-1.948476356866889,-1.0688400438463226
-0.8561543511335203,-1.8441511704216549,-1.2887961078360288
-0.8548901590660926,-1.5316756083655354,-1.143800353369252
-0.8561521401937572,-1.7753813059022558,-1.2198497657095204
-0.8442045875599067,1.5667209587645212,-1.1673833576915869
-0.8468667545416119,0.8316767055318006,-1.1495889773283394
-0.8433627678456765,1.904929252784439,-1.2775798703298802
-0.8476072785450317,0.6875424642985069,-1.2560266227898251
-0.8432296475774066,1.8875687710616371,-1.2226445028138715
-0.8480148030091446,0.634471875151803,-1.2074391811703578
-0.852880265369162,-0.732409467183795,-1.128972611813415
-0.8531351357202177,-1.0358865733658882,-1.1359695526952684
-0.8513474504186362,-0.41375172409286454,-1.1313576370214486
-0.8523870915006532,-0.6062409977515307,-1.1541207715253743
-0.846917196715023,0.9023293081347294,-1.281692670341231
-0.8474714425614003,0.6879596239358601,-1.2646714744796446
-0.850102061386404,0.042899615240809805,-1.2341809679687488
-0.8464326893493802,0.9576437157926855,-1.1736144149877552
-0.8499105416553421,-0.08395571066088509,-1.1326389525085923
-0.846716396225081,1.0403144801806004,-1.2767086056677037
-0.8478383725813129,0.651553839077733,-1.2636425875459898
-0.8465334685467926,1.0985383965730833,-1.2110062477113233
-0.8539604510136263,-1.3444746024471295,-1.1770248596933999
-0.849994812257263,-0.06912264215999499,-1.0577621815156997
-0.8523138883256721,-0.6748907755639785,-1.1628153943717459
-0.8535687194149733,-1.1210972275491298,-1.2609509106855417
-0.8479504805234961,0.562562964340273,-1.1511350712071464
-0.8439276420097086,1.6663815420600459,-1.2654920826960938
-0.8501687978037175,-0.02870782607548666,-1.23114568585157
-0.8434852785017476,1.7983389512492831,-1.224876627469676
-0.8422460123810508,1.9564409904732134,-1.2127038318808496
-0.8482081239835737,0.5811001105839233,-1.2347407559056849
-0.8480339883234043,0.4155443999296993,-1.1938505962132542
-0.8506782777144711,-0.1758703393852192,-1.2003759814813701
-0.8533105510250005,-1.0816043292860429,-1.1054961666393988
-0.8505131520027396,-0.1896834203458906,-1.1925819299144758
-0.8413037412238022,2.3552812043395495,-1.187161226354513
-0.8541259046374995,-1.319812505972591,-1.2902944045567089
-0.8473130562749741,0.8254211492371604,-1.1611967984731884
-0.8541722249213608,-1.3768072193797438,-1.2758326527147663
-0.8455583138437036,1.1373202496607313,-1.2049139155435988
-0.8443199651295004,1.6900364389561795,-1.2695962139356725
-0.8566806804435892,-1.9828465165358342,-1.1633543481529856
-0.8487332847878437,0.25911606175647595,-1.1629584942025533
-0.8462269601367992,1.1540113186779728,-1.2501267551103084
-0.8463886116260134,1.045636009937484,-1.2671905430351782
-0.8485196710990731,0.4154147579613006,-1.2526316539237299
-0.8494767935641171,0.11742492186345306,-1.1695268539572734
-0.8442995721457264,1.5810807564294038,-1.298719338859522
-0.8433038001604178,1.8502202666809464,-1.274448307784376
-0.8470015251890917,0.7784864556744302,-1.1946936620976594
-0.8533042203337131,-0.9872106990346976,-1.2239956546530548
-0.8533564505917085,-1.0944091284037267,-1.1018000928867808
-0.8461500474675179,1.1353355993353174,-1.2241683823777967
-0.8528193882583445,-0.9450454178818851,-1.249974231282075
-0.856612209778074,-2.061405036761466,-1.264395179739842
-0.8505807170854784,-0.33686066663829684,-1.2561119151412794
-0.8483571079548103,0.47210300279884193,-1.2449707159668164
-0.8500951507529033,-0.0988112462311834,-1.2108060143776562
-0.8431958851070357,1.9031969226999073,-1.2998707706017882
-0.8458757755055726,1.1710037002623626,-1.1693668091112532
-0.8469629916253291,0.7580172661439301,-1.227607785505183
-0.8440811457097842,1.6357321294682416,-1.2010993706897433
-0.8488339532885564,0.36096929858479443,-1.2396496421394108
-0.8445277083641747,1.3650915539644481,-1.2178908820252952
-0.8547430947303201,-1.5651292696128603,-1.2734522138830793
-0.8463349100463856,1.062517337750087,-1.2358828262313646
-0.8565383970847614,-1.9706677879389323,-1.2324348532620857
-0.8554690806870024,-1.6029561738694675,-1.1475723691008164
-0.8530376129563003,-0.9971284318177002,-1.1241367097277484
-0.8504319831480129,-0.3852712095676885,-1.2169570774504357
-0.8460614704796248,1.0464341248462272,-1.2246621770684762
-0.8470458226230718,0.8486428970498733,-1.2622349239149753
-0.8538986602926983,-1.161513983820971,-1.122778134208458
-0.8507174628543192,-0.15316930709284393,-1.18992878415143
-0.8527823199479025,-0.748383622227071,-1.1281387372194822
-0.8517836169802009,-0.7101818155031199,-1.2517721297417874
-0.8518144915488711,-0.6028654827111167,-1.1622322244358672
-0.8467545966853909,1.0099193969731666,-1.2675639865065775
-0.8486603665391462,0.38266454934526944,-1.2551640614635995
-0.8473688984553778,0.794731910659315,-1.2366087011210063
-0.8497755558216469,0.09701190166988286,-1.176420921650179
-0.8447721822435575,1.3269760822573478,-1.1558332798822715
-0.8475099316649518,0.7760075955516113,-1.2878629628999507
-0.8558461976614574,-1.7725094788261426,-1.1682440904045415
-0.8475748486496186,0.6505136914724841,-1.3163256069395026
-0.8476368501228466,0.6816397500992242,-1.2445085848695703
-0.850332742796267,-0.11548948285544482,-1.1485475750411527
-0.8494534538510186,-0.02798747148487391,-1.239230770703101
-0.8526029543472387,-0.7649674072466656,-1.189898931220558
-0.8515495617029272,-0.5290573787132968,-1.2285374787072434
-0.8525001783889047,-0.6600016959944891,-1.1642451464039771
-0.8511941620630092,-0.4041757666671401,-1.1505168115872502
-0.8501961673946254,0.018522407203136713,-1.1787643918472817
-0.847604370935317,0.7234168024811117,-1.2728743369784123
-0.8471970256457453,0.5940941509993056,-1.2175944364791504
-0.855296519676002,-1.5163710698979052,-1.202071624140735
-0.8505054630348138,-0.0809339930395734,-1.1862905541388011
-0.8508099943872013,-0.2104881731277625,-1.1805501761654849
-0.8531684095748694,-0.8031697097834006,-1.1876380619565525
-0.8538459081615501,-1.192748715202302,-1.2894369909236991
-0.8468269090344627,0.9744140335608714,-1.2700165628528177
-0.8494877099849927,0.14409076145426322,-1.1222065303341362
-0.8482403982449914,0.5092580093800426,-1.2630364050302723
-0.8504984502468595,-0.17202507092623082,-1.281111448872335
-0.8508721471709337,-0.3379955413366787,-1.2065067636921032
-0.8408462009056235,2.4971667915933287,-1.249308336800581
-0.8506652976351621,-0.24217957231481554,-1.164790957117263
-0.8535671477736465,-1.1183334995510839,-1.1054438054058737
-0.8481381756225603,0.4052514930099778,-1.1517764497462417
-0.8555509516524296,-1.5608511059228725,-1.137487734757523
-0.8488794168574725,0.34718733446487415,-1.2875796256182246
-0.8447549641616814,1.5827655249063093,-1.2797451852332031
-0.8466999303488553,0.9649984844376159,-1.265705213799839
-0.8512386084760933,-0.27828554902142505,-1.1705665721970824
-0.8521969798834124,-0.6189761090164615,-1.2348447961813709
-0.8501054669497087,-0.2955376012051645,-1.1887167139754926
-0.8479971810921043,0.6168780299528761,-1.250039805010962
-0.850850444110508,-0.3863190163530677,-1.2118020816632713
-0.8450085524936297,1.4941334517458065,-1.2398358710427402
-0.8503084247180495,-0.032052005780042324,-1.133239816368344
-0.8498459427982118,-0.01414586879888606,-1.1818851334085698
-0.8503347144487536,-0.08216460488060602,-1.2293038205462696
-0.8486503239979404,0.40072350350927244,-1.2870997784975955
-0.8515728201495053,-0.4700263192807783,-1.2747013027777925
-0.8436687833683036,1.7789060736418123,-1.2748552002715388
-0.85067276928874,-0.22488959886552248,-1.190966682694653
-0.851025778189324,-0.3906510292912405,-1.3570840251035774
-0.8559310071715713,-1.7868844616458919,-1.161320118132814
-0.8560006188447593,-1.6458777006255503,-1.1333184110081485
-0.8522113188780943,-0.7476311013929354,-1.1419948494533696
-0.8520718905344544,-0.6200517009385231,-1.2151578009829016
-0.8488379419037894,0.18341411515152597,-1.1206906997479444
-0.8495714278598736,-0.025373304715585708,-1.2248368945246932
-0.8464567232789177,0.9394204239870572,-1.1890153923253257
-0.8479480556135134,0.5252419109248294,-1.1658256281436292
-0.84457847512208,1.5113234355339087,-1.2372617212453119
-0.854270921733729,-1.3702552723857133,-1.1377109223997572
-0.8523303512501529,-0.7802409826492459,-1.232255998293424
-0.8477303592299542,0.5987483782630074,-1.183144637298389
-0.8450463197145365,1.25854286843486,-1.1143614079507944
-0.8520824673426344,-0.627940235856171,-1.1689062711043223
-0.8484208145565837,0.4119552734962753,-1.2459582416436579
-0.8420671237163344,2.1855939952494152,-1.2253375117556604
-0.8411354309117066,2.319453230063066,-1.2418146982467642
-0.8508917879573682,-0.33303314097496056,-1.2531528854620315
-0.8523655392008043,-0.6754930422947788,-1.1685046821609055
-0.8488484844136908,0.3471121158608851,-1.2547626947781751
-0.8526918560565454,-0.7678988547216419,-1.1995415144281303
-0.8526761975274123,-0.8385226687185089,-1.159983569926403
-0.8512164060065076,-0.40560929994221595,-1.3084775012227934
-0.8529816768881858,-0.826037270052493,-1.0976953480510863
-0.8479793348841173,0.6336066279375315,-1.272132644620101
-0.8457167729873996,1.205762326803452,-1.2952933892565808
-0.8484859713353528,0.36946377157021276,-1.1656264796924807
-0.8524593638889598,-0.644554360907529,-1.2199861518638357
-0.8527528369539021,-0.8860068566204544,-1.1260295609562132
-0.8562062510689313,-2.113695435739432,-1.224153684343108
-0.8480421323071691,0.5294539231593368,-1.1680259663508106
-0.8542184648350764,-1.2288578571736155,-1.122716208764841
-0.8441877381407056,1.6011024995491334,-1.2293159518522283
-0.8475752106300292,0.5772929945077268,-1.141110345031711
-0.8534236853758742,-0.9985716545079732,-1.1909552328409627
-0.8560929365593153,-1.7203247181821342,-1.2067651810025177
-0.8451349557679697,1.2591503026976638,-1.1881306557178557
-0.8551827293080148,-1.5438747172710534,-1.1381983968827776
-0.8552924588842611,-1.4483045870056421,-1.1058263474484138
-0.854034843957416,-1.299135633197467,-1.2726428948148047
-0.845863644896745,1.2600728538973165,-1.2459040703999238
-0.853314203722737,-1.0482999149057475,-1.257571346833617
-0.8551326335170187,-1.4638771490874267,-1.1232224963008561
-0.8554036915621472,-1.5306800591574148,-1.1825282853612176
-0.8500953986433438,-0.13983899467429675,-1.213107358218871
-0.8493861637308763,0.1840274018318236,-1.2261197088594022
-0.8499449779815791,0.04290598869204028,-1.2641032279919215
-0.8441752271469432,1.6894780039877977,-1.3019592364599546
-0.8501443061639945,-0.11735952782807513,-1.174261068310953
-0.8477631606022771,0.5587173002994119,-1.152523481988598
-0.8449089754623945,1.455985149622052,-1.1796382670324848
-0.8508075541096898,-0.17091535232469807,-1.1878636535649099
-0.8521966203993476,-0.6581468083212048,-1.292100972734958
-0.846639123580619,0.8874018470656527,-1.1815787032347222
-0.8470501426637933,0.8237665119294812,-1.2116242674756705
-0.8524756609573804,-0.7608419547738715,-1.1867500042685095
-0.8479439294226516,0.652179684878058,-1.2485008649602671
-0.84863117740891,0.2063083249765274,-1.225208338911955
-0.8496847018089776,-0.06737060554949496,-1.1666559397381664
-0.8464378045486453,0.9010402128159761,-1.2339821247114524
-0.8549956848485106,-1.6962886190732083,-1.1423655096728844
-0.8539026480093439,-1.0908942482442852,-1.2210557448643065
-0.8471966484987824,0.8483599856968315,-1.3093051814070147
-0.8524572260899759,-0.6823708659409335,-1.1328482433246305
-0.8515288132454857,-0.5132805674797204,-1.3105284169736826
-0.8558607355775916,-1.7551724887014792,-1.0696244599634446
-0.8510636941613787,-0.40214678120183955,-1.1438382802954246
-0.8534750930513423,-1.016840706217438,-1.126336131625288
-0.8446741281824266,1.3650463730309639,-1.2904331307294725
-0.848237519129434,0.43845562673825095,-1.1855109013112548
-0.8537897577680723,-1.207013855666928,-1.1220363564609763
-0.8512652962618724,-0.42728873681547597,-1.2028138649959308
-0.8528769861240514,-0.9428836387387272,-1.2833756655753863
-0.8473414962113143,0.7242235282358948,-1.2068343063218527
-0.855016360843825,-1.5804714185227282,-1.1138584805086191
-0.8490083327980392,0.1824365783136064,-1.1943477701970686
-0.848133899924961,0.4842911595193013,-1.3043127498557576
-0.8470866462098248,0.9818463857762239,-1.1727551668371907
-0.8432950098344629,1.7976434829030765,-1.1964099407983801
-0.8549023014740953,-1.6468021985279198,-1.1542570972794826
-0.8535163484496169,-1.0391425057206631,-1.255363145991548
-0.8568375805275772,-2.0979303873463,-1.293026856779689
-0.8498257047697706,0.024396957871075854,-1.205010961254088
-0.8482753933303521,0.5628025534869937,-1.2123238183845457
-0.8442321500415932,1.5140284749935145,-1.1995043788821615
-0.8547398327902674,-1.5957074956833088,-1.247133011866075
-0.8523312118857584,-0.6812167156095186,-1.2781529428681289
-0.8472222894607142,0.8844846312171819,-1.241088442304968
-0.8546339894327357,-1.3207004448236968,-1.1452619683441099
-0.8548490488830961,-1.536031731702264,-1.0528229834814744
-0.8448769983687443,1.5460934446791226,-1.2870301126045596
-0.8528909018238443,-0.9451814426835897,-1.1045800726216017
-0.8512685334548039,-0.404275744018109,-1.1983229006799594
-0.852058011658623,-0.6354344471705315,-1.2122281678946525
-0.849265222023404,0.276103944541675,-1.1989465942776318
-0.8410903386934165,2.39065961645397,-1.229889963542999
-0.8466795878638943,1.023395198536892,-1.2444897710886265
-0.8504315648725144,-0.154237975266885,-1.2759396040346913
-0.8567212898325848,-1.9076275320395468,-1.1964631148685276
-0.8464153017542332,1.04584587057633,-1.178633418744488
-0.8502493498391652,-0.04782468921464249,-1.2469198752446082
-0.8492635824040939,0.16978562849546922,-1.2031619854697118
-0.8556076099173899,-1.7160287902743474,-1.2095073815905597
-0.8564373578458393,-1.9088815119812172,-1.1517029706312716
-0.8512086375481117,-0.2966299943770003,-1.2265410508203745
-0.846368406272157,1.098562656091576,-1.2200535715082204
-0.8458672523046428,1.1354571259620816,-1.2217845788980375
-0.8501398299597898,-0.2817844973617254,-1.2011976473733708
-0.8505580301307767,-0.1345410066182702,-1.186119612514591
-0.8473047974273866,0.7602115771941093,-1.2409643399303472
-0.8488379731977764,0.31386315382701435,-1.1898635739279095
-0.8468959761823495,0.8824733177288918,-1.1765848756174377
-0.8527747678024434,-0.8749236998133274,-1.2268750432096431
-0.8480952944030282,0.5615412187644317,-1.2385505628267466
-0.8511243727056048,-0.35466475777746187,-1.182200594174931
-0.848401354461568,0.4911918750660598,-1.2202059821630806
-0.8552753003141015,-1.5193573377722376,-1.2230438825562036
-0.8526732524015253,-0.6090659673704146,-1.1916117581234402
-0.8528291909254024,-0.9820453225216202,-1.2581332782938899
-0.8417880815801116,2.4231158459790496,-1.2499443443048355
-0.8475406545902238,0.41503916433451665,-1.2902137746478206
-0.8473755003405632,0.5936878162685513,-1.1963624589461928
-0.8553903972025052,-1.637713494758045,-1.2221154404531651
-0.8511619561166163,-0.42586339696995357,-1.1874094809123747
-0.8517998582525592,-0.4756798332159636,-1.189457799959092
-0.8516628202963805,-0.3391167208297861,-1.2277610563847448
-0.8488717671931636,0.4303473832203372,-1.2671079525504843
-0.8409139030308349,2.4092132942985165,-1.2468942188663714
-0.8523047849351202,-0.712716504664821,-1.1652059305639517
-0.8528574283263748,0.02701405027556456,-2.220046218847007
-0.8517713564904531,-0.5555271160588102,-1.131149793953374
-0.8555997697693752,-1.6836469375959697,-1.0687878443126957
-0.8468941609729415,0.9920255785218598,-1.2282223303309543
-0.8532064987825398,-0.9144453466471748,-1.2046935174930982
-0.8510995229375978,-0.299485682263113,-1.1350073401968406
-0.856121396192087,-1.9731396964027745,-1.2638432600366893
-0.8524427459942646,-0.8920981302719526,-1.1921347825971649
-0.8557110556077135,-1.6673442529453975,-1.139210313543584
-0.8455452761930409,1.349581537027562,-1.3045324618094565
-0.8546438993830175,-1.2349330737448905,-1.1332804190788652
-0.8533840280785067,-1.0666465231761857,-1.174304379471658
-0.8413892010249856,2.4085021330026146,-1.2030970520855395
-0.854887728806835,-1.4837927097956152,-1.069014018629517
-0.8494721506726064,0.24137826657053166,-1.2422107672243892
-0.8532395362581413,-0.9469008850273963,-1.192703394451713
-0.8490065590756732,0.34774691022547605,-1.205284485594532
-0.8500955464718657,-0.068867038993844,-1.2114465025231946
-0.8513254140737483,-0.285775566729396,-1.1918269477750865
-0.8478648436778723,0.6706254341542267,-1.239530470518807
-0.8454869120451562,1.210015484423887,-1.1478760795882972
-0.8541086765254331,-1.2039621832914145,-1.1642922104090694
-0.8498029943368631,0.06107840209718965,-1.220631461165575
-0.84787465199098,0.6158782453075915,-1.289249825778931
-0.843744130751996,1.6575599640398238,-1.2142055534867788
-0.8443310975529782,1.5836222031456222,-1.1842702008532782
-0.8527656485402894,-0.7446315062583739,-1.1946505202871178
-0.8496931869829978,0.06131173456138799,-1.2474973545400723
-0.849754004252835,-0.06446542647007958,-1.1740495361241214
-0.8473638666371818,0.7779450010691483,-1.2334091927131938
-0.8419101797054344,1.9971836500083084,-1.2230250395482736
-0.849023379833573,0.2566684692759065,-1.2733886988156977
-0.8528929524269702,-1.0311982054646989,-1.2134317975548592
-0.8522860428618365,-0.6755108594531763,-1.2554628025778378
-0.8472032986200976,0.8841491306459162,-1.2647895849167299
-0.84752676846249,0.6308297147718586,-1.3165309812253796
-0.8524991480507509,-0.8553197781815133,-1.2189024530554058
-0.851656129682926,-0.4750730980982279,-1.187947972552843
-0.8513140523904248,-0.3001285870190256,-1.1905665350587271
-0.8474514221184335,0.5480303481387552,-1.1154403256097736
-0.8558888441151697,-1.8920206982270535,-1.1377360874686215
-0.8473782611277255,0.7956168522596725,-1.2549601130438315
-0.8484491976942717,0.5083379459989319,-1.2485833132528703
-0.8465206797347659,1.081176876108988,-1.248275417503065
-0.8550824814472194,-1.646986392263353,-1.1203829136679004
-0.8453290709059427,1.2781033220121645,-1.2869087083208117
-0.8498267449514183,-0.05267019524372213,-1.135021156063716
-0.8471603073601622,0.8396899904679177,-1.142057824551575
-0.852701020328706,-0.8611695343398278,-1.1809273830485454
-0.8493429319793763,0.04354741069183286,-1.0535451353163372
-0.8524273954238133,-0.6906837004923895,-1.2441291494628968
-0.8487706046394513,0.23871631707453556,-1.0898529181815089
-0.850322558189713,-0.2620025547529673,-1.1934302435432835
-0.8565547963216847,-2.073688742941147,-1.2680185707477578
-0.844249319582505,1.528649989802088,-1.2205260260974866
-0.8529482783534986,-0.9643506356928512,-1.2304094966998134
-0.8466509711975784,0.8681680359403301,-1.1505763387762267
-0.8510753035702954,-0.44107414342141293,-1.2741674385526773
-0.8547438342411638,-1.373801568660152,-1.3071350792681669
-0.8490713917547056,0.20507810570142887,-1.1542805694056295
-0.8547828410719053,-1.3996004288737012,-1.1763846255085406
-0.8446501077688103,1.422806872430229,-1.1873127504481735
-0.8559660494757357,-1.773867857505666,-1.2131568880915007
-0.8532528452037067,-0.925827484087723,-1.213381537228865
-0.8542707496227085,-1.1943658763403235,-1.1893846907798962
-0.8489680093687394,0.3117239138558324,-1.236455371238716
-0.8440133249035856,1.7617070991263102,-1.2463468532579858
-0.8512850648429584,-0.2616074670612378,-1.227357632683595
-0.8452634707693474,1.3511314972425457,-1.1901273779815074
-0.8470150223219441,0.8480553761640974,-1.288883486490604
-0.8452768465829414,1.3978478722788794,-1.2283117336675864
-0.845516582571453,1.3324585515915475,-1.2933868571324092
-0.8530312574711163,-0.947112083950982,-1.2479437991269833
-0.8424894390955333,2.113961656571564,-1.2084476247526958
-0.8495709916493218,0.11414608410762807,-1.2586164281794738
-0.8476721520135557,0.7591318849841231,-1.2702802347090714
-0.8516978774860441,-0.5126349921934552,-1.1560726870396794
-0.8537831401881811,-1.1291497378591067,-1.2234439910945807
-0.8463968488139835,1.0635133111556907,-1.2855850048450381
-0.8533356222904264,-1.1239754619545068,-1.200786382081421
-0.8527229254451655,-1.1456105940532957,-1.1873882778415705
-0.8479015638268235,0.5993777827977687,-1.161801473331011
-0.8441670591037999,1.4348617774322352,-1.241528484314306
-0.8519462185129304,-0.7272203356996974,-1.158730570998324
-0.8490135910449307,0.25595545002998815,-1.313000746045328
-0.8513743050983373,-0.33324027497068787,-1.2252501616772749
-0.8482505185414981,0.5250204327237439,-1.2038188567607842
-0.845768942907525,1.2415032108128696,-1.292597054451938
-0.8497831845979834,-0.06356273704430691,-1.222725767768355
-0.848324308645973,0.4700546488937048,-1.2295034755239267
-0.8505014857545229,-0.25438155807278046,-1.3053502008796012
-0.8495510962143359,-0.025368907554419617,-1.1677841078159295
-0.8490738491191298,0.18701356693082793,-1.18883177393655
-0.8502503468967851,-0.06374927524683163,-1.2046365834452581
-0.8517749508961708,-0.5917450011398359,-1.135657548783371
-0.8500884469169454,-0.00874717128993704,-1.1796816974820776
-0.8514491304377078,-0.4402295006796593,-1.2370427873822392
-0.846062819609486,1.1516498156895993,-1.2835627370768734
-0.8560560845696012,-1.8166334521699712,-1.1442677558313707
-0.8489540732943425,0.34906846407552,-1.1963757285403023
-0.846262830015274,1.0118165245065558,-1.185993216303732
-0.8505870267876061,-0.19634797774157817,-1.1538553664228037
-0.8473474687340582,0.7401663449480169,-1.2700578212635327
-0.8544539659643361,-1.4099231576576068,-1.1789470405001414
-0.8542705170824199,-1.3457843152904005,-1.3089235393418677
-0.8551067516403386,-1.4624822557239303,-1.2283403114135802
-0.850330028987785,-0.1882772998958248,-1.1723917887660376
-0.851665239461777,-0.5561498094219945,-1.258382498426708
-0.8469933487085407,0.8850082421576988,-1.1810765045942784
-0.84312221654639,1.9385792406619315,-1.2798565373249398
-0.8479768148223471,0.6150958704696384,-1.280645353787271
-0.8459540274847319,1.1879367509880683,-1.1920331853474855
-0.8474167592903796,0.7403172579413142,-1.2748796423975395
-0.8523091072764367,-0.6792622608516458,-1.221547582940535
-0.8478264636863145,0.6331642304396846,-1.3212752441001787
-0.856714815394195,-2.0191507894260505,-1.16265232957587
-0.8491349890100969,0.27662426886122515,-1.225713548008537
-0.8522417442198494,-0.7302718435096499,-1.1596341311660936
-0.8506494299989469,-0.09110112383688758,-1.17700940008049
-0.8476659598105688,0.5390040878429959,-1.201896634224406
-0.8513781398833145,-0.4991098136310424,-1.1965881055717558
-0.8564236013995519,-1.9060623385454445,-1.1727569310701038
-0.8556270278421011,-1.6063314759960656,-1.1980258597250573
-0.8535774656461256,-1.2504356127323857,-1.2439667608454876
-0.8477756365536849,0.6523487509650476,-1.291921798946062
-0.8506888075473048,-0.18969125055888222,-1.2140060703008482
-0.853069234561741,-0.8905396428163694,-1.175265550412153
-0.8508165612596195,-0.31681125330579224,-1.1188554589476774
-0.8488323188484151,0.3288371593400544,-1.2613919196432921
-0.8492804577978803,0.21806271243670655,-1.1877229571297556
-0.8494448389000311,0.1121985545872795,-1.0935117375548302
-0.8529265306304763,-0.8191869644065389,-1.2143293362200243
-0.853102620110222,-0.8450080198769001,-1.14744163956701
-0.8530739006026121,-0.8147412739790171,-1.2282632262372706
-0.8532492575321974,-0.9840441078825692,-1.1223810147405344
-0.852576361266764,-0.7607801032191941,-1.2217406534510957
-0.8498033570233,0.007648337962936045,-1.1861926151428988
-0.850871675623246,-0.18988185102959548,-1.2105779570141706
-0.8488921419618046,0.2940312863433031,-1.2042554197769098
-0.8500271064700494,0.11385360847138075,-1.226008954456999
-0.8533600963290432,-0.904676913499423,-1.2234037886201505
-0.8503516159055934,-0.20868406240208262,-1.275497434290462
-0.8529627029906491,-0.9277469974948461,-1.13865014432178
-0.8444256751517042,1.635643177817135,-1.2901202457949865
-0.8486357284626159,0.25373117307605847,-1.2008002192402918
-0.8542362304193832,-1.302097709055496,-1.115139413937965
-0.8450285587554538,1.4223388718955288,-1.2002338338819454
-0.8530775527646034,-0.8363433815595643,-1.1656603367724665
-0.8517828803807372,-0.43126143894403307,-1.1010285772797745
-0.8534594941210908,-1.0527724519671322,-1.1653944380930528
-0.8487510377151085,0.2768984853428534,-1.1585992418815287
-0.8471151390910616,0.8419171454140995,-1.2842002921336693
-0.8514100831652446,-0.4747089386946652,-1.187427768340252
-0.8496763539894957,-0.020341412151578496,-1.106510490881723
-0.8510812629498828,-0.3010465245095874,-1.182989156900401
-0.8508300103383972,-0.3863156990988471,-1.1787406643329972
-0.8472740748105078,0.725469335859263,-1.1581753665911918
-0.8552868665748281,-1.7893044063947414,-1.1873283006791948
-0.8473149580151207,0.7065726403199346,-1.215895855535138
-0.8481871919235778,0.48854285098190847,-1.1543629997433027
-0.8491604907481017,0.23590899653726005,-1.2152580703526752
-0.852935348785033,0.027002939387552945,-2.2340145568696044
-0.8467377222716838,0.8343468496938927,-1.1260836961332528
-0.8477483190809691,0.6358410302276849,-1.242377269263169
-0.8507710578917552,-0.264638672099243,-1.225361671576029
-0.8515300327912999,-0.4397080822087177,-1.1701149960629558
-0.8468172487243687,0.8785181688716017,-1.20501737716943
-0.8460167487845366,1.0302414581645918,-1.1786853556609445
-0.8429931914836366,1.8874860950475318,-1.227744716941185
-0.84493464661126,1.510209077803519,-1.2839440973042482
-0.845697647414292,1.1893619960983166,-1.2244448825389276
-0.8408281656638803,2.3720539216065863,-1.24479579280741
-0.8464104057334108,1.060843447617938,-1.2139118338553998
-0.8453620195741819,1.4176875620660139,-1.2750222226709065
-0.8431938968560859,1.8860439503903992,-1.2183446702971967
-0.8537210122109121,-1.08845623309796,-1.1227244921074477
-0.8474336983042229,0.7778821581120242,-1.2035937415646354
-0.8543828629981246,-1.3756080692075412,-1.302466641861727
-0.8469334921377812,0.7727499867824135,-1.1713630410203304
-0.8491879806111583,0.1310841051126284,-1.163535216325485
-0.8465048956307748,1.0276951592125987,-1.239444277570218
-0.8552044523703277,-1.5198572667093226,-1.128185960076236
-0.8563350529458861,-1.8733698119400555,-1.1994443064691642
-0.8489491411609076,0.34922989250471337,-1.2157205070004213
-0.8531868117389039,-0.9133547231220728,-1.0958716627822094
-0.8454578214423524,1.172970276128889,-1.296786811307787
-0.8474396206236222,0.7447666896309622,-1.1649262582958337
-0.8508334881152154,-0.31295506135456724,-1.1691303184707702
-0.85117556205392,-0.42714837534698696,-1.2300290912137533
-0.8442008123617224,1.6914847726144018,-1.1918951469026395
-0.8493568156509052,0.2357173020519955,-1.2684463789327955
-0.8463133346734114,0.8871781873353742,-1.2758280085934721
-0.8420640328585449,2.3005689504232376,-1.2624630481569252
-0.8495642188785587,0.13192029025246016,-1.257517796666986
-0.8443319159463814,1.561831974912593,-1.1982475954577452
-0.8508434541346384,-0.3684295979920759,-1.1750577253229033
-0.8459208621419336,1.3119897844255992,-1.1586430374962327
-0.8502162304925879,0.008137633480692553,-1.1913308262187046
-0.8476710249832791,0.7053548107836343,-1.2364600651052056
-0.8493957081002417,0.2049829360786711,-1.197837623367138
-0.8469287818349911,0.9543327813675411,-1.2771789001164016
-0.8483099850797354,0.5257396023159905,-1.208177427744298
-0.8503435843639368,-0.11877332592917175,-1.2297003107704783
-0.8525931470148498,-0.7134928162141498,-1.1056294988444983
-0.8533171253497233,-1.0366108932853104,-1.170642779594638
-0.8553144443356901,-1.570619726660609,-1.1696337221390423
-0.8486278553398845,0.2748100770443501,-1.2068788175328988
-0.8511937468702844,-0.2448535871362713,-1.2323167202652037
-0.8525343774459715,-0.8380355581751066,-1.2666560134454996
-0.8560703242115435,-1.7388966231236342,-1.1014389280039873
-0.8554620107545813,-1.5860986072756555,-1.13387066798242
-0.8537324662374662,-1.01828496920146,-1.1952357287908433
-0.8515179907346404,-0.4257522116747001,-1.232407296041185
-0.8565018873114406,-1.9644458556410949,-1.159703563051936
-0.8483602349458904,0.4903924815740217,-1.2413591802558221
-0.8459476280148558,1.1711622552074925,-1.2682522038652604
-0.8493410372156901,0.11354214146624456,-1.1088659928704978
-0.8513080101349607,-0.4068901914052363,-1.1609522411147908
-0.8494814450668137,0.11442772980565016,-1.2253872821372342
-0.8481389568276181,0.5795521585843606,-1.233194612705874
-0.8508874541446783,-0.26628796939082844,-1.1933847694474284
-0.8490266710084707,0.31146936857003943,-1.2464267232370478
-0.8451756369204454,1.2736029588651478,-1.238752762997963
-0.843794811510174,1.8326032450593994,-1.3005547956984007
-0.8523330744054191,-0.8211443316840695,-1.2695307305511965
-0.8511766524015592,-0.3662235626991439,-1.1526498726726566
-0.84884698143791,0.3115927185409405,-1.137964539538817
-0.8502426722662559,-0.06643457744497475,-1.2165790133953338
-0.8448387720098994,1.3992407290434365,-1.2625011382761049
-0.851922762912634,-0.4293822890078827,-1.177796592041586
-0.8493166899049497,0.2581629994709256,-1.2162146547227304
-0.8490589695059344,0.11099382562096605,-1.2192522287105512
-0.8466268381960937,0.9567299517805558,-1.2432635584710878
-0.8527912641628045,-0.8704525800890468,-1.234832605700755
-0.8448701753760919,1.3782415998054784,-1.2994267360152911
-0.8485653191051644,0.4182424694144238,-1.25943001232481
-0.8563570629241952,-2.0112053447749583,-1.216399762836963
-0.847140150331869,0.7416674852325011,-1.2248433859691632
-0.8536644257950391,-1.181866973288188,-1.1381158687721287
-0.8497800465238399,0.09681145054180397,-1.2435422779724867
-0.8489397038981139,0.19932593670331683,-1.0983536936072378
-0.853798308467765,-1.1592314963679142,-1.1106920828487568
-0.8535014620030004,-1.1266570368896909,-1.1203906847101859
-0.8437464033219148,1.7028645339766297,-1.1708406807041287
-0.852358610451032,-0.9404362999971556,-1.2179332682185156
-0.8497257771234565,0.07438899534524898,-1.150178856824126
-0.8512862952244031,-0.4556262886328387,-1.117864140381472
-0.8552076125274761,-1.7009032755611946,-1.2913193379561645
-0.8482064837490856,0.43696227050199005,-1.2840827055010189
-0.8549211492496075,-1.5179511200145617,-1.1704246125467004
-0.8457146002134578,1.148800528922106,-1.2052557360433627
-0.8562919816506682,-1.9926235872950542,-1.1551033086004703
-0.8481148799275959,0.5102610244806554,-1.185981734012625
-0.8498759701296175,0.02630822953017043,-1.2065935149214535
-0.8546982589530566,-1.5051049326549537,-1.2688741994186312
-0.8519247113130252,-0.5138236286364983,-1.1977770102183063
-0.853009310034871,-0.8746569296114732,-1.1977757935441866
-0.8532436558983301,-1.1799191181320596,-1.3045488893655621
-0.8473012280429827,0.8300744458690387,-1.1642225437871285
-0.8492879340320003,0.18516108022773456,-1.2937386588073023
-0.8548323847206513,-1.4137534732797985,-1.1669173349044886
-0.8526571945139624,-0.8735741865757568,-1.2100865885093184
-0.8473799436818241,0.8085745739808126,-1.2395823623095523
-0.8467295589382015,0.8519246541975842,-1.1661395616140044
-0.8465344789230955,0.9753075385341989,-1.1666627196509631
-0.8448203825986834,1.4763330282375244,-1.222669360417347
-0.8483893822557498,0.3968291729613681,-1.1686975817561183
-0.8502494322303136,-0.2259706349504453,-1.1973488076528853
-0.8487174551262364,0.4004423668599988,-1.222532320428495
-0.8470676001632009,0.8333560352141153,-1.1796957783267885
-0.8498455225368868,0.09100939169045627,-1.2001329463273618
-0.8474477535593854,0.8480188499732049,-1.2245329346213762
-0.8530394972272034,-0.9100392694842896,-1.0917545313888952
-0.8499168502846018,0.044288104455620494,-1.1893528415197894
-0.8488569669004773,0.4167686644215294,-1.2130401435028637
-0.8526446866594968,-0.646348432604617,-1.2095030766741741
-0.8518840858110854,-0.5685903657779561,-1.1723122316165548
-0.8518153828700767,-0.6730782506184411,-1.2113327499266184
-0.8490525085992212,0.23519322255062555,-1.2820824824170252
-0.8503186463601758,-0.09835914750707483,-1.1722222087287644
-0.8506228260160985,-0.16939026556389497,-1.1690548133822278
-0.8510837452524727,-0.4793538603157163,-1.0930282635760176
-0.8504471041035404,-0.21134533080627874,-1.1924284634388878
-0.8447638161627111,1.540257737036667,-1.2059318141348812
-0.8532127217160874,-0.9574446114556382,-1.1468704548471391
-0.8519624248347559,-0.5294812877024409,-1.2080014037448907
-0.8512369875534986,-0.4591195865886951,-1.2692315164408543
-0.851109675076008,-0.535215169234491,-1.2027077673970687
-0.8465982628268216,0.8494198688156438,-1.1814257618819866
-0.8476762636139421,0.5113129764930964,-1.1593698497171114
-0.8469944745638318,0.832560933449644,-1.1680791933712573
-0.8496578257610541,-0.012120499536246424,-1.1136177405450505
-0.842841172436414,1.9243406016591251,-1.2671869469692014
-0.8463402812236674,1.0303189391716177,-1.1720992160954986
-0.8506584104224829,-0.15864086777045003,-1.1717714964088075
-0.8462347550119618,1.130754587051428,-1.170989589205702
-0.8549701331236214,-1.5037965823637705,-1.2038599541459378
-0.8492085535763944,-0.11543944536448039,-1.130516130894012
-0.8472977603722497,0.7249724761506523,-1.1702725457534053
-0.8522193603324555,-0.7993082322279498,-1.2275062557615937
-0.8495122314621637,0.08158010752356853,-1.1221802235583092
-0.8484765471823426,0.4539398072869021,-1.294733221326172
-0.8444457909197015,1.5499382328649478,-1.2024479154656686
-0.8512520325000721,-0.49660257065590047,-1.291446747093292
-0.8457170716150965,1.2959645270387063,-1.259141388764952
-0.8533041504156859,-1.0125203625577048,-1.1466580994243842
-0.850339565819575,-0.278743786973685,-1.2102143796139955
-0.8504880046639878,-0.387303022990153,-1.198464201668748
-0.8527492869377811,-0.7430793580052616,-1.180109612311773
-0.8497074658129908,-0.008435920055551908,-1.1438742687822558
-0.8522926847737726,-0.6907157017922345,-1.189671410655234
-0.8490662491733438,0.2211195381540866,-1.2117225368927917
-0.8534884726604709,-0.8987689558006897,-1.184054882853716
-0.8446825008958689,1.5302526635945708,-1.2427239516738517
-0.8474210636404791,0.6678386982245724,-1.224343658719703
-0.8506107787787299,-0.29609480808038857,-1.1681346777134374
-0.8540534778435033,-1.3705216750034526,-1.1864155603873956
-0.849230117756258,0.22185942914605747,-1.1885429495385424
-0.8490990112951279,0.3479024385562282,-1.209775882626773
-0.8511466567590414,-0.2957220130248489,-1.2197487639518652
-0.8517193980647138,-0.6650336695584022,-1.2621439078491905
-0.8463033797504979,1.153241578610754,-1.2562633279994808
-0.8508712604297329,-0.16160588727923506,-1.284550591562867
-0.8490946655784102,0.2603193238407208,-1.190060783959651
-0.8526655761270626,-0.8025984681908553,-1.2440712731058503
-0.8504888419696761,-0.15962460827136046,-1.2882147317913375
-0.8501176580122523,-0.13944576604008374,-1.2653002156429678
-0.8505515755511317,-0.138078896061789,-1.1344551349796834
-0.8513949667867174,-0.3674604022095083,-1.225591622354226
-0.8468255316295077,0.9937634348227833,-1.2392786611189763
-0.852533098735562,-0.7065225718893956,-1.1449551500678135
-0.8467821655664274,0.918718544126356,-1.283039382094042
-0.8476108340831672,0.5622073537045068,-1.178789113490425
-0.8487653176816659,0.27310922664664067,-1.1373851238979014
-0.8533607541228221,-0.9167695608193361,-1.1420539671078824
-0.8527303410585153,-0.7676771905409812,-1.161417647161885
-0.847891792582273,0.5078144417863246,-1.2732478030428043
-0.8459548352290616,1.1003378815284082,-1.171381963433511
-0.8540289409292943,-1.0590312172413152,-1.1443978178170628
-0.8499730467945077,-0.11646437966913345,-1.2451748310069846
-0.8492836038739761,0.04471358289713444,-1.1835466496122256
-0.8454745463156916,1.153718043216645,-1.1463425762008308
-0.8497162318665508,0.0767415048490545,-1.2009486175403024
-0.8498727606781464,0.056718074156976585,-1.159573775219042
-0.8519080925737291,-0.49600080406293445,-1.2273987122077923
-0.8536290003656338,-0.9608713435941014,-1.2388969738109274
-0.8522786191299798,-0.6438617334823772,-1.190905768741875
-0.8519222192384293,-0.5480485911121652,-1.1561097256422779
-0.8469002778596284,0.7082503661557987,-1.1632393637925063
-0.8450923879123718,1.3332349508523023,-1.166344569155104
-0.8466771042333053,0.8828612201977413,-1.1473877727760269
-0.8554816091118308,-1.6811651451048026,-1.2157433499004084
-0.8543796124715792,-1.2271007782611139,-1.2306369774099517
-0.850105000335456,-0.04493642629204579,-1.2292727460721318
-0.8486523406084713,0.39994573484294144,-1.2437774011324263
-0.8505120726692653,-0.25835409436925455,-1.1257051776713252
-0.8488212131510131,0.27537828802175207,-1.2456052611359418
-0.8422296077081445,2.1755431768578153,-1.2115599669742174
-0.8472954086836619,0.8116171767426567,-1.2341259854761533
-0.8490300262163354,0.2759308859714027,-1.2503350380655414
-0.841396779261841,2.2425308438450116,-1.2274797170462242
-0.8523359469185526,-0.5531695490206788,-1.1800440600366944
-0.8499735002102844,0.03941883359684811,-1.1827799015852205
-0.8558298483751935,-1.8214658601356855,-1.2567271261751591
-0.8477423193701548,0.6272582063715161,-1.1613938741957932
-0.8533922588484113,-1.100865854307808,-1.1213470257993088
-0.8504022173727519,-0.08555325106171859,-1.1904254031154535
-0.8496968227069442,0.005226198908713854,-1.2604320143000507
-0.8417206114827485,2.477696831691042,-1.2773200732925383
-0.8432157402612578,1.869463858369711,-1.2220238373036447
-0.8503694781954042,-0.1408654262173535,-1.3009693177974686
-0.8504576242713512,-0.10979968063017423,-1.1923950571986461
-0.8504706569364502,-0.15727196853548048,-1.2138223761531584
-0.8415239367989128,2.4241278405449767,-1.2446533930987587
-0.8504198144075282,-0.2264736457742291,-1.2594288178276907
-0.8507150174358433,-0.35611645925814017,-1.2776284713531512
-0.849251168422126,0.27435221504052737,-1.2528641255441946
-0.8506010714804391,-0.3205209854783314,-1.3027243994018802
-0.8481588215480191,0.5978142364499048,-1.2450922729169662
-0.8530018951536209,-0.9125487797216931,-1.2818247102866949
-0.8537141625920788,-1.2654474515495704,-1.22359646191536
-0.8453183399789729,1.34862675868957,-1.3269396012593337
-0.8526771618083901,-0.7213109804609608,-1.2335996894155687
-0.8499926840778648,-0.0098682800487658,-1.2354912639402538
-0.8528657586795534,-0.914491387592179,-1.2153611197807344
-0.8477239210615635,0.6144634464149293,-1.3017369702883828
-0.8490628010071744,0.2771438433709891,-1.1803445314878713
-0.8483899959508767,0.4726467294701148,-1.2446420564272838
-0.8496487698552875,0.114111861430117,-1.2645749728426667
-0.851901805125309,-0.6963619649042474,-1.3049388353446887
-0.8533484697388485,-0.9106173659946716,-1.1507850214948585
-0.8506371886189724,-0.3538435765090491,-1.1576035566820646
-0.84595743321599,0.9242975217804479,-1.1590643832945957
-0.8466497820637239,0.8472286365719883,-1.166482073667163
-0.8524662133435418,-0.8165133931847935,-1.287736015935526
-0.8435246900945829,1.6391865393727367,-1.2130883727114448
-0.8505739596810271,-0.1164714005346517,-1.1971942871365673
-0.8557171806395909,-1.4920071176772143,-1.212238953071803
-0.8524636786082855,-0.5406819679747458,-1.1991471205296398
-0.8538128061010746,-1.0741152116736439,-1.2043397142720793
-0.8473808585668423,0.7566170535680388,-1.2776555952619166
-0.8532353144084411,-1.040346583839094,-1.240020508896455
-0.846718670616924,0.9186906624721966,-1.3006864826742102
-0.8517023456606995,-0.655184357947591,-1.0575846666049973
-0.854147166581549,-1.1632514684866255,-1.1054858003323507
-0.8482012290593484,0.5077829539660684,-1.3167470435650386
-0.8479767617229672,0.5616287070480389,-1.267238413016563
-0.8508121051087062,-0.2609330896548079,-1.1501704800664951
-0.8527124221528365,-0.8961659550166465,-1.1596702492857938
-0.8487148102868778,0.3644437544679492,-1.2687726368829129
-0.8519298114464436,-0.639394239758745,-1.1446321502753802
-0.845739738842731,1.2244778476216938,-1.1680994178356037
-0.8520436382892153,-0.8373321180534511,-1.1864656132535636
-0.8413242112380208,2.4277285941037383,-1.1709234816256617
-0.8470709334355043,0.9147049279551756,-1.2790692835901736
-0.8437606621009444,1.7589385678178218,-1.2029406572539252
-0.8426701071898438,2.0150965752247703,-1.1978551952681777
-0.8481217546176439,0.5246072651302965,-1.262269875687372
-0.843685912751408,1.8123985745058921,-1.2331624671331847
-0.8510473603628534,-0.4448012856766342,-1.24021826981413
-0.8480279998394524,0.5623790603071379,-1.2926655029798348
-0.8432221749622556,1.9766725387364803,-1.2477360751879187
-0.8542165831200209,-1.166516915125691,-1.1210619787603682
-0.8491275488601128,0.11539500840042914,-1.2408557676122336
-0.8548759432425802,-1.4722544563873672,-1.08116247497565
-0.8486046592343324,0.39601422426550614,-1.2574302587975754
-0.8545863533818892,-1.5204312225187944,-1.1613701272370436
-0.8503850883099935,-0.13827523708928155,-1.144677930788438
-0.8498585593426674,0.14280531371203267,-1.2018985226860923
-0.8482515709249993,0.40493419434638855,-1.1373981973756264
-0.8469413655733474,0.7571552516394017,-1.1120000164297934
-0.8540078744045898,-1.118774603236662,-1.1683004544725455
-0.8553093573439182,-1.5345278516604512,-1.1393132844581886
-0.8548740497884185,-1.444637072556595,-1.1084189536540887
-0.8554103545545377,-1.7110650716989586,-1.11778100415426
-0.8423024866135521,2.15799351963482,-1.2538728528550183
-0.8520413619844982,-0.5706120790248566,-1.151648615625554
-0.848257321489352,0.5968084264572907,-1.307853261058505
-0.8527978627569476,-0.779549749598871,-1.165911782281412
-0.8463946948278764,0.8311343054767872,-1.1499300599400382
-0.8497945113124692,-0.06353606421845005,-1.2528632120166112
-0.8505677693014204,-0.13724356828488465,-1.2535551569064476
-0.8469265917887013,0.7798699725807046,-1.1877906913745764
-0.8510788693762489,-0.3529013943437125,-1.1137359191160603
-0.8530210420803338,0.022433746301534264,-2.2482434020445563
-0.8478303358285395,0.6850361941482757,-1.2184552063046796
-0.8479723988415746,0.6698840370194223,-1.2018184936965381
-0.841526683293447,2.3366511304417235,-1.2182356945250463
-0.8474547430369571,0.7412496674102715,-1.234452397916214
-0.8467532697128763,0.740066793476557,-1.1240608838646444
-0.8417154494502358,2.2104016361938283,-1.196041521024981
-0.850163835274381,-0.06283912313293287,-1.1529847040859502
-0.8498432954340728,-0.0282428436000947,-1.2373877762544132
-0.8481098850821606,0.526570515178642,-1.2604800248704806
-0.8472962896777094,0.6847925136094579,-1.154190836111691
-0.8490535047055371,0.20454972042930125,-1.2119008187272649
-0.849998932203392,0.06121631799336441,-1.2534039183709869
-0.8494004478416523,0.21705209980198295,-1.2377682960026868
-0.8494974329475198,0.03251048146749526,-1.1745006080250544
-0.8540787946541305,-1.2694392808140456,-1.139303106710198
-0.8492595185535505,0.22379689654385473,-1.1891129817601447
-0.8471015118971195,0.7777502640337433,-1.2172650092328263
-0.8508244939974707,-0.2605695564602264,-1.2359967077125424
-0.8541815954312365,-1.195057312868281,-1.2453173111061595
-0.8432495045547009,1.9243833973686701,-1.1866878618037393
-0.847074038330409,0.8844171425613088,-1.2537888288980927
-0.8477987433734167,0.5111404519144628,-1.162575013703644
-0.8478734851198299,0.6519946460945346,-1.2753677232669482
-0.8513542412132088,-0.3313040049826966,-1.1855266239350633
-0.851963696197194,-0.6057594863215883,-1.190345916944909
-0.8498104337649278,0.07532365497709374,-1.3203415007214994
-0.8487198466504071,0.4015608924848033,-1.2391403978133262
-0.8502793747284649,-0.13697671529965458,-1.2417485243720436
-0.8483953207330033,0.4017772851308633,-1.1843634607548037
-0.8534781013214875,-0.987986088083473,-1.2342928825583432
-0.8481136524834165,0.5269184864517136,-1.1803263536081228
-0.8416516566727462,2.2659794124206347,-1.2385900853961234
-0.847055127098626,0.8676862780800936,-1.2103066504793738
-0.8451958633117517,1.4712489091410774,-1.3181271087554616
-0.8495752768248489,0.11161801688327472,-1.2219059047733014
-0.8566157028498694,-2.039098709767594,-1.335427802906278
-0.8507863337981446,-0.1897804203768299,-1.2416389190074757
-0.8448013241323828,1.4222095836394202,-1.1610912079089943
-0.8504954662271779,-0.2653811012592744,-1.3038709123490417
-0.8459546173528801,1.1212477699286283,-1.2023271988657778
-0.8470310053609963,0.7313243923102357,-1.3006713021539142
-0.8502216011036008,-0.1270157533846352,-1.2401365318758173
-0.843974267549566,1.6544460564844383,-1.2575208612023365
-0.8422103652744013,2.1034149068847414,-1.2628731397105675
-0.8465480869014946,0.9166633665509228,-1.2016956166585178
-0.8527026288138395,-0.734461056355211,-1.1213260949572308
-0.8465164721023918,1.0952004694167512,-1.2999253394926584
-0.8515603820041532,-0.4662805377632202,-1.152513700236875
-0.8471608365957106,0.8857193813713816,-1.230625651821774
-0.8460431327320691,1.1526664958954174,-1.2861530039361369
-0.84732933806885,0.6705810155260035,-1.1575477445784612
-0.8462060345439855,1.0106505955001241,-1.1681952040832204
-0.8461790148727026,1.151555956642349,-1.2979973065990367
-0.8465467573278677,0.9220364691422578,-1.2110141852124214
-0.8455728292162521,1.3142474046955746,-1.2416577261471307
-0.8474791266379919,0.7605630150651126,-1.2249532254066826
-0.849998587868951,0.05881619555905521,-1.2430365847644385
-0.844756138891117,1.547798457745767,-1.2651421236102625
-0.8518859021426277,-0.5824439347845081,-1.159826414893008
-0.8551578220768047,-1.6283176167572606,-1.3426399877392956
-0.8468865466213795,0.9342134565449169,-1.2237480700441574
-0.8486030943676005,0.3611141126954192,-1.2996530377867177
-0.8438016219720867,1.7647241555610722,-1.1420464860440207
-0.8534280664647285,-1.0560080775441734,-1.1192116270782113
-0.8458600695674596,1.2079500441943014,-1.2359427630865498
-0.8479389382290563,0.28723706123908116,-1.2354567507481142
-0.8480304968077226,0.5255390429356286,-1.2759628212751906
-0.8437989183047889,1.7439210665960396,-1.2567672043795983
-0.846138451017369,0.8360470728889318,-1.0973282874344281
-0.8439799388003211,1.7275601875478255,-1.1640433784263955
-0.8557055084043782,-1.8589447541544146,-1.187109821268013
-0.8465842108414173,1.0282230155806122,-1.2371411371069565
-0.8534711419679862,-1.1247694902902403,-1.1159523206800843
-0.853680253766932,-1.145283328999106,-1.2792842553998973
-0.851139116410139,-0.4261453119348113,-1.1412964659793574
-0.8442360951867388,1.5832976110018804,-1.2579756199302445
-0.8474197398134844,0.5959370985125372,-1.1426297150170683
-0.849285753213264,0.18827133771363896,-1.1197267499549137
-0.8492628028476429,0.1342064716657103,-1.2431365229729248
-0.8555206023142499,-1.6812380241352132,-1.2087643042668463
-0.854436727856407,-1.2666119437176686,-1.1769275520741205
-0.8496134718474665,0.09778860340805284,-1.2207365932417575
-0.8490617447802589,0.14780130567645017,-1.2049929291226704
-0.8548937548615102,-1.3067482605699023,-1.224676263907108
-0.8550326565287502,-1.5009415489362121,-1.1163056756812226
-0.8551217371922372,-1.48124753924343,-1.2486149469910297
-0.849865532574198,0.018547451320449423,-1.2237158333757991
-0.8508704789850025,-0.22408531101035223,-1.2147880352387772
-0.8530888987327482,-0.965107693809903,-1.095353069650184
-0.8426311364799777,2.0840904528374904,-1.2695166662897484
-0.8442460650611339,1.6710982192559414,-1.313433223102238
-0.8529127707963662,-0.9104929945585792,-1.1410039076090386
-0.8538002077770127,-1.2640911466469371,-1.2636961625714536
-0.8507855909557677,-0.34954294966523497,-1.154210343913458
-0.849713340658675,0.044689210151061955,-1.1154818789521481
-0.8446652488844119,1.457051858083801,-1.1901650921638616
-0.8464913746003472,0.9911732971664676,-1.3038113372835112
-0.8479215323948681,0.4755158716705828,-1.176941595135145
-0.8463359838698099,1.0440158130897599,-1.2989876350172804
-0.8484109354536432,0.4375402366638754,-1.259769435239748
-0.8485340546852127,0.31001859941911153,-1.251208067362699
-0.8553665739420546,-1.661200572141987,-1.1689153698305623
-0.8472731582960469,0.8318550997499066,-1.233005650927701
-0.8497356380287603,0.00866767147840791,-1.209880683978901
-0.8534989696941714,-1.0344441949509724,-1.276014885071944
-0.8503510410265338,-0.10373050352490258,-1.293626805837841
-0.8548118439629188,-1.3382428749662882,-1.1188129930853223
-0.8518090805486604,-0.5286880329994358,-1.1981953231433413
-0.8483007549219584,0.4733180313347225,-1.2067245709895562
-0.8506944217660177,-0.2949068106116906,-1.1704167532460867
-0.8538781911603865,-1.175393502285315,-1.1976370218473178
-0.8414805575981402,2.2824667078680925,-1.243083613063936
-0.8509663731816947,-0.2988972684363419,-1.2725712703827308
-0.8483038808937625,0.38211425780039715,-1.1531367998461244
-0.8512403054298183,-0.3734529707783799,-1.2515142636443535
-0.851156253018856,-0.44376442524429155,-1.2791242938578458
-0.8552954743172401,-1.5762422693770666,-1.1995827755876949
-0.8508988252364288,-0.36786494867302644,-1.2451153874980292
-0.8411848192256766,2.4625860386546714,-1.1981700965314765
-0.8539617468512665,-1.1794226215464803,-1.098730223568733
-0.8563814412274096,-1.938767768520369,-1.073626792995399
-0.8503775027355578,-0.22662100716859082,-1.2806819060652752
-0.8537162528985696,-1.1975529195768349,-1.2867690067745863
-0.8513672395205812,-0.514013668607148,-1.1279080121535499
-0.8470563311237577,0.8063567652280977,-1.259985848271935
-0.8484159305639576,0.48550259763245274,-1.2320214935034497
-0.8513857696497364,-0.5829684627623202,-1.1859513082314368
-0.8494226541568782,0.09509168279447398,-1.1985793508207534
-0.8534932642080229,-1.162284748608686,-1.2344122895221352
-0.8488321022030251,0.3104615219071129,-1.2357255439763328
-0.8469371693674279,0.7048146397063124,-1.20304884869532
-0.8465905214636842,0.8465745534777849,-1.3026904243467408
-0.8470345799695008,0.742096247266044,-1.157109951152433
-0.850549965646405,-0.23193904908576485,-1.1470727635244884
-0.8534993736083929,-1.0046401563581155,-1.0963455166265261
-0.8492983284125456,0.16500437851749153,-1.1824165753149207
-0.8553045422384274,-1.5050861935713562,-1.1133049838495679
-0.8537246478729345,-1.0220153361743622,-1.1391933707463648
-0.8451788839172404,1.385626338170704,-1.2900547401877596
-0.8530050385597611,-1.0670636472376016,-1.141755542098277
-0.8543133714628107,-1.2672915165626908,-1.1883658474585466
-0.8462394554629774,1.0993450816304222,-1.2270879961023027
-0.8551529852065762,-1.5013511176294714,-1.1595539305495681
-0.8537639564892653,-1.2552937061017657,-1.0412656526506214
-0.8536218141336855,-1.0928181129976013,-1.2893263905146308
-0.8483143177880025,0.4914480120634716,-1.2387154571035044
-0.8477312169763218,0.6304518252133503,-1.2311702747818207
-0.8523950081745572,-0.8721696564079998,-1.2397324323284618
-0.8501627697694265,-0.02825513442892119,-1.181163798835406
-0.8487762619517113,0.1838400530991437,-1.291992475271825
-0.8475741777512256,0.6153870884119516,-1.274468708473303
-0.8476464894530248,0.6015881236783782,-1.1730713345626311
-0.8503013921970239,-0.1399214802680667,-1.1917315178980794
-0.8409277492031428,2.4263098563458447,-1.2367962656778062
-0.8455854889939377,1.2067420849351507,-1.2344268518153538
-0.8444895482983897,1.45402939318886,-1.1995054127538363
-0.8462342770689698,1.0130292588622245,-1.1687897193706949
-0.8555724315811186,-1.6994308988169466,-1.186979838321625
-0.8418170655565386,2.230036044435516,-1.2386277898678395
-0.8472413153418636,0.7599905020409146,-1.2100727018946458
-0.8453171734478636,1.296725463060075,-1.221043331508402
-0.8514595199450092,-0.3674369783149295,-1.1930477399859098
-0.8488996609604924,0.2942994948967218,-1.2502137722423552
-0.8498798564454426,-0.1041346088271864,-1.147034492291614
-0.8469880364395483,0.666399068371094,-1.164396878529429
-0.8533453212312517,-0.979319767639997,-1.2260278220383598
-0.8525223854102087,-0.5858802975625567,-1.257957116133853
-0.8551330363177274,-1.4788282348810697,-1.195200326923095
-0.8498834368633164,-0.014779581574785388,-1.212166910470979
-0.8524578726376113,-0.6578685931032271,-1.2766012415177719
-0.8477669591633877,0.5986918176530228,-1.2003804323501719
-0.8481043072248149,0.483751388286955,-1.2409702332893497
-0.8555562636421167,-1.6477577738166191,-1.0779058290139685
-0.85138559085352,-0.3740248858496617,-1.2145949262843403
-0.8512218053652681,-0.37028836471519283,-1.2600728477885281
-0.8468324171171375,0.7204590034279453,-1.1306371298149143
-0.8508111482013049,-0.3313340023556986,-1.174814650767121
-0.8465257729086264,1.0759300523905861,-1.2102961506792373
-0.8540128587095837,-1.2817706730094307,-1.1434060112699638
-0.8469331586291103,0.813975996830273,-1.2028752729578114
-0.8506569069003067,-0.24655381446313548,-1.23101944106557
-0.8518219473388717,-0.557816337037776,-1.2808187011527632
-0.8427985464275961,1.907335954009733,-1.1873062086640103
-0.8448414367679887,1.439560609423923,-1.225306972402285
-0.848631889345295,0.3785776732762473,-1.2123571431453684
-0.8457287497512032,1.0637371753740426,-1.156216818458855
-0.8488807066994549,0.3417975701566675,-1.2088345906215483
-0.8456631324342322,1.2782906741009732,-1.2358986737307363
-0.8493013616059012,0.2227353110787963,-1.1877891676760965
-0.8522610271618186,-0.6920461447960549,-1.2741942531812929
-0.8537851210967518,-1.1582649110665824,-1.2290748895396977
-0.8475114271692015,0.7950354782009766,-1.2453674391597227
-0.853438205160219,-1.0522118555171045,-1.2988498751453195
-0.8459721373338396,1.2247587608235269,-1.2934610421675836
-0.8456571968336499,1.2775926058224223,-1.2856255990368208
-0.8548485908276999,-1.5808396474978228,-1.1666325950418561
-0.843237235732862,1.924092526483325,-1.2163200713895113
-0.7638662664365752,-0.2828503891999984,0.14259368108203904
-0.755461683811916,2.068275248954693,0.15873549591869712
-0.7624643400974215,0.1504065942221407,0.12949786758238746
-0.7619486143637643,0.27554371913202913,0.11853198134472405
-0.7651499809641995,-0.6292691288219298,0.28564827390137815
-0.76437131386508,-0.5280660119596896,0.20275999005476714
-0.7583156456335531,1.2428061449717884,0.16679698074448243
-0.7612913329691127,0.48350456709739414,0.14749355321832638
-0.7620528803113389,0.16865183546142457,0.1444398578242251
-0.7618830403561454,0.27444251130909125,0.08225727625466318
-0.7630332724913799,-0.17373292422570252,0.1420788722986297
-0.7612380969611995,0.3904600355451228,0.18664428465312868
-0.765821864899179,-0.9270059005219582,0.20919892489143518
-0.7567873871623644,1.6293752600703924,0.1833153521316507
-0.7622739092169561,0.16309417449342625,0.10671362501793999
-0.7609213261323328,0.5617308956329297,0.14157185937387293
-0.7676140713551849,-1.3968115758288315,0.16258519652961026
-0.7641081329946812,-0.40673574368968285,0.256012151561433
-0.7657322274047227,-0.7505670416326542,0.16502856122991255
-0.764392986476144,-0.4604711474936664,0.12227400392581171
-0.755453493835129,2.1034771499196876,0.1630371613986198
-0.7664760800575336,-1.23102319507077,0.13661308700581876
-0.7593866839154272,0.9927625616292451,0.17156462039456002
-0.7654262084094977,-0.7647479447907446,0.18934972340857648
-0.7608129969786431,0.6162716912413114,0.16259613454565958
-0.762164779871956,0.10058327390133079,0.25072932407966186
-0.7640271812430444,-0.41402793287628453,0.08831173940641485
-0.7628221118673014,0.018446060032996692,0.22509149799859943
-0.7595691579962681,0.9736230124967329,0.13224275767590432
-0.760542476453592,0.6344613123560509,0.1913475514509059
-0.7560008615458832,1.9055358975356396,0.15159577929747967
-0.766132076634884,-1.096722399674454,0.2844580753748828
-0.7601311953616643,0.8656080591534252,0.08983663746975898
-0.7626765219379604,0.023918571271915386,0.08262165681590042
-0.7678288640055005,-1.4878777469325275,0.17760820019845178
-0.7610006651643645,0.5582327808886108,0.1735743735612388
-0.7642948576957123,-0.4062128023016894,0.19670283136935798
-0.7661247386762584,-0.8554523799948444,0.10200259752126928
-0.7629983851506533,-0.08028191186061935,0.18741247692665894
-0.7630821966811314,-0.01462954064166325,0.1926653290978888
-0.7624707317616073,0.026551868079171436,0.1927389316400012
-0.7605092128979286,0.6685078402369673,0.06830029066813452
-0.7620483916021156,0.1674984275614793,0.15471140726312474
-0.763785973488749,-0.24787108883731654,0.19149346907136094
-0.7657038754720922,-0.9064812692901262,0.22410383124805464
-0.7595931537705547,0.9206911882249424,0.1610166563093784
-0.7559405777052061,1.9401510759537806,0.1181233286629967
-0.7639703898085781,-0.334686651550221,0.1409606467256457
-0.7614563276283437,0.18180993467031117,0.14620185301604938
-0.7610061765512359,0.5751804034221211,0.14247647472364924
-0.7566255381161217,1.6907756693000504,0.12694111991639564
-0.7613733948563536,0.45429671665713667,0.1162647062301691
-0.7588330006415223,1.0276684297161491,0.19210438096699295
-0.7619565876339687,0.2585389638948616,0.15713806452007495
-0.7678747880426425,-1.4525224643218526,0.2467997128473367
-0.7595265931367722,0.9752670449846315,0.17198267634116737
-0.7654252564378521,-0.8757772983139548,0.20849930436382214
-0.7627061998065734,0.05970008310131366,0.10430662648104286
-0.7574879046632003,1.435661086744141,0.16372437570773557
-0.7666725996229028,-1.0258738680178086,0.20176661189501233
-0.7694469515305146,-2.0092105153824598,0.13908748941334606
-0.7681648668281257,-1.7506255940487006,0.1712004052297344
-0.7655015207515525,-0.786758894038072,0.1210479247629348
-0.7615578016701495,0.2957187865664903,0.11589754437587868
-0.7625557986841068,-0.09788841323987436,0.20959799102990612
-0.7656397761816501,-0.7794180166320075,0.2015461169323146
-0.7655177896201368,-0.9120480774603731,0.29896944562624056
-0.7685742228415156,-1.6587431555398424,0.157491878219337
-0.761645288624246,0.29396080716163503,0.15163463645796715
-0.7581805964980907,1.4393849769413165,0.1609339786020471
-0.7617907582883711,0.32997680818823144,0.1675342112230027
-0.7664128400854402,-1.057717510414315,0.20400024687889662
-0.7653023508764014,-0.7285746458192074,0.16320512048144847
-0.7626177156771247,0.07767916587912596,0.15686473128331524
-0.762636488427303,0.09676172434990277,0.10989710531249035
-0.7601094142546236,0.8253021508661533,0.14448974693481287
-0.7676245745861993,-1.4270363475986072,0.174514242585726
-0.7634870843270054,-0.31746023034789717,0.1404684215373776
-0.7636701381639577,-0.40622593863123063,0.17663686931268485
-0.7602419683193414,0.7055535195044323,0.13397517131928957
-0.7653133953740138,-0.8216469013899714,0.06935963787539903
-0.7635909403485946,-0.22921354792608686,0.10979035124810857
-0.7581860965690184,1.331995473369815,0.17093617693616306
-0.7613412301943152,0.35811989854533977,0.06330416620252263
-0.7623306893475922,0.21355785397589572,0.14366114453377407
-0.7672963261520194,-1.2376088810696761,0.14550602696480716
-0.7605435013980848,0.6320233564576206,0.09552112219842296
-0.7637121918451962,-0.23635501543872484,0.18484774223222072
-0.763495770636375,-0.298596194964262,0.2667091919666183
-0.7675434312647352,-1.5067412049148072,0.19757427904230204
-0.7639959263465348,-0.4415292882982082,0.11786670829898634
-0.7614793021741588,0.34547618601794244,0.06303812810832794
-0.759755579936913,0.7745690281203413,0.16507034438532733
-0.7621177362185957,0.22121117671613869,0.08680928197765218
-0.763062202135105,-0.03430368355290847,0.03171571152517807
-0.7629302473129879,0.006090345112423726,0.15185908799191825
-0.7688071362911296,-1.8059340581302197,0.1781168652272881
-0.7670229354130208,-1.2696675792511836,0.1830860883001888
-0.7669395747587201,-1.142850416630994,0.1819623517021916
-0.7621273195453205,0.22277915226153883,0.15222116853803175
-0.765040542488432,-0.7646830001821178,0.08930111416151686
-0.7649623507740281,-0.549734794063521,0.1738283326543796
-0.7610054669857744,0.561930344023939,0.1085856458434351
-0.7587371091149302,1.1363568368106,0.19096018913567223
-0.7689288451667657,-1.7798378340303342,0.2671862535021315
-0.7679634504742484,-1.609653925370285,0.1535414904568953
-0.762565508022552,0.05781444543675303,0.1639589442327893
-0.7654187764102953,-0.8598020321419362,0.08784359618983428
-0.7629115921651712,-0.048648262967816124,0.09457860325755683
-0.7611752074151105,0.5228872116325836,0.09739858028994543
-0.7628241892189477,0.04168598474265512,0.19163611374154202
-0.766892260011566,-1.324311702512489,0.20207247332253395
-0.7645804281352585,-0.4107535356531676,0.1387689113152232
-0.766314660914032,-0.9320672010097262,0.24714938024448263
-0.7640890961111901,-0.35084340854690954,0.10796693649579482
-0.7617570928201512,0.34757496116227865,0.16718018640047205
-0.7655523572090633,-0.7853374728147993,0.22068785139996364
-0.7620361926603177,0.23440806754712654,0.12477253508959268
-0.766703448783497,-1.1987879586916779,0.14457361490226125
-0.7640245083829424,-0.33766025393063775,0.16327000865407607
-0.7624070780386185,0.021030034269808522,0.1419660521014242
-0.7678482672798896,-1.4482465865374912,0.22594459755976648
-0.7566605328533963,1.8330341634341756,0.11394864509577136
-0.7662182739448219,-0.9131372133274707,0.22927557712902635
-0.7664990376654558,-1.07854116865824,0.13238366284164524
-0.7591942003897965,1.0233969463240726,0.09611273172334672
-0.7603064039846908,0.617535939078851,0.12032534298350753
-0.7588883181194696,1.2065866442631554,0.15473429500187244
-0.7541729380109635,2.390731234362986,0.17988006461253914
-0.7641043811482418,-0.392980421404472,0.12774391838921026
-0.7607074305958897,0.6484619716477288,0.1487609384683095
-0.7661290288686936,-1.0293060972591896,0.19943995198796527
-0.757127340069438,1.5763809562990156,0.10141652607177029
-0.7621387841894225,0.024418722667771318,0.0983105146760985
-0.7592529809809897,1.0629250435806188,0.11672135199878439
-0.7635678386228917,-0.1918643769931506,0.0643015486626362
-0.7598119707323174,0.8270092688196996,0.20523208450260197
-0.7618345419066741,0.25657834658553286,0.09773225625661915
-0.7565390015004355,1.7976171807568493,0.11590452318023713
-0.7633077690086576,-0.2432930572241242,0.15311684520163152
-0.7629816588522577,-0.18928670187570162,0.2142520874873524
-0.769274060420671,-2.07528032768614,0.11863202585257694
-0.7575603900597615,1.4729263340886665,0.17540995689395272
-0.7665816137679583,-1.0154390906852322,0.12752473227221484
-0.7577319879578654,1.4934076400848055,0.15133450026178707
-0.7681253244119288,-1.6480877883148173,0.06693763512033837
-0.7645847723203869,-0.4770281020323974,0.14511501384492692
-0.7607632943642157,0.580715971090719,0.2007234519402929
-0.7597574974247823,0.8847568857970335,0.1817197810008061
-0.7581862523541771,1.381480771653882,0.030852484282179172
-0.7580819613081835,1.367054588222819,0.1742746893893984
-0.7543747144616836,2.3724195272057047,0.16810756569743904
-0.7550894353270049,2.2285824420059015,0.09852532771905659
-0.7592473524583092,0.915903697574001,0.20527550501486713
-0.7551887879489787,2.1391399017458745,0.1434313321501717
-0.7651515557725346,-0.7435753437189984,0.1928558139022268
-0.7604902652154185,0.5738559395460592,0.1814163989935952
-0.7624900267508655,0.035883574543026694,0.061935608863154336
-0.7639730590595118,-0.4487331757797216,0.08773945935392513
-0.7673578084551634,-1.190036042288011,0.14431637303925898
-0.7596305164852255,0.93742315755519,0.12403810535640895
-0.7612629137090962,0.401990219627266,0.18287096316582618
-0.7625621399780801,0.18616964020536872,0.12407727277775214
-0.7630855766882724,-0.035418022275588684,0.06311131859732863
-0.764773701393906,-0.5878669900325161,0.21254990533870854
-0.76686040455209,-1.0723827893353597,0.26880181755493887
-0.7635026051530626,-0.18987206303460497,0.12858817917648654
-0.7568354988164828,1.6552139043731424,0.12042898135764836
-0.7606414143520162,0.5429509762242045,0.18282768097047836
-0.7630177648782639,0.015722754928907567,0.18743152857016054
-0.7597964071226446,0.8274106518107005,0.15491514299561654
-0.7668761063289508,-1.1971901288448084,0.21427343798000015
-0.7659960220763856,-0.8208712993358674,0.19437936026856625
-0.7559141471857633,1.9035860452309206,0.11365455918693967
-0.7634787902516892,-0.15352941072454504,0.1476636139215041
-0.765547845258081,-0.6825447700980484,0.22032772312013496
-0.7634589935735806,-0.08655107354521215,0.1434063705600471
-0.7579889681466986,1.492929570312683,0.1137270519389486
-0.765497001648764,-0.7101647319748791,0.1575284996549576
-0.7605107772293778,0.649258523304226,0.06906862334590295
-0.7550142762154916,2.3329207989088427,0.07495175603422659
-0.7641467293002221,-0.3871004808579812,0.2196632836469379
-0.7602776210948521,0.7407002611061284,0.17445050217908398
-0.7630984595457156,-0.11747876464225783,0.16976524782730718
-0.7664459610324014,-0.9541793761599124,0.13247924972531253
-0.7573665583462277,1.49003943281476,0.11415965085073247
-0.7607230108424633,0.6704312900044537,0.14389032687359474
-0.7601445498940471,0.8486923672391534,0.12939039717144693
-0.7625533109129805,0.15120655258195645,0.1459629613069672
-0.762740462747324,0.05732226997900023,0.14489593698634912
-0.7640967460381791,-0.44273027293689715,0.13618035816023352
-0.7622827108578885,0.16161015873406562,0.07038645191965938
-0.7653279046100919,-0.6610966371442092,0.19423463437377828
-0.7555823318785099,1.9956955646708476,0.10426373648406027
-0.7630762367105769,-0.21020559964916666,0.26380434060655805
-0.7589118332746523,1.0452792260254253,0.15485775946738134
-0.7557726667191296,2.0462128197055662,0.07510935428735634
-0.7598737606382456,0.8296053989164701,0.10886822212792663
-0.7619602212397517,0.23969844913592603,0.15948669622029857
-0.7642217929665798,-0.49388728707291785,0.17155601643673998
-0.7683270867178139,-1.5716219397557356,0.2140382400893282
-0.7568672068309095,1.6030154682658577,0.20231333890063172
-0.7598814665331081,0.7596638684696083,0.18578524544829014
-0.7575072271892267,1.4176463337190734,0.13301146267692412
-0.7624107776887855,0.18618546539192576,0.11135067582743473
-0.7646153125739017,-0.4988343355014716,0.19962175790005093
-0.7581324626801144,1.3862578449323584,0.11729588574762133
-0.7599931859471547,0.829448659428676,0.09762326831241558
-0.7633800933043259,-0.2611457450926912,0.17998959663319578
-0.7651134958939411,-0.6641570091067565,0.15794903208117622
-0.765524347416063,-0.7287565230851714,0.09068220492964994
-0.7564643313570104,1.7961986442855291,0.1419012654534622
-0.7620764298499036,0.2213924694439292,0.10450269564088543
-0.7611597304208306,0.5080439373001817,0.15894719108607294
-0.7668121511653375,-1.208999361575212,0.22051649051824684
-0.760443277136581,0.7209927111253547,0.08099206887670916
-0.7609625130404107,0.541357800222624,0.1465050802980895
-0.7618245118091401,0.16874297192021925,0.17117427666778895
-0.7653091638624859,-0.5600668782446613,0.18351691266595782
-0.7560323003169523,1.9396906955702433,0.1541426580275099
-0.7669493997895201,-1.160629410358626,0.16019746783437122
-0.7606638992531544,0.6867833648175982,0.10137665747359915
-0.7655921186276669,-0.9521408543124215,0.1449043618418895
-0.7645899878018934,-0.5404698552178334,0.2492682609284801
-0.766512135515405,-1.1926227976628478,0.21561457948442117
-0.7607505591409436,0.6144620050112445,0.183112877544979
-0.7672900289076869,-1.304602151159164,0.10892760598151173
-0.766731614213109,-1.2495413179898156,0.07262531939898058
-0.7636872549207684,-0.21134742528209932,0.1601704414787061
-0.7632470393855171,-0.21262083110655217,0.16129917644941574
-0.7610792641078034,0.45542877938315635,0.1874607721427569
-0.760763708943184,0.5919927326743321,0.11020314538502575
-0.761766415465521,0.4179621352961714,0.12299411276340991
-0.7627853447985281,0.025601308197317638,0.15046995184139594
-0.7625290486841091,0.12557077234665223,0.011490616482333784
-0.7620551255284749,0.2220411418171858,0.1402380358941695
-0.7619660680836777,0.31188545305638316,0.14952298892450133
-0.7674989010581414,-1.3388139888450297,0.09409864103043458
-0.7665482613667022,-0.9589567888496543,0.146600613503938
-0.7648834390405365,-0.8013348341331751,0.1548406063328399
-0.7637934978215375,-0.1272700014705466,0.16355528241332293
-0.7570389026570314,1.6906604510662704,0.14630755691363015
-0.7619265202368862,0.3285410771202702,0.11356545472857695
-0.7622152822591639,0.1619345893605478,0.08589681333957773
-0.7662551651577433,-1.0591576120092685,0.1142725653968723
-0.7627952372425973,0.007626863626077093,0.15869751491693027
-0.7596946371736798,0.9369702491967394,0.11633938225589362
-0.758033573044349,1.2563722945018858,0.15032206412875393
-0.7613684940862527,0.526300324068391,0.15011014317005159
-0.7695484856601417,-2.07805741781467,0.15375204851905674
-0.7680975199677312,-1.6436155687415612,0.19933440222993978
-0.75708823961496,1.529608254432671,0.12752329173182572
-0.7583310392762519,1.2416414902371689,0.10759151826142693
-0.7570109048097359,1.7078387533264439,0.14225849601103457
-0.7691425976754147,-1.8295665976071696,0.21246473131509122
-0.7591427482175412,1.0275829212795524,0.13215717859926313
-0.7616811673597578,0.25717583317489645,0.1270443426687977
-0.7603433660002976,0.5761823137522196,0.18495090072446912
-0.7615087850481246,0.4007641406386982,0.10305286047343362
-0.7538637790532104,2.39090996559104,0.180452123311214
-0.7644879134980272,-0.5689664831249399,0.23130635167996896
-0.7637471169680616,-0.1540905692084701,0.13390847660996127
-0.7585815332307144,1.1511368568373692,0.07452769887735484
-0.7636722890764686,-0.3314558017024721,0.2518767294917191
-0.7642240652502227,-0.4391629396887429,0.17747204378034315
-0.7630049151172551,-0.08094202864429893,0.15527784766799493
-0.7613593621017472,0.34615106709855026,0.21306141524489475
-0.7650557216429142,-0.5170051386713017,0.11818657261699893
-0.7617551529783168,0.36507178109541283,0.17225024702233135
-0.7689406874055676,-1.852522561979649,0.2165999118692099
-0.7616510393238262,0.1864906560683119,0.17531438039518138
-0.7624189215676074,0.044468671745457974,0.18808064949051817
-0.7647410620870251,-0.6381975027808219,0.19640234789461997
-0.7606761359764638,0.5942658809557109,0.12025585697585534
-0.7583961581587716,1.2743416703187869,0.14787983805118546
-0.7637729452687072,-0.19035190963100715,0.1694581035726911
-0.7618631803044731,0.29322198993052223,0.1190279654416257
-0.7670458760628492,-1.2685223063408793,0.19043557434255878
-0.7596182323891008,1.0098497062935803,0.1577177646884351
-0.7614818185559513,0.18796385476632824,0.20359001888635042
-0.7601652161113296,0.7902001530340144,0.1557686389835471
-0.7651339893615177,-0.7361533354295029,0.18038845388115554
-0.7637203684906978,-0.17451856354025405,0.10513354430725151
-0.7642028304549181,-0.4789125555944971,0.08246160324798982
-0.7597882929146214,0.860330323626153,0.1044317055397816
-0.7694625401979325,-2.0911220412153755,0.11201802151285538
-0.7667396957422987,-1.2847061709685383,0.19063614913755467
-0.757432324759463,1.5654084330809404,0.15327737187215795
-0.7614623765294593,0.47436810185419,0.1338941572337594
-0.7632069625283763,-0.16375855742548834,0.0964288944834931
-0.7598529908095748,0.8834610767132378,0.09946490540340562
-0.7626349320602707,0.026449398082039517,0.2081599804005907
-0.761691621629009,0.4010391890696069,0.1403584733655705
-0.7628566943687892,-0.05044754226748386,0.044457011960110294
-0.7656809787661808,-0.8803921802980478,0.19275838154912603
-0.7625055955655847,0.0781202740946419,0.10678533518410717
-0.7641383233663906,-0.283813076809697,0.09734508234865416
-0.7622101203475665,0.04641836647810287,0.23773049861089746
-0.7634917544917372,-0.2647067226094341,0.07774063804566766
-0.7563564015434626,1.8164893477172959,0.15970805410786604
-0.7630356330220788,-0.11723785139872882,0.14613486586530627
-0.7645241133994306,-0.41448051141434256,0.12540537245178537
-0.7618465722232832,0.13217080605957776,0.24079455033515543
-0.7638103448852748,-0.3043477405934687,0.07838208664333597
-0.7625220949418047,0.12939062411358962,0.10676138767993994
-0.7580628601992765,1.2257532691940292,0.16912254509964522
-0.7604077220674255,0.6337960609402353,0.13181556710078973
-0.7584636444778234,1.1491597562206177,0.1957110894116789
-0.7604251477990367,0.6526103843349528,0.20331229868393552
-0.7590005175936049,1.081970964236127,0.17538843631069714
-0.7597578920155907,0.8463436465454831,0.19609275594403716
-0.7598529937189943,0.7354396465321953,0.14267761410385982
-0.7599333995195663,0.7381320250885471,0.1804690706263491
-0.760083841153342,0.8129141670764144,0.12853138906667513
-0.7687777951353286,-1.9502458398154894,0.18191445212026947
-0.7666329169870243,-0.9740393730858672,0.1406818948815982
-0.7642277704676914,-0.45797597726977707,0.20211374843141128
-0.7641306880049483,-0.5498358281224273,0.125949800128757
-0.7574508188823167,1.380253009507899,0.12623024660825194
-0.7561132764339945,1.8514383653454307,0.13393194936032476
-0.763258016117766,-0.10596642436744244,0.10008614015366633
-0.7671989425350646,-1.3397107578129177,0.10934037976831057
-0.769532060733677,-1.9457352891414947,0.20039885865575602
-0.7627658868769036,0.0744056011055786,0.05505978717538379
-0.762107145088554,0.22308524535930718,0.1752683341767274
-0.7542689774106033,2.3554339598362963,0.17328356888428864
-0.7670616194869563,-1.4998434782858936,0.18877655825390352
-0.7693464670322145,-1.7896353928931845,0.14075985490366696
-0.7628084403055603,-0.014542494709754408,0.19618997369499663
-0.7640414652113571,-0.5706662191257025,0.164064607276147
-0.7591568368937591,1.0287695945025692,0.17490702362440838
-0.7666753300984536,-1.2668376547136768,0.1517924370584993
-0.7578645872348657,1.3163042129528133,0.2093580763862243
-0.7623024598715935,0.11363411972002355,0.12653633568934672
-0.7647045324681557,-0.6017122675864807,0.16600933821947597
-0.7610612760944786,0.6126479439110617,0.12482136825892133
-0.7674472418836983,-1.274839469758406,0.26271965333176034
-0.7615568250028931,0.41894645000055347,0.11990138130205268
-0.7580323183094217,1.2791679510503124,0.22248826558406443
-0.7609404636688735,0.543467019427163,0.09824507487919937
-0.763762984068012,-0.22553829090387137,0.1304735986433674
-0.7627766541015575,0.043619801600354995,0.13727639403618114
-0.7622995733703868,0.1152632353113532,0.1366895164513921
-0.7678500293135384,-1.3615123185849547,0.21047176440787826
-0.7613329747522364,0.3824288476422524,0.19849893296858576
-0.7697086016482073,-2.064012271355029,0.14331409921070623
-0.7634375134595103,-0.08606053154243132,0.19677619573940408
-0.7625883272705448,0.09391924051033791,0.12623595663603313
-0.762516854973937,0.13292544423521657,0.1391828320743811
-0.7619448456734028,0.3480202699138295,0.1294155513408209
-0.7681298641961918,-1.667142237307942,0.15522511143843157
-0.7656286119648529,-0.8894179067625507,0.13211858916462038
-0.7689139916131331,-1.6815179199409989,0.19149833033924346
-0.7620904146091907,0.20522211070216143,0.19010058362226703
-0.7640113000253954,-0.3847043288216075,0.21377867331866054
-0.7613455568471886,0.4858154898928252,0.1402903252761399
-0.7673744875850621,-1.3164109213145125,0.21325784758672503
-0.7658532433716612,-0.9792523629155159,0.2614905285551422
-0.7607374428195363,0.575362466822759,0.18145910000700274
-0.7664273419476625,-1.0914524251634001,0.24153353163244834
-0.7652902674490925,-0.8005698963766232,0.1543583483182636
-0.7653546443853132,-0.6721370122119277,0.16103005203083334
-0.7633006360941625,-0.24903997318902307,0.13043121895760815
-0.7649872554172071,-0.6770153603222383,0.23230652170423657
-0.7680926219256127,-1.537932058138391,0.2781271250885038
-0.7621470696745788,0.18565048378604632,0.1155186317124677
-0.7663350394931029,-1.0507455873245048,0.18065617618807675
-0.7632957456662295,-0.1547566699582996,0.15581747874954857
-0.7641151048284387,-0.333401735720118,0.12290370699997405
-0.7621879403829162,0.29201342644685613,0.11795963522182486
-0.760110429238599,0.8301239963147528,0.16988489715962085
-0.7642839187511774,-0.3190787776533471,0.13524916504936857
-0.7620509503566701,0.2034224473088202,0.09235713246895676
-0.7603905715171604,0.6633714328995436,0.06579542789981542
-0.7655823908221309,-0.8153913559458662,0.21855696196760557
-0.7673996689597234,-1.5213996759749349,0.19792543051358516
-0.7646753826485517,-0.6227021220071406,0.26672318837699444
-0.7622211860053684,0.1328341231315774,0.12777879252106134
-0.7614015634132493,0.4656708965519331,0.12525677905673713
-0.7560612085018694,1.9219977120499094,0.13603030183386078
-0.7548049962267145,2.2635048642449953,0.1616959884003415
-0.7680264362999424,-1.4857476239038372,0.25316418744973873
-0.758132922461949,1.191144989617212,0.1886922375392854
-0.7580433177921401,1.4561232975275054,0.10727166384606283
-0.767798272473845,-1.561980805238129,0.16773633543939087
-0.7652643291929151,-0.6745540191068082,0.14700234464648443
-0.765844875248252,-0.8042790334895045,0.1952449813455938
-0.758826118865573,1.1632905587444002,0.12089300972109053
-0.7571443083909688,1.6714716031127888,0.10395201637121683
-0.760494605174051,0.7750268093731472,0.1407974583021131
-0.7573510405399254,1.5474331342097223,0.1876591062217694
-0.7626381606164236,-0.10098752688102895,0.11335121728338857
-0.7624870444260397,0.16835353384984172,0.13039752518638212
-0.7687482676966979,-1.7005566750281844,0.19184087850807485
-0.7612186904338313,0.5272205805383573,0.14777315657241286
-0.7592581623316303,0.9927271664993145,0.18532131863334292
-0.7585205184503373,1.3308086961857348,0.11977088120926678
-0.7645888258198142,-0.45823808253909737,0.1689310949483438
-0.7675210659615332,-1.2355056783318588,0.20157349581349038
-0.7613375795963326,0.47298083485275977,0.1421747194212583
-0.7598433364434165,0.8652618039692205,0.07778484339446376
-0.7624524884841974,0.11345088179474831,0.19731926392631138
-0.7665013449092967,-1.2706626535768795,0.1651147247946071
-0.7631404530225325,-0.15249323532109893,0.18958602955610115
-0.7639839912444316,-0.3560977934319361,0.20420961385503633
-0.7616542932926637,0.3080489375964662,0.07512000358236334
-0.7647196647220444,-0.6623386219384059,0.06355303768183786
-0.7615813759804536,0.2902813925957342,0.19863896421868016
-0.7598333767664555,0.7542668390038854,0.12089531807598396
-0.7596621263081523,0.9560998341861214,0.13044310858823907
-0.7618687155039361,0.14440660738545946,0.17244533838792692
-0.7686735448603338,-1.6914273743424875,0.1869532605059913
-0.7628333005988504,0.023729878363469396,0.2031564559903935
-0.7629903055414028,0.025431380578798315,0.17681869685258594
-0.7558975470223974,1.921682097096856,0.1451191409322547
-0.7650484047313941,-0.44925288173826217,0.1670754839414959
-0.7599536268559035,0.8264391834316491,0.07087682752921319
-0.7662891202387482,-1.0186993851897284,0.17736738208184968
-0.7600008115216614,0.7227100350446085,0.1544494749557313
-0.760905876284687,0.48602782320362997,0.16497656612311687
-0.7571847322134583,1.578712426332916,0.09514265628109753
-0.7671346883995462,-1.2478750712018138,0.22705552884467467
-0.759190824145312,0.8949288403648809,0.15994481439021116
-0.762701576609145,-0.07469108314797185,0.18405356004363363
-0.7626488872463754,-0.030109631907213212,0.14554240555389142
-0.7610757602891931,0.5796137069488654,0.1492304223778692
-0.761034603034938,0.5077665566705077,0.12454605226825624
-0.7660534958110776,-0.9863043354858244,0.22540115878135494
-0.761990382889883,0.1980720697220241,0.1477878062897329
-0.7582191789077379,1.4041916497692712,0.15911412166452626
-0.766688418458515,-1.0058937498042766,0.21325873268250634
-0.7641685206858952,-0.43255031177260744,0.2300084598200746
-0.7607878193074985,0.5605982981962339,0.09818811671386554
-0.7623251656473722,0.147543386372944,0.05714134945532844
-0.7601468562555505,0.7045784906979099,0.20736417890208836
-0.7661241669268702,-1.023716567379603,0.27850395100319386
-0.7617698755889343,0.34752015105751377,0.13650079148691072
-0.7607304338385709,0.6328269579562693,0.11470704916519732
-0.7586826549225285,1.0111033044061148,0.14671975645813798
-0.7598257119867529,0.8491739235325282,0.19445964688152909
-0.7648631595399448,-0.5005982709103861,0.18523367031690763
-0.7580827890745739,1.3148976060836146,0.14524668845818428
-0.763880126172738,-0.36811370997306403,0.19506965720808409
-0.7604638251682448,0.668780339929487,0.13480531539264953
-0.7613318144988342,0.47323766648422033,0.14609011834243585
-0.7589322040187344,1.152086726750317,0.14663966379635482
-0.7621846740786574,0.1994019718364304,0.10630943173293635
-0.7602052628356487,0.6646727300770979,0.177054874988957
-0.7660504893549896,-0.8957106838203375,0.15152848826990706
-0.7606422985183373,0.7560432105229958,0.13833971348433524
-0.7593489657482942,0.9922556870015733,0.1548598155235542
-0.7651912486742146,-0.6937836040800649,0.15229901029854576
-0.7685311235036081,-1.581434214509177,0.24311271680954968
-0.7602265269339362,0.724383273922188,0.1916297780448518
-0.7609855452760903,0.5741611282103918,0.0903147548209598
-0.7647026645813951,-0.6178981156071239,0.13741668281456568
-0.7615139841688534,0.3822031492717515,0.08246771334768696
-0.7660579857024631,-0.8413238286278414,0.18036692585229255
-0.7608200211964036,0.44936681940838985,0.16285552169792789
-0.7627734545568807,0.017040799041100004,0.078244546606
-0.7653641744945994,-0.7368208731070797,0.21858571023197743
-0.7632872603449311,-0.15454002157838762,0.11310909342391649
-0.7673443156009424,-1.4938611756776312,0.16640377682050597
-0.7543864092906108,2.318286752187246,0.1323676682799425
-0.7582826386151647,1.2607733846797444,0.1780414210958113
-0.7655650349898121,-0.9065493438598207,0.19385231908408662
-0.7620255744774521,0.25671662596085293,0.13988052578807192
-0.7575294143177952,1.4744674795139767,0.1232104521684873
-0.7661821838640357,-0.9820159009692823,0.1292768912919038
-0.7629735939749788,-0.055343235525174075,0.2578769799555537
-0.7683514222605551,-1.7114797495140974,0.11969746552475355
-0.7591769532820863,1.0287367109566443,0.1616497691311127
-0.7596143596027318,0.9389981114755097,0.167529549007384
-0.7622149141788337,0.25708383642978977,0.12942960884130164
-0.7607196229455817,0.6334827190009985,0.12412846701479852
-0.7655907998945455,-0.9122643794533525,0.0939122714319098
-0.759684706764684,0.9741803830077838,0.1322879050693199
-0.7618826261744595,0.31160500323071066,0.15137312343110926
-0.7687092774204253,-1.8496861192214948,0.1433253352121396
-0.7642811814576538,-0.31875816657993294,0.1672484990821655
-0.7596494986710765,0.7905509444597439,0.18898993068463948
-0.766503253787736,-1.1986272023672517,0.053784703462006506
-0.7594777615702817,0.9927591943928227,0.15220673595794532
-0.7664372483225087,-1.1481048475055942,0.18433222778577016
-0.7594082655960842,1.0615485741610482,0.11121510774497684
-0.7636766979816534,-0.31501020128058305,0.2806326320548333
-0.7605448912874626,0.775220951838696,0.12615470102901896
-0.7628410811388021,-0.06730272427347819,0.060761883411814974
-0.7652123611105035,-0.6558736691483156,0.13974983046715822
-0.7615803975216133,0.41771471241527847,0.1536563556955239
-0.7612424222371649,0.525827128570333,0.2023201949903392
-0.7612271947131565,0.3310463846772695,0.21660208782082083
-0.7558175040827874,1.9579153577311534,0.1293105295978275
-0.762978613276139,-0.01145289144006629,0.1030626508835349
-0.7628695330946887,0.007291713991052419,0.13441263154154395
-0.7659369910450952,-0.8556531872210852,0.21023403524612508
-0.7626095306629689,0.07267211725079074,0.16272982631929256
-0.7589333835523272,1.134438676649189,0.09842045623407755
-0.7641286164467486,-0.3334094002658552,0.1661992404808877
-0.7637706718388655,-0.26072646883835676,0.2025230205553855
-0.7632383135173216,-0.08757442610871367,0.11185424600347309
-0.7597052194279744,0.9196919117058414,0.12026367286274162
-0.7621241538914799,0.058403184425352805,0.08541292487901643
-0.7643114486736379,-0.4202814880634738,0.19470545266196204
-0.7622544293893235,0.13212569645721015,0.19495751421444252
-0.7601386520324034,0.8285086380272261,0.05957502228748111
-0.7663751803287159,-1.0306959474800412,0.1461619913144227
-0.7593071232959577,0.9917284304492485,0.10294285430962964
-0.7675668633070777,-1.4639196863016584,0.12850441885958555
-0.7599043573860702,0.722153756988353,0.14294056547691442
-0.7544677132229919,2.3701064270759575,0.1400670861558608
-0.7614617552019779,0.14217167486998347,0.12391094749764357
-0.7630572969856388,-0.1604861656167773,0.13047573100036072
-0.755978391530277,1.9596609650480614,0.16762082820348512
-0.7629994593501797,-0.09892565659283087,0.192427775755125
-0.76358429233132,-0.17752210531917123,0.21404526271680185
-0.7589257957055339,1.2240089521155435,0.13255688492508683
-0.7595500617673476,0.9208457837782696,0.16892523291515982
-0.7620331061883819,0.23917346281703616,0.08975177170934397
-0.7568773340220649,1.6522312124076444,0.13162804089296692
-0.7678536636334453,-1.3756845044526298,0.1606792065973749
-0.7640524359505565,-0.2971782487691002,0.1305372141160122
-0.7622032275542047,0.08047642177404205,0.2103679600070328
-0.7646386133983355,-0.695928465071742,0.1712921376894601
-0.7589114868710259,0.9186678293745488,0.21461508002733673
-0.7634429081581159,-0.10064423756290225,0.16189387536234132
-0.7655938311681102,-0.7620365733731739,0.15698580984773144
-0.765777416017157,-0.9790177106999188,0.07581503959064897
-0.7643091674612504,-0.5276222049755612,0.23318836439284088
-0.7651808543315718,-0.6744120035926676,0.1259322892018183
-0.7664918842042856,-1.0579016448448373,0.28898851712308116
-0.7616762862781706,0.346574530345429,0.10289716076019212
-0.7576396898790317,1.524852091972447,0.13577356527952766
-0.7636629026078586,-0.08839840893905736,0.14619713986943486
-0.7641421866655644,-0.373784038712678,0.1576449030709354
-0.7628888015533164,0.015522655661469544,0.03906183095892299
-0.7593281775858294,0.9517426212708605,0.1738743328997091
-0.762536572141375,0.060928407906729265,0.20501539226024243
-0.7635132366306642,-0.3436923676525797,0.06574805126073233
-0.7577487845233806,1.5460222895385698,0.08971362687969629
-0.7671825886834411,-1.3352785080741394,0.1807295259492763
-0.7579586060239034,1.3682303488292518,0.16638956972417246
-0.7624564954207507,0.13140808068260348,0.10519871993309814
-0.758786101733202,1.0831696382150513,0.1952969667327819
-0.7642311763695546,-0.4759196804888372,0.20656776639323846
-0.7612332475194096,0.4011444587646211,0.16645208431472355
-0.7604660132935664,0.4911123683399788,0.17686166017175423
-0.7575374598911933,1.4568320924545217,0.12359777122850911
-0.760106543909432,0.8129432951961478,0.13000163134210282
-0.7624049157102101,0.15038601434708224,0.1401931781278917
-0.7599069433148598,0.9706689705234922,0.12807101620310934
-0.7668473911545411,-1.2495799746282072,0.09728814365895472
-0.7619125001916456,0.27447208210533386,0.10209004588252418
-0.7587129802734381,1.184807691757875,0.07357375092935531
-0.7574339712561738,1.4942218122718922,0.16008153338230025
-0.7617414618058347,0.3837108119774317,0.14404492356626933
-0.7674564141787062,-1.2702551952202705,0.13346952509402263
-0.7626933239542305,0.07968376039074618,0.14091682534145905
-0.7610015289277611,0.5220999290746844,0.1173011353635248
-0.7586397835172181,1.37999063271694,0.11576879512093642
-0.7647538025776307,-0.599268760992277,0.20214839705130272
-0.7544217044381684,2.3170145053856976,0.15129326077298338
-0.7616351200183564,0.16506009064884852,0.06625071738072787
-0.7643656094710037,-0.49376783354619225,0.20749874662197645
-0.764636363112147,-0.5118796571401696,0.1904059277740781
-0.7637024590158016,-0.2630037841782414,0.13924809355121698
-0.7641602722258418,-0.3200980958972004,0.1429352449466656
-0.7637334301948288,-0.39524553361017783,0.11782708533747241
-0.7660858182223502,-1.0874076248999243,0.08269576865116934
-0.7577206303048152,1.4736987936420003,0.07725514387624641
-0.7634605983561645,-0.27742182946724314,0.19146223774329024
-0.7675983159033464,-1.5317257595985394,0.1539774355303926
-0.7677817439929441,-1.4661766466511226,0.25911257618249806
-0.7601328909706392,0.8290028951613592,0.10297543752683389
-0.7629227149405715,0.0610178128722497,0.14380377179941586
-0.7554170917468673,2.0481636301112283,0.15296211266109339
-0.7624583428184223,0.03741368537135167,0.17296703460057167
-0.7670231532944639,-1.435028029062231,0.20062789093995576
-0.7599951199612026,0.72445817069469,0.20547229236864148
-0.7614236248551506,0.43707062130793795,0.13832236141174545
-0.7626363062159098,0.038118606457102334,0.14915992778376366
-0.7605766472632275,0.5798789520322855,0.19056589359198692
-0.764252908486332,-0.3684039131555338,0.14052987659210334
-0.7661314286856844,-1.0018064270900442,0.20189876641521967
-0.7569247994582489,1.7073908429775355,0.16712868783860402
-0.767245475976289,-1.5238154332566178,0.2162816598541893
-0.7564154443751576,1.7559226252760574,0.086214116604564
-0.7664727767455886,-1.0172246716859086,0.1805356490532911
-0.7670214259759752,-1.3733092050704905,0.19717929732434578
-0.769242871574229,-1.7399717419380931,0.1467894311985085
-0.7668625543803234,-1.2351407931670308,0.19691047936154674
-0.7619344340502774,0.32948639014403414,0.12495229516353575
-0.7647000542434084,-0.4939582314541178,0.14135415089739695
-0.7611850637087951,0.47165550137445006,0.12488138647310902
-0.7683429200759434,-1.649018004003649,0.09900060898987491
-0.7604926509782071,0.7754340876010235,0.13544199429133597
-0.7621183417402897,0.16336854483750304,0.16805083815959382
-0.7613698116169862,0.3772149766724799,0.12164923240868498
-0.7664428331973315,-0.8788170716057636,0.14252993848169432
-0.7631200278043307,-0.27816992779253824,0.31936405503031645
-0.7686623007506697,-1.4875955124600513,0.1560381500535163
-0.754917559041698,2.212194085730005,0.17649131201069757
-0.7638372686457414,-0.4452707426190621,0.08557130136019812
-0.7642973329646401,-0.4653663983525134,0.26316224470165656
-0.7547681756408328,2.2471795706925093,0.17965275021102775
-0.7622926966801071,0.2638457304633615,0.12952666796403817
-0.7658650024330281,-1.0360052385283638,0.09798139515089292
-0.7658162537235575,-0.9812376951022381,0.06734462404801433
-0.7615789773984001,0.36496535084080634,0.20432647328059103
-0.7608509233719277,0.6164801186661736,0.1610360206328467
-0.7651072553289703,-0.8222497372918409,0.1425187836306614
-0.7611369689489248,0.4510163914545945,0.09088121223901904
-0.761231405081831,0.4534424446692096,0.19016371637120127
-0.7602641991759603,0.8135572088664172,0.1669865677569244
-0.760390096823319,0.7040854341537433,0.10328806783082203
-0.7625850417663663,0.009769582976632316,0.20975289373463274
-0.7636026895724244,-0.3039521766519385,0.08354655862421685
-0.7645053793186886,-0.45824817575072707,0.12646219568586306
-0.765322094716779,-0.797898744239319,0.1798970374665561
-0.7612031332162895,0.5580257837822044,0.15682177601967276
-0.7657391490530924,-0.8344949460529439,0.16051948881872022
-0.7644378056994348,-0.4801720064798072,0.26246106757605914
-0.7641030503445907,-0.42324481169913236,0.16413911505044187
-0.767143412860578,-1.3519427656063876,0.1689200847826548
-0.768277216987995,-1.6241659009449572,0.15917659700923711
-0.7646727588954598,-0.5174837296982014,0.16748328617704294
-0.7612139275874177,0.49002746184273477,0.10437959236833919
-0.7659745865112424,-0.958493736576662,0.23686671432907738
-0.7611719912390693,0.4029347321778505,0.16242744655964753
-0.7631654907795018,-0.17444944486458547,0.091652806606242
-0.7641132259335822,-0.4095428491256715,0.08393023757018392
-0.7685117317641652,-1.8821436994017442,0.13066088286747796
-0.7627821937023325,-0.09994454937267379,0.22455380472804576
-0.7580167392845477,1.3666868966804067,0.17895678107477067
-0.7695673408023096,-1.8618470146551163,0.09963800544734071
-0.7614057149415676,0.3977889525223649,0.18150620795626454
-0.7646132788022846,-0.39779133087029594,0.13120082392383173
-0.761227353585158,0.32362230529351976,0.08973892054159643
-0.7606838087476161,0.633309937363584,0.11409103785525283
-0.7681607863611578,-1.5451125767923617,0.22564567124270782
-0.764612311140655,-0.4412011182341217,0.158077853637439
-0.7613890545606793,0.5521787869152512,0.11801464103001669
-0.7580439823509547,1.2616685086098154,0.2090171173233361
-0.7671841791709062,-1.2104131998000536,0.11334714178245044
-0.7670983319466201,-1.3789898537102494,0.22216338033887384
-0.760851468944119,0.5041796394749288,0.20507429244171455
-0.7627836499005747,-0.17414151359178956,0.16880930262996138
-0.7646811976328893,-0.44688745516579464,0.17794552837587074
-0.7660478504470382,-0.9278185476790358,0.05414635133033923
-0.7615403352044953,0.4898915341363551,0.09644749244893269
-0.7649289510079927,-0.5666992623235818,0.14258059378632257
-0.763261211533847,-0.08323321145539296,0.15388855393546336
-0.7659510394891516,-0.8089071942767718,0.21627606347970404
-0.7654350826573095,-0.8038840458132799,0.102664967599468
-0.7666224509272317,-1.0525683761236224,0.13789146013639142
-0.7628576626536603,0.0063180514142885886,0.12789724071679764
-0.7619944659287681,0.34584908278258486,0.13787763717175994
-0.7679622200745233,-1.5285433043222925,0.09470023802699398
-0.7661863476328828,-0.9466930811011581,0.23012195562616486
-0.7590391083722958,1.0796738109699935,0.10617310491379012
-0.7671799770201063,-1.3742132471973052,0.23145641557233856
-0.7623850596811589,0.27490274670505194,0.1328710535350985
-0.7656271876362055,-0.8777421459339593,0.21099484669986204
-0.765840874622529,-1.0708971391144488,0.17826930322865664
-0.7643769810767393,-0.4051504466436759,0.14863398119730076
-0.7669802177937933,-1.2625333651074735,0.2107495690827649
-0.7551499112791005,2.2796408382142483,0.10171859408950733
-0.7595010914331503,0.9388029592243606,0.1864258726577757
-0.7576546542002616,1.5114313733327287,0.16400256018081086
-0.7676907390374688,-1.4024636074993941,0.2490811069982542
-0.7546447328132732,2.300513267327715,0.20178947191769156
-0.7644190187765465,-0.4644374846647397,0.17669437596008777
-0.7588551784640972,1.0612279968737586,0.17413908312367082
-0.7644061578768521,-0.6251085984078295,0.15205016588635756
-0.7691148321035653,-1.830302971144832,0.13951145032283402
-0.7666122751777432,-1.2561454525726303,0.18645398868253246
-0.7614772979028306,0.3429855878178593,0.22488624497420173
-0.7641946320589945,-0.39230769752532013,0.16405603119619513
-0.7684841517410417,-1.7210932786391397,0.2823949336609401
-0.7586610847623869,1.2593036259065533,0.14443621715274865
-0.7555132485322249,2.1905487095311815,0.1286366269408242
-0.7666239978951166,-1.1260181781208474,0.15976915372010014
-0.7625312064802291,0.18312942614606795,0.12572275878193573
-0.759117583755969,1.0280118500346325,0.12956717673007634
-0.7616444549904785,0.274014052243001,0.20364373055882917
-0.7671885264119278,-1.2200073756706604,0.06999939224934895
-0.7594794820944777,0.8828267631723159,0.15318021075573532
-0.7595945372597639,1.0271462055348575,0.12633403540090787
-0.7572859545882868,1.5464518029792933,0.17235704899206142
-0.7573473039361518,1.5104646928800392,0.15448052860413666
-0.7671635634003245,-1.3764156818675302,0.06840498749175652
-0.7633678076369109,-0.13651049057049947,0.1459105017312125
-0.7623012987464431,0.2384719166633394,0.1568932490431048
-0.7654949846870709,-0.8539672733534542,0.1505626725794608
-0.7675207415808465,-1.3254181838388945,0.1415917796803773
-0.7653765480937162,-0.803530306020144,0.27511562738034995
-0.7625843830433009,0.11029755507058969,0.17107209148252037
-0.7618725955517313,0.25826407141714497,0.13258628081798474
-0.7595387439443324,1.0618171618905878,0.12358893075213966
-0.7682989654781948,-1.538931897347841,0.20044023037667089
-0.7635766919314906,-0.30617686379523434,0.30889672754337977
-0.7655416315962666,-0.9135672764423179,0.03915542923111688
-0.7631670811941201,0.0027803194763737432,0.1559977539569407
-0.7589929782764896,1.114150065277826,0.17041238662772884
-0.7544302321178548,2.245449149971604,0.14779584299696605
-0.7601643183714948,0.8306558871258496,0.10969936763988758
-0.7596334893892134,0.9194555937253088,0.0907948737203419
-0.7629897512564815,-0.06735721217258696,0.22167524701612565
-0.7592502368505334,0.9540252993905312,0.11291399997489299
-0.7624028045336868,0.131954377407384,0.15466581814595343
-0.7571264660644839,1.6340825379754123,0.04802582656835513
-0.7669612991484294,-1.1338841178598456,0.1918171934440618
-0.7557861114155445,1.9769400563305994,0.15072814635664689
-0.7687991118755497,-1.799012693463194,0.21638340427447583
-0.7558488515040914,1.9037329918252892,0.11918623990932639
-0.7638533207265875,-0.2621358383635363,0.1373961467067247
-0.7556003176782486,2.083804891577835,0.16132472463023
-0.7601004457229329,0.7729964723292215,0.08218670815356985
-0.7557985671338562,2.0300520446273675,0.17939166626503303
-0.7665171026606736,-1.170108636234441,0.07133308171710755
-0.7576485115086988,1.510513919196746,0.08875849630869918
-0.7660768542398898,-0.8908948008486637,0.21172532620409082
-0.7642535865908346,-0.458498909229558,0.08583642753841292
-0.765296908131848,-0.7327777915669309,0.1271434243433582
-0.764158681929887,-0.37082604139443953,0.11406484997745574
-0.7647139222839735,-0.43322622660394444,0.15876610035424468
-0.7611185362309608,0.5452110566050027,0.17717176614603883
-0.7635955923781186,-0.17862948298321857,0.15469210679415665
-0.7585048718723223,1.2954277265354113,0.10624018477695396
-0.7661809914827634,-1.156084704415773,0.1470343465146459
-0.7615010645417364,0.4374849714010202,0.14366878666019123
-0.7642565332029665,-0.37039062334743006,0.10193323963289345
-0.7677572789961747,-1.3395799952063183,0.22231596237066037
-0.7637816613710785,-0.2638246061716927,0.166541839453961
-0.7658355095700101,-0.8197827850198036,0.16356414548770723
-0.7649300064890211,-0.518618259410869,0.13499816211962748
-0.7568688207357669,1.723958244361189,0.08031898384773799
-0.7639655462320413,-0.2675773594604473,0.17121303312182234
-0.762240543224852,0.07995652437199025,0.1724548152574441
-0.7563207388947283,1.8856270136514774,0.11818257695287682
-0.7690206167601449,-1.7349065050573649,0.24489117967584315
-0.7661011907707055,-0.9508050449423655,0.034961291435124046
-0.7587716172974412,1.1534439792753235,0.13013410139797302
-0.7643230949632654,-0.3887546585034099,0.1769821125517074
-0.7625749118731739,-0.12472202732646202,0.11348606453314472
-0.7568381437097823,1.4579962586760404,0.1351805697948633
-0.764010501377625,-0.36382941345336495,0.12813609052715785
-0.7674082923707792,-1.3747139901796035,0.2614742734650038
-0.7613144225919098,0.4334300339659713,0.20200790769277352
-0.7662162652885525,-1.1624611973975807,0.11755409472154778
-0.7591744900465099,1.0997036061821557,0.12949640356676723
-0.7637583841045155,-0.3742287548172622,0.1240404021584236
-0.7672733728699084,-1.4059019580528938,0.24031094483217577
-0.7681612384188915,-1.8046132417429137,0.16974004512883173
-0.7603920744415161,0.7747836469637491,0.08228655892903296
-0.7649687432531812,-0.7100122166030836,0.12486654627141981
-0.7642318403131444,-0.3791447912531255,0.11206504208476518
-0.7590454786209159,1.134861267088087,0.11795838953322905
-0.7607530993138124,0.6330219866444071,0.08975775535197814
-0.7661246576682238,-1.0392197492550055,0.12980192635994536
-0.7609743078712867,0.5466095364091038,0.13807628317854895
-0.7603497102940814,0.7589254875737024,0.13352361009757055
-0.7656309423276177,-0.7279504082411804,0.1536904459236094
-0.7601475924436356,0.7768194758493004,0.13425424476476736
-0.7647525859303642,-0.6398494835434613,0.1760927550398341
-0.7622798288045514,0.11270322288872546,0.08113911752407013
-0.767580299935573,-1.5952025493114157,0.1783521669094146
-0.7590936040227384,0.955850375264552,0.12577647996894573
-0.7684522792914348,-1.7005847002534347,0.0936873256445674
-0.7630632884879716,0.006380498804738311,0.1526558873122487
-0.7678123530395149,-1.40790269950655,0.1633980992709282
-0.7678180052977769,-1.4883455677896107,0.2538946774901009
-0.7622657452754218,0.12801111332909396,0.14925796003096783
-0.7558351821582557,1.9155180034672374,0.16646108433067824
-0.7638673562338639,-0.12837910876264652,0.16923031042707531
-0.7664501900972271,-0.9500318241093517,0.11940231289164623
-0.7620707992758102,0.2642135506756722,0.1774114821043573
-0.7633009861931872,-0.18017532803815006,0.2159907690672769
-0.7655309072930517,-0.7348502545509272,0.1553834832842219
-0.7603735013614412,0.7059843559943884,0.1682837565003341
-0.7665382798900687,-1.1134406976233564,0.1801215641750835
-0.7683316313809414,-1.6999385224962897,0.12685767515475307
-0.7557295057430801,2.149245346909094,0.09643382779261617
-0.7601533841463447,0.7948453093792768,0.14591775450139746
-0.7581645999039415,1.205406139925398,0.12651651168361847
-0.7611959930614945,0.5595771566885679,0.08251717051015747
-0.7689375300463611,-1.8056593444385338,0.17545805635827919
-0.7574788489830799,1.5828217205824584,0.10716758689002309
-0.7654104758190335,-0.9070494420204063,0.12646136447130576
-0.7573697212730058,1.6713677888394023,0.11669212312819056
-0.7665044860452271,-1.192184829874487,0.21888771431420068
-0.7599592362121201,0.6704576457726733,0.24682363903155463
-0.7629679604395568,-0.0831073522179995,0.1208694584566047
-0.7613351132364441,0.3651673711706458,0.17320248314348574
-0.7587841313277051,1.2240334120807776,0.1378168842380131
-0.762222766158848,0.16396375214534467,0.18577754065154023
-0.7570606599699545,1.5074091270874337,0.14012071793824152
-0.7628000568757718,-0.028757474425566483,0.07709353343720486
-0.7626407597455565,0.09823024651416368,0.1734532427062402
-0.7591431398303952,1.0069911095894248,0.10815056345521994
-0.7614106163249538,0.4377335168762294,0.11378299193703191
-0.754674098713774,2.2059635358156373,0.19160703053121456
-0.7636519270744848,-0.38918780244990886,0.27789821910944934
-0.7583278185844727,1.2427790748856582,0.15592521328588294
-0.7592693461164721,0.991029963760554,0.17587278768109832
-0.7623278603364427,0.09172838208922168,0.16107976984016903
-0.7592475489508091,1.0444077231692415,0.07079271335349768
-0.7641460002282159,-0.37024985871410293,0.11919173155078384
-0.7667974009575755,-1.272688797392955,0.058664630245321835
-0.7590048966963687,1.1160051889247529,0.10979343500400585
-0.7671688234008522,-1.1122430314283223,0.16007752011359622
-0.7631983322293747,-0.027919364855133858,0.14146264591452515
-0.7678739190954268,-1.523346483464247,0.12797763329395911
-0.7634068430221694,-0.26766353140458793,0.08378323687723821
-0.769037337321474,-2.0468518211113036,0.17097904245064735
-0.7618156316225687,0.36568908289711816,0.15354971395224223
-0.7651710434689674,-0.9278858887564304,0.1849817083756323
-0.7617810733240152,0.32334519987715177,0.11341064575023159
-0.762591518209013,-0.14463156857278173,0.20293150029592735
-0.7585759318014292,1.1703250847374587,0.12813068387207635
-0.7609217316176736,0.5083590364892806,0.17591321792679804
-0.7583689850030969,1.2227909092113014,0.19357699370027795
-0.7658931650870253,-0.9085994693257654,0.04562285641119976
-0.7674571758675229,-1.448817832390215,0.13767148486528696
-0.7615736036449817,0.4194349041935198,0.15036673991840444
-0.7577491145519482,1.5237909934067226,0.07739607172594017
-0.7596441922798536,0.9012251844556761,0.0811126386359411
-0.7605548617890743,0.5762788839083991,0.21820323040663936
-0.7604117196152573,0.7407747471311905,0.09781519728247054
-0.7668795433361303,-1.3036297157140206,0.1953109064105388
-0.7626727185969623,-0.04747673584145043,0.21067445664198953
-0.7565714649008715,1.7616982773556589,0.11004626757282648
-0.7643404611683517,-0.41259290757056644,0.1291089179500998
-0.7599366588010175,0.7258265743225201,0.20267749136203614
-0.7688072099565909,-1.9567363746195565,0.1779941558727051
-0.765802041921998,-0.984215372817856,0.2041411801098257
-0.7619042719258854,0.26519566953599644,0.09099556081754753
-0.765065104661256,-0.7096017409918363,0.0730614095733261
-0.7674592391653323,-1.3896595565179402,0.21053397127863646
-0.7687402348052805,-1.8644778486237845,0.14282523280132667
-0.7599274421228224,0.9026404784332939,0.12339558330023762
-0.7643337571675926,-0.4398858863724923,0.16725542039776536
-0.7591486883998266,0.9943304776860465,0.21480003642108914
-0.7595779493457204,0.9368274740502847,0.09096281224431099
-0.7647899817426449,-0.5034493588570644,0.154775468299211
-0.7654764446370673,-0.7034464907124119,0.21295530486415393
-0.7687494892310803,-1.8022858445221515,0.10796862342773139
-0.7587629041501562,1.1332480165996002,0.0844078082063787
-0.76909033381494,-1.916924620721475,0.19965167411941342
-0.7656003341785683,-0.8725984947953314,0.24422422619327544
-0.7606182224972612,0.686354116557754,0.10648082280384731
-0.7597805717038524,0.9030451069050793,0.12917887635568326
-0.7652977008154096,-0.728758872237835,0.08628711403409033
-0.7652144526705568,-0.8353037568950952,0.09563329028174003
-0.7637006373843086,-0.3897011755849801,0.15731248344310073
-0.763074809090496,-0.06372741259644868,0.1620609103465252
-0.7611191357068186,0.4371473619283966,0.1990751954454673
-0.7597002374414445,0.8846087260864252,0.11993435199265183
-0.7607400811351939,0.6705256707889723,0.15390427013174035
-0.766312947078606,0.02476578666450204,-1.0369540831934276
-0.7637644382985318,-0.31602566735430754,0.09279037397963148
-0.7608728885971664,0.5449669044667801,0.17230666243309287
-0.7582518163559782,1.325476731180101,0.046430394960466255
-0.7619651695123557,0.23829064755824297,0.08959569416902327
-0.7607192545635802,0.6133220500338411,0.10491139108780237
-0.7639578591734953,-0.38677073611430884,0.1995873689914703
-0.7587633823059935,1.1518463957244363,0.11359499735123933
-0.7565450243004938,1.7923730049064965,0.17514515459287858
-0.761747816258417,0.19995404531422475,0.19144271883088126
-0.7651494283745442,-0.6990426667466,0.1697424677896488
-0.7589468387799516,0.9752339609066819,0.18444425358729938
-0.7673447877917855,-1.4366246352888759,0.1914179497763105
-0.7605677770931851,0.43747792505964556,0.14813054417029156
-0.7585316311305249,1.2232698393459127,0.12146874004295957
-0.7619030450100648,0.28535983035507423,0.09644332428713369
-0.7601390474512981,0.47401035365175365,0.17349362502940832
-0.7609808684531363,0.5103324181970471,0.21059830845562905
-0.7663478286604903,-0.978800779870872,0.18095670412576476
-0.7691020561147832,-2.1159299749696356,0.1435372434470159
-0.7568211536948817,1.742270759172859,0.09578676680220424
-0.7632840973678717,-0.26173958069571973,0.12737929013465144
-0.7599051359281686,0.7560509938919352,0.22065174601103263
-0.7661659430444325,-0.9058057139966906,0.14356223558600686
-0.7665662353091508,-1.075963520299395,0.13701339708402005
-0.768321816115921,-1.4847794027714114,0.25319228971384655
-0.7633958340029598,-0.1747754830845086,0.1764130912196042
-0.7630405466730187,-0.08388918414526911,0.12372969252025268
-0.7686657648497164,-1.6833969953331884,0.18941400316272924
-0.7634642193925258,-0.26660592375174696,0.08796975889505722
-0.7679037833735816,-1.4132436626629883,0.21695469417962138
-0.762006233457415,0.09154242265950632,0.13194086560732154
-0.7629205378671878,0.04228214439730848,0.14225112114442792
-0.7570884124540274,1.7256586068428101,0.1185079065135429
-0.7667866172011231,-1.1120363327984666,0.2732598226968601
-0.7641384097660309,-0.3074050436790752,0.11708759389235628
-0.7628441100593424,0.04300241810283745,0.17636129417766147
-0.7600844105024118,0.7931929708082471,0.07230861607267382
-0.7593743462928849,0.93489892875513,0.2070406113317664
-0.7599521811746898,0.8998291647795648,0.12263169849831954
-0.763585160358285,-0.2277378463946416,0.17978468995117608
-0.7605243982763599,0.5292935394668706,0.20692255015826652
-0.7639159620031699,-0.40583812425540255,0.08802856962745147
-0.7553838412322684,2.1033685014659413,0.18614216133189487
-0.755096580477295,2.115359993076003,0.15030447384932422
-0.7651654378913482,-0.676561028372206,0.16281846324029986
-0.7623598229855646,0.04265305093310883,0.205387694344633
-0.7674501769251928,-1.3937761971698084,0.249614225032801
-0.7637977727636859,-0.3923887943439144,0.21936018341112298
-0.7608835116354178,0.5621198459747556,0.13662808505407242
-0.7683501448610216,-1.6280448979199078,0.21124005646327337
-0.7601964763659387,0.7591586411109978,0.17178687500265602
-0.764690498780143,-0.45828082119188923,0.1560991942254312
-0.7590966014927351,1.0556218866265117,0.13084518454776412
-0.7612022945085782,0.4875779920375958,0.16093191049769073
-0.7598254631930855,0.9202324627736277,0.15366754855890088
-0.7630095157833345,-0.23275737427071097,0.03637253107082639
-0.7601818730076944,0.8648443347636928,0.12568733094807202
-0.7614554688018996,0.35651013141324533,0.19214648878168206
-0.7619435128431521,0.3304125850508346,0.15249131533666335
-0.7591966584197777,1.1172143821751277,0.13129425630317787
-0.7665278795442692,-1.203869382077794,0.06130644309644973
-0.7670133422956226,-1.3275316584171966,0.06343099149729445
-0.7655853482006331,-0.8214205528145615,0.17144042397112558
-0.7591459028139013,1.0814015248305244,0.12613934020864762
-0.763575978009704,-0.37504857445586104,0.10429109201074203
-0.7563204905284433,1.7736442539493331,0.1483037209205777
-0.7623553354391542,0.20576038830679702,0.143358139977515
-0.7678841074049052,-1.4822551310454917,0.2505494464453991
-0.7590474051413024,1.0097810661670268,0.14270811429453717
-0.7606144712166537,0.5011417153901548,0.1142933190801668
-0.7655111679675434,-0.7725593138949245,0.10953571616469554
-0.7640673112124662,-0.48810714395475957,0.05257544275544218
-0.763468865901607,-0.1582549242401372,0.1387100709988999
-0.7613577042480701,0.4351623509712944,0.08613387203312163
-0.7574347383790994,1.5632609459218945,0.10451142186266318
-0.7596241379173537,0.9363397196938996,0.08463127263304672
-0.760613241521809,0.7183273305433815,0.14584499799619532
-0.7695277204103247,-2.0233469102799653,0.2012561508846406
-0.7638959456985336,-0.27972918635436506,0.1119198280933932
-0.7629780478602847,-0.04502694706623307,0.16820449152972705
-0.7697813593341504,-2.1015663229023795,0.07531146393450075
-0.7632645527123574,-0.18956089341752216,0.17611782339998452
-0.7633158469478121,-0.19383164622978966,0.1850988498643347
-0.7660286436335577,-1.0713376620055364,0.10844146047519534
-0.7658110525845993,-0.8942477731136911,0.06450403250234203
-0.7576081616126128,1.3508846413531832,0.1696022494538901
-0.7671754869950755,-1.4504453153126622,0.2129838583343055
-0.7651515329286114,-0.7473113884793369,0.16270911218113748
-0.7546860249350976,2.2455895350293127,0.13667330686700435
-0.7648045032456591,-0.49409861954585765,0.1520145853117485
-0.7546624766950887,2.176163594853699,0.13580918935523253
-0.7635553968345149,-0.2076497593721706,0.12571532435781688
-0.7565741354449195,1.7388749651445505,0.15601816906177018
-0.7630989472630916,0.02249908058217474,0.0744161678095856
-0.7641428752624925,-0.354061142240644,0.08695395359692652
-0.7633592759486312,-0.19209975470481577,0.1995495221614532
-0.7671841753116099,-1.361990791997252,0.20621979828105655
-0.7624028175387048,0.05539643390944916,0.1544137500753036
-0.7617065933141773,0.3107904502514487,0.07850672981309381
-0.7621849712620585,0.19525819830917965,0.1687890880615139
-0.7607868469811823,0.6159589878066288,0.1385989341895639
-0.7678551364173691,-1.5342589406437477,0.1915394751400958
-0.7683818260572749,-1.5474635477074776,0.25379182025294905
-0.7612149421246971,0.4725917744833818,0.1332647814978848
-0.7556843577967912,2.013048574139467,0.13343536931430472
-0.7695321406807079,-1.9684611470761788,0.28128513677531625
-0.7654422222119166,-0.6796631902322507,0.19179360912866514
-0.7643412663397671,-0.38929337868077846,0.18171019949840186
-0.7602798138948316,0.7054404357400033,0.133814806488207
-0.7699609195575978,-2.0374647270385635,0.1891656974515632
-0.7651846102186786,-0.5782668667361882,0.20605831846801248
-0.7594049221438063,0.9443749062232049,0.18224643992445191
-0.7613638472379457,0.364202838686577,0.1745042762510846
-0.7628464949871075,0.09446525730331659,0.12242675161655978
-0.7622665699600566,0.061120229734783704,0.21459804425857593
-0.7638043974382506,-0.22934333344088748,0.07568805845678313
-0.7619637538063044,0.18594490536847474,0.1584328170263201
-0.7627806916781706,0.07475675633738853,0.10327472940364235
-0.7653844256839771,-0.7690158556114259,0.19564086932568306
-0.7630070455528324,0.039752579634075136,0.14452152930612214
-0.7556144789517674,1.944167875677052,0.18789280117778992
-0.7683654234848816,-1.5551389419875268,0.16873308813416998
-0.7596984112861757,0.9915967770034899,0.17264815354541946
-0.7574679297015637,1.5474426916138646,0.14512905762519737
-0.7585252678182651,1.2054680455170013,0.1404948085863468
-0.7661193183267135,-0.983531882050536,0.15390295257290976
-0.7627841598502714,0.002220804724530214,0.2228152139621618
-0.7634083099968437,-0.17061748119919162,0.21726533266234951
-0.758904233300892,1.169945455498282,0.12611524641943347
-0.760317724860603,0.7580817677875963,0.10309949821287212
-0.7661076659707087,-1.0573489596998584,0.1704137192338143
-0.7687867087655718,-1.8727539126222927,0.180169200513423
-0.7651920990248391,-0.6408088474902199,0.12447408046860724
-0.766266342627874,-0.9096446799763949,0.10063974291001623
-0.7628432061738368,-0.045986698250774685,0.15528182267572774
-0.7633841927669395,-0.39031740278909327,0.1644062326680291
-0.7641388872022067,-0.3510448166883247,0.1634979225921957
-0.7641610920582849,-0.4727330446525515,0.17035272556595168
-0.7641890599312247,-0.3868299555892108,0.13343093681515117
-0.7661391562131952,-1.0835577096754367,0.2133402493395056
-0.7621387952506105,0.2407944131826171,0.186493320551673
-0.7660340263770814,-0.8730809331825701,0.17086791566144527
-0.7646968511905747,-0.7741994627888346,0.1550630047231545
-0.7609294939635418,0.6521465756786005,0.12648368301544802
-0.7572001428296425,1.6354127298057228,0.18951651257791166
-0.7595726253465392,0.9368663204246124,0.09457536577439694
-0.7648418890562091,-0.6415357596817777,0.06510704062262271
-0.7596516246411521,0.8872359641047323,0.14749720733143995
-0.7655955132291745,-0.7572709611029181,0.08822236758657437
-0.7647644423445371,-0.5301693335305318,0.14017371182370766
-0.7647729772622134,-0.6606886886806759,0.10796689750953332
-0.7629683410387321,-0.031098052593069865,0.11989105061949075
-0.7626590610931816,0.08814990149150367,0.15591781969794044
-0.7606601701258683,0.6166812958274465,0.19848418171388837
-0.7603151217213101,0.6858361075665599,0.10409495680541743
-0.7598762555764587,0.8473100200468101,0.07883195657167669
-0.7617953173023718,0.31195022787391735,0.11324151406152642
-0.7571777209835938,1.5297357297757457,0.1504705136756387
-0.7612921230718583,0.36074807400407444,0.15336563751442417
-0.7693856325953886,-1.8928050471030227,0.1525422018117899
-0.7657700116376148,-0.8761453113809119,0.16616601107179332
-0.76381211909185,-0.4153657024104377,0.04469372787152005
-0.7628702365263974,-0.03521390951656292,0.103448477552483
-0.7660551315627703,-0.9418931309818334,0.142132805072791
-0.7619699781630388,0.20430497576660026,0.20014612951483843
-0.7632016103825398,-0.1607738121803598,0.09724078745960746
-0.7649261721032945,-0.6233343369695858,0.2232598657478532
-0.7617741628023615,0.309402728466143,0.11013341850931765
-0.7634893217550145,-0.23045884495720492,0.16671970242860815
-0.7633981156475237,-0.21409728427701555,0.057449190653370674
-0.7643619650010657,-0.40848165830381156,0.15487249188857113
-0.7645849701376618,-0.4787919486031711,0.16773911310133674
-0.7689137241134631,-1.7334400481255294,0.15245223685287954
-0.7610964392650837,0.49098897060584534,0.1907975116141115
-0.7636952418830287,-0.1730861006526446,0.13208662904773585
-0.7618200655445394,0.37459951916479917,0.00561916842185786
-0.7563886157869049,1.8517121104117584,0.10132215211781508
-0.7633259763603251,-0.26365202060782106,0.11538019932086784
-0.7642446060290038,-0.5346117651261635,0.23849040681487726
-0.7636385277141737,-0.3313464855075756,0.20281177231227193
-0.7636472018732515,-0.36624901594369363,0.23299269916706153
-0.7665863697711327,-1.1905234053668006,0.25242924177506537
-0.7651771299687989,-0.5399727670100678,0.13678585692822282
-0.7575073329836413,1.4037432675350363,0.19278282218813925
-0.761914157116517,0.2747745990314941,0.13504014761447936
-0.7660454223269147,-1.1647356770836217,0.09872241806834725
-0.7657681328698263,-0.8967828405836763,0.19851448441526864
-0.7641637484145718,-0.3540582760403437,0.10751292590302526
-0.7658068291920405,-0.8383608161169561,0.1702607026561568
-0.7598130336875782,0.9015407574408755,0.08973779564129832
-0.7607401188685464,0.6687648033093329,0.0736350259273848
-0.7600544621353641,0.8301517902368335,0.09404886783433286
-0.7629982555658469,-0.13599877568696167,0.14264547870299493
-0.7631408551494518,-0.04740480906001005,0.12360180372640202
-0.7693601031421702,-2.055182473142223,0.06459659782543405
-0.7576582790318662,1.5459697753072252,0.10632850533877374
-0.7641135182836567,-0.30241853362544624,0.1462627874773301
-0.7640215105997488,-0.3007449220406421,0.14121093786066347
-0.7638851843637366,-0.282386114561673,0.08424809087933846
-0.7558346200474209,1.9214315973784226,0.09140642450415945
-0.7652578229431285,-0.6771972763682056,0.2382428869057441
-0.7659591781682097,-0.9990174247414381,0.21257689924105932
-0.7589969582633954,1.0095893396291837,0.1722474631524232
-0.7644785704476427,-0.5526379960720073,0.25020593824865345
-0.7611188256854587,0.525982111308771,0.1370425833421788
-0.762727834765645,0.05887731460053143,0.08471938343909878
-0.7598863612791273,0.7704441889551559,0.08581869224583412
-0.7591553439969135,1.1861984324843964,0.13958424967474467
-0.7669500745498974,-1.1835530795381195,0.25224304569417244
-0.7635268407341741,-0.19484407719421537,0.21820459326352595
-0.757306972056078,1.6174790680346374,0.11306887319706112
-0.7604028439495851,0.8117232865487422,0.13786032367331855
-0.7604683464953473,0.7417840931218291,0.16031254108924142
-0.7650209151250681,-0.5719787912754628,0.19952699059172296
-0.7624436957714796,0.14601566144837602,0.2133692169891653
-0.7664010803909879,-1.0675070643733688,0.11963369643783911
-0.7631251636038614,-0.04650045768248057,0.15790171044803017
-0.7615979397973093,0.4011933356260102,0.0990437835206776
-0.7659265094716711,-1.0378861311834835,0.16824176574322802
-0.7641712700395343,-0.3883418797727489,0.1246562595444405
-0.7627552044981031,-0.009129874847719904,0.1864727556658618
-0.7612776020381561,0.1874994955541082,0.20277334806392505
-0.7626444164208365,-0.15364255195087,0.15828821408005941
-0.759826374374595,0.8385279849084034,0.07924031128428628
-0.7695389488445991,-1.9573656390883647,0.26831135626147434
-0.7620755814562649,0.2727003577787812,0.12439785123349317
-0.7688985921988942,-1.9602810471931353,0.2483308721445787
-0.7647381139814456,-0.7286708648644784,0.10115048128744551
-0.7583670824321036,1.2396206842365352,0.1752247639824831
-0.764297813368559,-0.5674339476606374,0.10751437775322947
-0.7671053142609237,-1.1460624224853289,0.18574190954181077
-0.7639216964690108,-0.2995947461807067,0.18194767440363838
-0.7578774614847366,1.4018342207755463,0.14734209028416118
-0.7693246473685684,-1.9267797552321657,0.15299487787754737
-0.7633180009906849,-0.11760332028534903,0.14297638181103942
-0.7658651031040458,-0.998651919976669,0.24496289414301295
-0.7651873831891739,-0.7307861144939648,0.048112287914611154
-0.763896929169167,-0.5003352578677857,0.16002508082634928
-0.759184936889482,1.1001417696217124,0.1487293374691431
-0.7564692597506715,1.7254365271702852,0.053809339234748794
-0.7617503096938438,0.2557662079388868,0.07821141426395714
-0.7686726712170101,-1.6334279984096554,0.20715526050108155
-0.764734694114468,-0.6574871411638668,0.061978913585158585
-0.7586020643357109,1.19026346628437,0.14962881539509926
-0.7668702061585136,-1.2038373445158288,0.27541232006831656
-0.7637218888080715,-0.25183849861090646,0.09714052036243097
-0.7616123153655027,0.20004952331330064,0.08544757502907084
-0.7622663055985184,0.20474614369922536,0.12797836773135093
-0.7694838555872228,-1.8283869639284325,0.19222481866337288
-0.7605247836573464,0.581562833408924,0.12998594241185366
-0.7610426866709916,0.45260952249232506,0.23476915720560979
-0.7629735442764546,-0.15083633008487637,0.25118131407335054
-0.7630397465149391,-0.04633721325698386,0.14846767226544674
-0.764576753797618,-0.7093647203320932,0.1692318772672435
-0.764337875434711,-0.5927847317910941,0.0699679805359483
-0.7614872463706291,0.29459399963209126,0.21638269678695515
-0.7651713106691062,-0.601940924034078,0.1570680388115783
-0.7597449210864283,0.9901954613951258,0.14475379497928692
-0.7648293849519577,-0.566640698044245,0.1440247070694347
-0.7664983946495024,-1.0364739754711587,0.18445161521658746
-0.7606133216698727,0.6693961797268918,0.1190425066647405
-0.7636115888479106,-0.29743218937630994,0.17488091685365711
-0.7627524082378239,0.0014719010547311823,0.01618080408047655
-0.7635883332192278,-0.24876361392660679,0.18191633934963583
-0.7655500511484215,-0.9067858023276076,0.14791559014376773
-0.7678748374450314,-1.486789311893944,0.30478167641201953
-0.7606284332669005,0.6651036323084983,0.06754162984638178
-0.76856524717452,-1.8031641202496613,0.23106603410420135
-0.7642568195206743,-0.40505266336493934,0.1417298164945599
-0.759519700958354,0.8670371434262195,0.17736770166377236
-0.7585534454204402,1.0128282014925782,0.2301585884644989
-0.7665348165122724,-1.1639442508602311,0.1975813155246178
-0.7544337631817919,2.2665518292029914,0.1840196943117018
-0.7573170633596278,1.417304008380409,0.127764166270483
-0.7667697619126519,-1.0579267972038944,0.2313315238046454
-0.7652923104334148,-0.7304670500614835,0.20925259013925518
-0.7621027974643627,0.15965651804051348,0.18868436914395845
-0.7590284081092257,1.1888121183136275,0.1297223570898615
-0.7606044647134609,0.7055119826961941,0.12516345155942094
-0.7686687852121727,-1.6674497849472478,0.24103997591841572
-0.7643258813375565,-0.5139100350877686,0.19232695608077904
-0.7601027035139797,0.9146355641989544,0.1235767899115727
-0.7673553038047066,-1.2685261094548101,0.23711018035551226
-0.7639291066106896,-0.4877998138639531,0.06645601081360843
-0.7630920435712619,-0.015533949330102237,0.17832236215889619
-0.7625587874841694,0.054606615993666646,0.18394020335896133
-0.7595911145156604,0.8496631707346871,0.17520134886742852
-0.7559892825348711,1.8709479362112504,0.19745802055336098
-0.7622938574332421,0.09695547558218394,0.17511812224300582
-0.7632187734649186,-0.1181379682844154,0.130656347401973
-0.7622434001091141,0.0761687983109439,0.16732813840517632
-0.7640124945864921,-0.2977325095984456,0.1658708256278219
-0.7690884851466108,-1.8455797953583573,0.26652367453605763
-0.7681736916235038,-1.5981504451632937,0.06002449593564821
-0.7577808785542963,1.311666624770483,0.11295723505889373
-0.7617880963121445,0.25519960137770875,0.1205397979984371
-0.76269423243982,-0.04483303886280432,0.20658545580684537
-0.7682525248868378,-1.5991056543779865,0.26113178282119204
-0.7654337265714797,-0.7449957305928531,0.16091609657454317
-0.7636844881112941,-0.31335055653081123,0.20182044288856452
-0.7614121647588317,0.45293618966599314,0.1467374008650779
-0.7604493632622321,0.7389231431730253,0.11060461022009964
-0.7693938372483028,-1.9891239217932757,0.08363689716732431
-0.7638529139561029,-0.3017087877746931,0.2118876806558895
-0.7594882635165398,1.0271966427088153,0.13259498040221865
-0.7589132578234614,1.2571023225098534,0.14091145618237602
-0.7596247335542313,0.9553796274797186,0.13426877004749915
-0.7616730235029183,0.27521077197972166,0.1421383791820768
-0.7587567682586351,1.023633305291166,0.1967474061593912
-0.7622885830187782,0.21482221963417472,0.12807208955027075
-0.7638823746426578,-0.28461192940151914,0.15378621920781813
-0.6714073622951222,0.04787962197504158,-0.4027091422663469
-0.6737668359551102,-0.7365274049425883,-0.432870884801776
-0.6687302947951825,0.7233469610710556,-0.36996875957605146
-0.673171233585239,-0.6556954844196384,-0.3806639431474272
-0.6718883293189862,-0.1381231764843652,-0.42950216100883887
-0.6741729547125639,-0.821220334583876,-0.410696575201785
-0.67101597831691,0.10837931978677488,-0.45755957976835415
-0.6742546697648822,-0.871602558858577,-0.3837111943925155
-0.6679407682023736,0.93486287784438,-0.48994920093435346
-0.6646604573125814,1.8484035803240018,-0.4527457263486972
-0.6668312451503854,1.1851654594773469,-0.4125109466972242
-0.6708547292850119,0.1263184020884013,-0.4718248315620289
-0.6701538641925742,0.15011588478220486,-0.39915093978576305
-0.6688275603583196,0.6153108316823365,-0.3560989165216979
-0.6711585479591985,0.08990007350778638,-0.32904817778045714
-0.6752125330001474,-1.3025999392471121,-0.36824621032176497
-0.6736475404725618,-0.7149174009464557,-0.3893665131700725
-0.6748158132021252,-1.1643607719660725,-0.43777166224671626
-0.6632258078293298,2.3312652928213713,-0.47923733807176744
-0.6743047176022725,-0.9177283012035657,-0.35090061739502865
-0.6652130577199842,1.6879086404569974,-0.4366033410217815
-0.6700936216455398,0.41669377831076226,-0.42210561908900923
-0.6750884723243027,-1.0948050541549015,-0.4255513008662017
-0.6682440965881212,0.9981992411303315,-0.4095564824455442
-0.6685959331827962,0.7378189669821046,-0.4843361764381381
-0.6646209078351201,1.7854046770044887,-0.3906747933252746
-0.6673204505689565,1.0932687811346502,-0.4746580296643525
-0.6681056987058654,0.8091042921382006,-0.3438449841601523
-0.6725341404077182,-0.3692426255253585,-0.36099746472041117
-0.6640008803116797,1.9609598358215579,-0.37071260420283775
-0.6705428433964264,0.16587797046467168,-0.3693552747356957
-0.6665904596389044,1.377697832228676,-0.40607497521491054
-0.6636386665315315,2.1502006942679714,-0.4100680013919655
-0.6665567793222409,1.4509018326633971,-0.49995213559522866
-0.6675051561370103,1.0094997784932316,-0.37778147198196166
-0.6712870435091656,-0.0015023169239948625,-0.39375386087361464
-0.6730460166722912,-0.4586749844200856,-0.33234166844742113
-0.6683563366981025,0.7199086167985508,-0.4324826043415385
-0.6746091822780208,-0.9338717539045309,-0.3662218127493602
-0.6719694624251286,-0.3423069664560089,-0.26482347080851476
-0.6685884945952468,0.7005410661139149,-0.35119983879575456
-0.6714373362432473,-0.06841339961160825,-0.48345462773835995
-0.6746353156626455,-0.9472878596855416,-0.44010099968589217
-0.6716906730813992,-0.17484678426585643,-0.3910483341671149
-0.6704058804694535,0.18477323108962304,-0.3557507621301897
-0.6678470593205524,1.0612582489431217,-0.452691931034607
-0.666048990072707,1.5797610438057468,-0.4795691443936778
-0.6689707875072669,0.5452712281811241,-0.35357681238224686
-0.6702059510861333,0.34455192464289086,-0.4756561751404969
-0.6700350493531225,0.39739365737993065,-0.4753300188725396
-0.6733480549088566,-0.5853302995800745,-0.4373882723798711
-0.6777427781866467,-1.9477529940862364,-0.3214593185323486
-0.6766071452540676,-1.5979393061842844,-0.2959431248377667
-0.6721690898361373,-0.2638670937760332,-0.4277096626647586
-0.6644563217504798,2.009493121656884,-0.4917309905414324
-0.6727495302397523,-0.5324132422149646,-0.34356336064215276
-0.6712988259887043,-0.06947123486600588,-0.36501661847484884
-0.6730554356252199,-0.500392437986769,-0.3929637640739672
-0.6653440273435006,1.6700398309637199,-0.43071931901116955
-0.6727369354072362,-0.48404343024479607,-0.34353055176974434
-0.6730189355574285,-0.5141124126133592,-0.3390232136269434
-0.6733494509758516,-0.6448611333580124,-0.3462863655002112
-0.6734147206605496,-0.6618218542351963,-0.530385328149951
-0.6755564145967372,-1.2938794254190764,-0.4301374974873909
-0.6705605747538452,0.2729997213039028,-0.42368258099659906
-0.6727777573881449,-0.5556461796155345,-0.46580977251742384
-0.6677128232046526,1.113960510355918,-0.4479669831259544
-0.6713452595795303,0.03662210369582263,-0.4676499925440017
-0.6752032628497076,0.02268790501810483,-1.9213021444074965
-0.6669239748223279,1.1660232330722207,-0.3477926896311714
-0.662904172700667,2.280304851412259,-0.4434086605687808
-0.6766911620370658,-1.4730633459678821,-0.3089708292751838
-0.6714044343300285,-0.10419594029588351,-0.4806167561525796
-0.6745639479364443,-1.114341219311466,-0.48747779277978587
-0.6772933992005206,-1.742856649023468,-0.3281748162452816
-0.6738372926901276,-0.8039447701819061,-0.3656986308690563
-0.6739281433844102,-0.979155286310171,-0.4170935655170833
-0.6733797634912393,-0.7289952799215935,-0.49995071016508785
-0.6740657083844184,-0.793848532050488,-0.3167734616369261
-0.6733077145718662,-0.7639831376448549,-0.38310225066406073
-0.664632363815653,1.9026446319631507,-0.4444949112270176
-0.6756161590373725,-1.3543171120015614,-0.34494461327784204
-0.6657846706301062,1.5618333940607418,-0.4746426509330693
-0.6656853887639935,1.5465461464611692,-0.4126283788627218
-0.6731904124152247,-0.47744188341038124,-0.35490211658488285
-0.669017685971775,0.7394151164600479,-0.4185726127261089
-0.6715984933971679,-0.1587226767204497,-0.3494242974577434
-0.6718831141001733,-0.1582049132695596,-0.5038956232696167
-0.6717565989006324,-0.14049514801910395,-0.4291099834363133
-0.6742590986345872,-0.946876399943051,-0.3149048379723513
-0.6697892879424896,0.4166090360097079,-0.3964750681536289
-0.6699967884801112,0.20205137621951255,-0.43093250785713916
-0.6697231340756846,0.45415213758819517,-0.3540782978694273
-0.667668620272238,1.041460291175637,-0.4619789655065156
-0.6703664389210237,0.21747503964055767,-0.45400163340244626
-0.6764312050151584,-1.473217346239819,-0.29132605547575385
-0.6712965711703976,-0.03128868369193416,-0.47788595015690866
-0.66891812272545,0.7742637180172409,-0.4298189697514695
-0.6692890280827477,0.5236062124654364,-0.36759574316382293
-0.6719616957489448,-0.26364120381367884,-0.38372857127537857
-0.6677351331568759,0.9715545930383028,-0.4120993947282896
-0.6718034644444071,-0.12032748155113361,-0.41597257195513987
-0.6693207209711391,0.5584800241463991,-0.46778724525317256
-0.6715651651057117,-0.2627749772175635,-0.41033275806848063
-0.6750679146882228,-1.2017626973692928,-0.44857151024483993
-0.6732075275272672,-0.5389639266667287,-0.4408349349213953
-0.6683973888720277,0.8459205198404319,-0.43045854932120375
-0.6763214671781606,-1.480329996562844,-0.4032397621672286
-0.6715057315561552,-0.21158202504366838,-0.457563804399389
-0.6654544770872747,1.579263336341635,-0.4506717980632802
-0.6632400358231176,2.242110567718726,-0.4604255145001628
-0.6641479993095888,1.9044662868958748,-0.4232155239556841
-0.6754547687599038,-1.2866831231079499,-0.382863863812987
-0.6734082086859282,-0.7822863623505781,-0.2232939404836648
-0.6759907430150316,-1.3797336780053542,-0.4221778632463122
-0.6719890139592909,-0.27795484133392817,-0.3538180144187022
-0.6770808103319366,-1.8836480083646445,-0.3530516510733183
-0.6662262952532074,1.4180972080248704,-0.3947070915264784
-0.674337432474073,-1.0196301176256675,-0.3116883699581844
-0.6720934894852589,-0.35238220536506726,-0.3428796351861012
-0.6693498914445504,0.5240583142665375,-0.3998154989861694
-0.6762713388565911,-1.561201108283597,-0.3511619489601616
-0.6681810152003453,0.6887934638050476,-0.3195608210140387
-0.6675822963488471,1.1477888291272722,-0.4767086449684048
-0.6759654582423699,-1.5381301334578625,-0.3272389526311497
-0.6700966804997268,0.3746460172060849,-0.4024187525609589
-0.6679017712118875,0.7720911116974433,-0.3781753248923325
-0.6777827000905299,-1.8105938154186636,-0.3317051954334824
-0.6721996305906796,-0.4049178214321229,-0.3110024077325235
-0.6717634999979909,-0.3031075622920161,-0.3551004853508345
-0.6783960480682154,-2.1206517474448328,-0.46646079636727295
-0.6715610694242842,-0.1742538370493505,-0.4466121294334557
-0.6682476246744639,0.862747646499122,-0.49569713343840804
-0.6720338674355241,-0.2840035494417424,-0.4481229947044091
-0.6677226260052617,1.009107728964219,-0.4225041075318942
-0.6762674008460462,-1.502994945780393,-0.38677785418566013
-0.6757911085830639,-1.5444114660810058,-0.36600369049345305
-0.6688552523230857,0.6155889139277718,-0.3784132195203498
-0.6670605154771081,1.187301351101394,-0.3616980620464746
-0.6697098189115537,0.43286889681442914,-0.49303110977823195
-0.6773173805982293,-2.027438519972932,-0.4248686789983542
-0.6737073012168661,-0.6757580669710697,-0.42727592237787815
-0.6690325564240408,0.7212198875904995,-0.4561357871160533
-0.6681164254362282,0.9252343702843276,-0.4334991505682908
-0.6744416170335924,-0.9281372091086781,-0.43660845541909
-0.6677175658704699,1.1325321429610324,-0.4390744017358075
-0.6723850477542629,-0.4129001061794224,-0.46418045740489816
-0.6696916495385457,0.4698725919889922,-0.4463095937798707
-0.6663624654535589,1.3663844283853335,-0.35680059319098983
-0.6695771785812354,0.41714936398888497,-0.3721605510927701
-0.6748549276945705,-1.094162372311283,-0.324073512524197
-0.6681473976353871,1.0067831262951836,-0.4537137030046857
-0.6736863592434926,-0.6967178437878591,-0.37506255695317564
-0.6777134187922667,-1.9158726596345834,-0.32327573363930323
-0.6742261504137742,-0.8470948839507618,-0.3244641483976959
-0.6742661744843471,-0.9143644831523337,-0.5470928994729889
-0.6720530422977412,-0.24682779461454682,-0.4185785161837972
-0.6766836021330128,-1.7033515115746616,-0.370885213904645
-0.6732860242844289,-0.6039339064386062,-0.4014553364877932
-0.6723433949407618,-0.42499560019798666,-0.4276890168809434
-0.6719145800788944,-0.3374677749356752,-0.410378117958435
-0.6704725518246757,0.23693920605580082,-0.47727081803650473
-0.6684819217633154,0.845533543686921,-0.4520226129731236
-0.6734920271029026,-0.7845869937125989,-0.47290237846635436
-0.6717062102648955,-0.013189400485198302,-0.4458662399828961
-0.6676444780642841,0.9804756903112389,-0.43775635892637127
-0.6686895928557984,0.7196230135509499,-0.47354091672413795
-0.6656284729778098,1.523047077290553,-0.40213924100895126
-0.6741767338151846,-0.8585572486635542,-0.35650268719716377
-0.6661091590750637,1.4373579031735793,-0.4485774313702461
-0.6646640582372765,1.8829351431555086,-0.49943040350131923
-0.6772626879953749,-1.7888711261832646,-0.3810795100484351
-0.6666563261600204,1.4002778708819577,-0.5116805271808509
-0.6702124920503487,0.30827391988103703,-0.47038326337691494
-0.6715388385653258,-0.21285346622020943,-0.45651205666097594
-0.6650131714384206,1.682055256047464,-0.42250537422557666
-0.6723689726608807,-0.38978245115423565,-0.3056767016220008
-0.6670090257054271,1.1345778774691937,-0.38790565029574003
-0.6690931380086357,0.6507888131646747,-0.4034666147720789
-0.6677968526946007,1.023234786224723,-0.505704671963222
-0.6744407285544085,-0.895564530551781,-0.36225035891732615
-0.676577050785004,-1.4865226170252097,-0.3051636398571004
-0.6753770163893147,-1.1825690355788439,-0.3431507257531349
-0.6726246741573052,-0.34507733552535214,-0.3351450144997323
-0.6697451537789401,0.36135437603130294,-0.522038068082014
-0.6631378804603816,2.3163147074870696,-0.4112363833250951
-0.6750959722158768,-1.1958132423688455,-0.4783684093232135
-0.671454942927453,0.004934336347027324,-0.41686591835557335
-0.6705095028977796,0.11072703492091311,-0.33273832650336554
-0.6691718131473857,0.503312426975698,-0.4471737852186746
-0.673549358233316,-0.6774091397816219,-0.45895026552709534
-0.6759579716847556,-1.2922081928785214,-0.4246933170437243
-0.6741036648964479,-0.7527716588587664,-0.38073532886404726
-0.6707911972347417,0.11578603767570461,-0.3829208222550488
-0.6692154010210091,0.6129498300909962,-0.433157386220787
-0.6704286427867552,0.203963965716673,-0.35712104102627973
-0.6702884543642577,0.21866018390445338,-0.4376926080333136
-0.6705801470187176,0.2550930067454209,-0.38902658096519316
-0.6708093836826164,0.12655319817460314,-0.385896882439653
-0.6750642492124368,-1.071841844474879,-0.4519794680893183
-0.6690511688512194,0.6864123292226557,-0.40630250151372327
-0.662870764830952,2.2781913840665506,-0.451717410754339
-0.6696410648606781,0.4350854032316365,-0.36508185606601656
-0.6740314853430678,-1.0179666063288932,-0.3923983192739526
-0.6725685526703892,-0.46395052746146553,-0.4957819987549999
-0.6747551527305317,-0.8947933565529824,-0.3809625839289381
-0.6744413087239307,-0.9244679552433938,-0.3706001190050052
-0.6725026820437496,-0.3337336379712923,-0.3962859488970733
-0.6692451109993138,0.5670985665896164,-0.3665449401448754
-0.6714595924596606,-0.06500986595342192,-0.39703607942932173
-0.6652821377489003,1.6484111422014822,-0.4707379441908212
-0.6731306099493067,-0.5334585606429989,-0.35257658965660066
-0.6673513622288928,1.131905540157849,-0.4730438926387982
-0.6758066627711627,-1.3372168312093775,-0.4115489890501388
-0.6775193410852736,-1.859797711878071,-0.3379745057213447
-0.6688624905331232,0.7193852690967963,-0.48327854515353263
-0.6744650943614424,-0.8781001041774066,-0.34765028124399744
-0.6777994590371077,-2.0145242969776636,-0.28539715667784343
-0.6742611479868242,-0.7401678421288025,-0.3551716597971587
-0.6739779704566753,-0.7812296713961686,-0.34536815556939454
-0.6681899872011169,0.8279082655167597,-0.4871692803050345
-0.6696258579615896,0.42840180815210777,-0.44989320014028356
-0.6710335324188227,0.07746250974322637,-0.39324085859750146
-0.6725030207439288,-0.3738884921772123,-0.4865428967506732
-0.6697882522448138,0.48926234397824026,-0.44199509393371644
-0.6714833529578874,0.005138808919206968,-0.40902890610222964
-0.6690381240470972,0.47147515558141323,-0.4173645897345111
-0.6774004271182301,-1.7370297107291857,-0.3702392635076942
-0.6731756885379825,-0.5308132426713746,-0.3406297455621345
-0.6673368175182075,0.9694104751512879,-0.3140287711692341
-0.6744244664314663,-0.8411012092874824,-0.38165970016482026
-0.6635896249363601,2.065453526245656,-0.4285935043016437
-0.6699464956834028,0.5220045377844236,-0.4574934373440176
-0.6674668952388303,1.1155859220137787,-0.42944102127683303
-0.6721601668602751,-0.21566579162418353,-0.42477746129386557
-0.6757355943407138,-1.4215534771667597,-0.5282096283524802
-0.6751065192581222,-1.1349794519074947,-0.31495939113395655
-0.6707835071731109,-0.03440414563325107,-0.3324379700576049
-0.6779321896268067,-1.971204051949626,-0.48104969179129375
-0.6761073706316467,-1.5225324402336315,-0.3538777847700767
-0.6643270250853086,1.9358063272599555,-0.4902556590399864
-0.6727947745961922,-0.42807916474739266,-0.3514114391465019
-0.6691226653227429,0.6668168046141175,-0.4350260240279925
-0.669115273228415,0.5088505453342187,-0.33606630817129024
-0.6733083928253419,-0.7034940650389543,-0.4709698102721705
-0.6755780596463022,-1.1917951381595187,-0.4193202235823219
-0.6705757108983595,0.20139699577707337,-0.505709935676801
-0.6642286415553359,2.010823656969741,-0.3979762127173156
-0.6714175104848146,0.0056135930270753975,-0.3937241363316895
-0.6716830190588671,-0.26835845447997686,-0.48231555882547
-0.6712301272324452,-0.030120740162454702,-0.4162823944649177
-0.6688153833116173,0.6253698154915055,-0.4785035026878274
-0.6738671597824862,-0.6786388083297138,-0.4718553759968055
-0.6729331147579096,-0.5350164100265719,-0.45043880583970475
-0.6667974758202981,1.2949383589772678,-0.4549529930826338
-0.6713300578744666,-0.031085778686607543,-0.3444624813392582
-0.6688062463185912,0.6474763307374028,-0.4061744465687563
-0.670480704784787,0.21919370319380466,-0.4950008469675302
-0.6720521378838413,-0.30167441358227093,-0.44865670099078814
-0.6768160828071608,-1.5389542867134782,-0.30620490789934673
-0.6659942169165795,1.4909341040835598,-0.39091770230241707
-0.6752358167788917,-1.2192292928965964,-0.4434562061607912
-0.6715063519524079,-0.06562957181432529,-0.40703803302699315
-0.673804412179064,-0.6789225950766747,-0.5246850916236206
-0.6713808227844634,-0.24309982338131672,-0.36791088772751124
-0.6646645544303811,1.762583658445046,-0.34374114291859886
-0.6764988094877508,-1.434651494963235,-0.34767924393254235
-0.6694240368988723,0.5764252648151871,-0.47303315507002236
-0.669667471381776,0.3763099910564562,-0.38638939797884503
-0.6747166578754313,-1.1272433585336261,-0.4146373293202847
-0.6692743467694274,0.6497172026765239,-0.4142089225438948
-0.6749722560991975,-1.0427836866918012,-0.32418467259719247
-0.672258969545749,-0.1395893258146472,-0.4139174549628928
-0.665417793258343,1.7042973628622244,-0.5301031244480895
-0.6739802501834039,-0.8216671006888178,-0.4666651605264452
-0.6752566103486256,-1.113543879174463,-0.3198796325422467
-0.6675986971703963,0.8668055305110887,-0.3249041344963389
-0.6718175784971364,-0.24366738967367912,-0.3527649350496619
-0.6766089654968945,-1.5805427067053832,-0.2845782271135323
-0.6630496310209054,2.261324401243744,-0.466721159231957
-0.6753212402839693,-1.2216559711893238,-0.2854498737049221
-0.6692612628955543,0.5222065136392542,-0.4891915443175684
-0.6716037555772858,-0.19648883026077493,-0.33519123048013516
-0.6686054119088979,0.8096457050616755,-0.4657304813008306
-0.6682614998385403,0.6517437818844954,-0.40734077398635454
-0.6713909432225155,-0.013513511930306359,-0.40547803608227145
-0.6756391070502524,-1.2751660856152918,-0.36737536534528564
-0.6697174956559365,0.43189606237092154,-0.3397446816182016
-0.6703607956761033,0.29181269275830507,-0.3738935704642571
-0.6691973706959014,0.6317215627683143,-0.46136310452172524
-0.6716550785564813,-0.17501437102513548,-0.44406820939130315
-0.6750178133114204,-1.2528451246475136,-0.48060506364219086
-0.665596040650324,1.5115630386509342,-0.385716784857405
-0.6752195358720741,-1.1143930441845389,-0.29348665502367216
-0.6751917748480651,-1.2934467806331558,-0.41408317539987194
-0.6760929772589734,-1.5594524584918956,-0.30102068005843247
-0.6658537849066356,1.6156334972909037,-0.4654983737988925
-0.6667364027509833,1.2351102209560874,-0.43322804271944726
-0.6779857246217884,-1.956809276061017,-0.4240792326310043
-0.6712093959940555,0.006409680429026014,-0.39045770455486634
-0.6675894325451616,1.0083304339563404,-0.4128759236149653
-0.6736492675676847,-0.8094504718753126,-0.34853249085379895
-0.6717967104835594,-0.1734913355553689,-0.3652801377336893
-0.6751854621341115,-1.1493105603595177,-0.29853183941788075
-0.6695511320396177,0.48837546708904156,-0.48084433782960395
-0.6683536308053345,0.5943919458254742,-0.4340893724531152
-0.6691698983737007,0.49520559761341315,-0.5064941498650352
-0.6676822217880237,0.9327156707600465,-0.4478446528184466
-0.6675167603766883,1.0734537162940851,-0.3994649918982062
-0.6675461815866442,1.0971519592812318,-0.45082240848593674
-0.6714427292131762,0.09242531559090297,-0.45739153934791793
-0.6658576746915374,1.4375994503724714,-0.37982931877601667
-0.6782519321037341,-2.05965909473061,-0.5104539328955168
-0.6695958981159903,0.43547292710061236,-0.42206555127661893
-0.6736264523830539,-0.7668279342844047,-0.32682584156006395
-0.6719736840450092,-0.2505160264672233,-0.46226484163827936
-0.6672272069095198,1.167992133370073,-0.46835272576049786
-0.6655264990970681,1.5976801859621317,-0.388300547899498
-0.6640114747167929,1.9750190718257916,-0.4399485276269421
-0.6741683600137567,-0.9486706902136662,-0.33677571197502165
-0.6716985720093566,-0.1625512633098145,-0.35327324848494956
-0.6680230414472269,0.9510870517949858,-0.3832675046337905
-0.6706488264585274,0.272672280034502,-0.40934083553502354
-0.6743625360557837,-0.7901753715862567,-0.4230751013781208
-0.6716453285145351,-0.20897195207580613,-0.328265485430501
-0.6761130040003642,-1.502621599993842,-0.33613350649255047
-0.6714264728781609,0.023036629971281967,-0.4337115193301909
-0.6691228911234579,0.6672540510522159,-0.4393740893116595
-0.6706567364346492,0.016992291479702173,-0.46696189253695847
-0.6645564079029928,1.5463914306525397,-0.36316320002494656
-0.6713443492691419,0.02071479273833153,-0.5039710307639299
-0.6685488352904451,0.6444651910357962,-0.4181515243608703
-0.6675104930737414,1.0964558877306438,-0.4974231775288894
-0.6644423481012381,1.6189844927818513,-0.35766179854060104
-0.6758858587405431,-1.2569038935850847,-0.40987903616872257
-0.674054647563974,-0.8989481584548028,-0.5075366144840058
-0.6750150549980752,-1.1583762754764262,-0.3190952495887888
-0.6705892004036781,0.21411137356284246,-0.38153585694918346
-0.6722531560908034,-0.2881147547981392,-0.38649318230300134
-0.673108181734324,-0.5153618655119432,-0.4378285382109971
-0.6739633805222388,-0.6061510846902642,-0.45009453171662034
-0.6682803256554215,0.8453114949854797,-0.5150237166127132
-0.6732400735306207,-0.6049876451605504,-0.3647875364942674
-0.6715508331020679,-0.10280693442925097,-0.3987629459539154
-0.6686272899893022,0.5377610321278338,-0.39169792114228486
-0.6687186081592105,0.7524624817546184,-0.4668364377795188
-0.672110567424129,-0.21377730131547457,-0.4213365405080009
-0.672767434764823,-0.3526147867077861,-0.41456018484918633
-0.671546342881239,-0.1370283887419077,-0.42378136933667565
-0.667759475858677,1.0246252947426768,-0.4779061728696883
-0.6697100497022338,0.43368860417601734,-0.4457535229293745
-0.6768803858014233,-1.738737929331277,-0.3919637625719065
-0.6682047228258476,0.9343763814953672,-0.5148700977760552
-0.6689276450670097,0.7020249569392715,-0.4890256256585911
-0.6721887343173779,-0.3167558086095044,-0.36189800292302543
-0.6740655190964859,-0.900334553688564,-0.34055987434275414
-0.674642839323122,-1.2016762659834161,-0.43285482958164845
-0.6692405942726589,0.562740234737341,-0.37068897354642494
-0.672109984808421,-0.20966201147840588,-0.4141493943760009
-0.6682515504598943,0.8586416455516697,-0.3872835044279895
-0.6721621609550885,-0.4488867884944435,-0.28371565077789923
-0.6755867925671284,-1.3236606793004402,-0.2952715184181389
-0.6707246435353004,0.1500035291652765,-0.3592261664557411
-0.675983826911408,-1.5579847930162103,-0.44441083460101766
-0.6666543966710357,1.3831087048643944,-0.45896446209938735
-0.6722908022241496,-0.26568930073932623,-0.3593442509346035
-0.6689318470829653,0.6509603784000332,-0.3521688788832011
-0.6679700818544174,0.9535473088411915,-0.4857938518387353
-0.6629388078762826,2.262355112976916,-0.42623442303463327
-0.666746941705132,1.2579062521953372,-0.39334784801958034
-0.6721496768398368,-0.32135492491369666,-0.3547486772341093
-0.6706395160695632,0.070245705133014,-0.47023275491589384
-0.6686847572965138,0.7730920033466057,-0.48279312336079894
-0.675174784553598,-1.2558101914990623,-0.35114176149878795
-0.6657079614997712,1.4762296979431904,-0.327656726375182
-0.667275321505591,1.1628763920853664,-0.4298818945738
-0.6742967707681033,-0.8934247257354347,-0.4079656108967671
-0.6670985275397224,1.256537364300733,-0.5144210993540067
-0.6707838157366276,0.18171106605803974,-0.43148827284635316
-0.6710067921415398,0.013777251063775713,-0.440513353395449
-0.6737196361370453,-0.8429221827507605,-0.4756258250699148
-0.6672997926771583,0.9555437774792896,-0.34028414696978293
-0.6734307967142968,-0.6971313921195131,-0.504784857592041
-0.6740641392732506,-0.7024027576271372,-0.3777447435623285
-0.6644328098654699,1.8662519597763534,-0.4646804158510172
-0.6721053296010463,-0.2117786809133834,-0.4715336030231097
-0.6693626759561467,0.5040220227611779,-0.3722174306688068
-0.6769377623112611,-1.7556749868261299,-0.3724430928417083
-0.6727273053066016,-0.4298114167865844,-0.4168558874416468
-0.6648272697561619,1.6734017180713667,-0.3865799514136274
-0.6760035237534744,-1.4879134697500442,-0.29114361783541987
-0.670192456534177,0.06127155752746532,-0.29072743476931806
-0.6646631497792753,1.7431286839333722,-0.42829061379365985
-0.6719403809171407,-0.3765920049237589,-0.4510820774431297
-0.670757962191219,0.09470140547502741,-0.4021249997298298
-0.6710158349599248,0.09503920515310345,-0.38702065414677833
-0.6733784715133074,-0.7398100856372336,-0.3759295635831454
-0.6723873836993136,-0.4836754682448477,-0.3622420773140044
-0.6720781762499446,-0.33656862879043764,-0.48723005541407466
-0.6706417751331457,0.1847532890731561,-0.45622145981012735
-0.6751299226140972,-1.2360735515547527,-0.4684590307266534
-0.6633740396128801,2.132900676954477,-0.4544316284147537
-0.6673532264289506,1.1868719265491094,-0.4596702595849645
-0.6698430845233441,0.5055070491049748,-0.4335344697731983
-0.6713596038049915,-0.228408708327887,-0.4735500444003646
-0.669905958585284,0.4157106028251974,-0.45727814952309515
-0.6762262878156959,-1.517945899788846,-0.47146502609119595
-0.6727860022839385,-0.39479118220634063,-0.48859639265118154
-0.6676155739597599,1.1318984440241087,-0.4612920859902858
-0.6726925254311855,-0.2910060970684451,-0.37925962648381767
-0.6699934812914502,0.3817408752265709,-0.4169715869665711
-0.6669414486712776,1.257424538519925,-0.45235616814053453
-0.6645806622378908,1.9201597442119454,-0.4835941049376725
-0.6746356918418893,-1.0551276714688658,-0.3543404638371751
-0.6694432668904008,0.5184928064305782,-0.42139060270641415
-0.6707752258600227,0.16669076802635993,-0.41789450679675866
-0.6637050654212185,2.2259289157240265,-0.4355311156387341
-0.6634512928906785,2.3129604283013423,-0.4708613086251704
-0.672064282181158,-0.21051356128555895,-0.43652702108474867
-0.6700639178412047,0.41357325750801655,-0.3767741330353218
-0.6677845763112779,0.9365526492666469,-0.36587123597687904
-0.6696471082594978,0.4187227493705062,-0.35403087689429413
-0.6712152570920205,0.017981557093014286,-0.4736810157034479
-0.6756474462093691,-1.5776989030942228,-0.39153579239734937
-0.6718886355044021,-0.06978122418145692,-0.44118762050620824
-0.6642382721021542,1.8810912921713363,-0.3793296727032727
-0.6711058530684686,-0.0777994839117552,-0.5020270933505969
-0.6727783517828899,-0.4254222467155013,-0.42580332360842243
-0.6766811054952595,-1.7306891549509285,-0.41453473340910535
-0.6683327857836412,0.8824340533726572,-0.4637522669090281
-0.6693555067813115,0.5448007791067461,-0.41125293710866234
-0.6688590719375068,0.7377834513846157,-0.4789756967087309
-0.6705482850738665,0.014382248668715857,-0.5055411797547065
-0.6718279722281358,-0.2084438968889187,-0.35828741340057607
-0.6753502823498864,0.018011178782246996,-1.7773382067686798
-0.6699226458643549,0.45225757278933226,-0.42002750095019104
-0.6653826862610949,1.722713387361724,-0.495065642717342
-0.6688817168550962,0.5641403701279735,-0.3080749525133199
-0.6725835977405654,-0.4310268164889976,-0.3945874599449127
-0.677882049085469,-2.0972832483243176,-0.4735221631953874
-0.6686603076666242,0.6691512355801199,-0.3245777012198023
-0.677174756939499,-1.849752621227147,-0.35473926321189486
-0.6757340408477714,-1.3572540979478476,-0.3177073267661447
-0.6647425418967127,1.7770411311329888,-0.44388648020841864
-0.6673546650742754,1.0624208677317204,-0.4109752812183073
-0.6685462395940236,0.7030806526340472,-0.4338537411971969
-0.6704684780129418,0.08490476356245284,-0.4353207896446788
-0.6740333205957555,-0.8940680428121209,-0.4155968997803711
-0.6731625131205333,-0.5750104066814197,-0.4324660244334945
-0.6762966376843896,-1.5612153560160196,-0.5109587065035305
-0.668064564286355,0.7028099421804965,-0.31893987910881444
-0.6687081272506753,0.7372005161942229,-0.513373674197853
-0.6660581740855096,1.4160806425114476,-0.3697372503576088
-0.6637130046891117,2.3394820094877224,-0.4546728020938606
-0.6733111141074636,-0.6048967962738772,-0.49683421620942336
-0.6736791893748058,-0.6780192132505306,-0.42468450490531773
-0.6771132706457399,-1.959588230312076,-0.3329132713077208
-0.6721780907644527,-0.3165973513280448,-0.4092984375300415
-0.6762669403810287,-1.5694767509402525,-0.31695288401501137
-0.6663886248975951,1.329887936198284,-0.4338200478097875
-0.6717803321072847,-0.29902543051230357,-0.27868042656193404
-0.6646904700100046,1.9179980109182044,-0.530167144918424
-0.6717327723897621,-0.20684944090091334,-0.3643278644074617
-0.6686480773845128,0.8456067240286871,-0.43832523375046584
-0.6692882398776382,0.6302900267947884,-0.46440143683504836
-0.6651298551018584,1.808430415063669,-0.44131401561548084
-0.6677811698962911,1.0617670606736986,-0.45190404907152704
-0.6773163688041423,-1.843154094171369,-0.3498707977774249
-0.6664950980160343,1.4541768848402088,-0.450405431639842
-0.6759928575182192,-1.6320150278932686,-0.38439202566146036
-0.6769122064502834,-1.5129744335201356,-0.39659012220101375
-0.6719591053832447,-0.0767679156933686,-0.4004974880322538
-0.6745218293096599,-1.0498324113093498,-0.3311540008494828
-0.6701665618024715,0.16680664433555528,-0.4236593148400702
-0.6689426049546265,0.6122959306399052,-0.5213876399809743
-0.677835635771575,-1.9569645973941656,-0.27147185066478446
-0.6769206021147144,-1.7050814338857117,-0.31076958294395257
-0.6708895393773805,0.13123290477516492,-0.3795364889513954
-0.6749968198419003,-0.9887856272783155,-0.41191332948756565
-0.6735767160117727,-0.7672833327438313,-0.2975495312939922
-0.675668169959764,-1.3481203952976435,-0.3873514543475043
-0.6727118403547171,-0.5225411865155922,-0.3344757555693336
-0.6718007172938135,-0.12059337591606435,-0.42121343092812213
-0.6763578583960668,-1.575419383745954,-0.38627156048633443
-0.6745272341494608,-1.2350233388407927,-0.3820418931575912
-0.6765779187852606,-1.5930880574834674,-0.33452606631180803
-0.6691480500332433,0.5597314284419405,-0.40788934270737404
-0.667297216792162,1.1668283941267383,-0.47618446292476524
-0.6692495347266362,0.46940637656124296,-0.3825389690128388
-0.6724534660562105,-0.356051898296323,-0.4916857223726461
-0.670475724307054,0.2211171619638978,-0.42818877365383234
-0.6717667741710809,-0.23346039551430062,-0.49705616422868476
-0.6713170956852901,0.02604589922133735,-0.3904950237617218
-0.6685979242297091,0.7568703814965445,-0.41213244393471765
-0.6689775146762086,0.6165612104941405,-0.37894076724006825
-0.6746083944476585,-1.007652377133116,-0.3984964482891701
-0.6717008177270297,-0.12410827786712338,-0.3655024590867282
-0.6669712161956604,1.0973212350949069,-0.3670510457030403
-0.6637754922760918,2.0983969454503386,-0.4756124165257655
-0.6768350949982795,-1.5411298559997435,-0.43784593355372914
-0.6704678272252308,0.25604048460809276,-0.4539181824249932
-0.6719747863571589,-0.133772810684984,-0.42025763899352775
-0.663345201053311,2.192433190905503,-0.3899806693486788
-0.6669518688071049,1.2697302066311922,-0.44458241286114414
-0.673712169586766,-0.8408088716148153,-0.4996286013698559
-0.6692978448707448,0.6622712234313212,-0.4883494284804038
-0.6642628584632404,1.8840614954183195,-0.46609304146561753
-0.6752015305938706,-1.2349394524192223,-0.5009979754496
-0.6705587052256764,0.21862669096253914,-0.47702544374901557
-0.6727242129673815,-0.717186555909606,-0.38791678069083085
-0.669538731466972,0.5783729734415243,-0.4040607581130466
-0.668605668129857,0.8090437277268809,-0.4526206205470859
-0.6744731867725057,-1.0814394159816685,-0.2661308001493776
-0.6743504147176582,-0.9072816196760715,-0.37285478576212644
-0.6672855479812794,1.151339494118498,-0.43897322235227326
-0.6777501540532015,-2.0424384427768434,-0.4719468499276007
-0.6765294586730742,-1.4159223097031544,-0.3587260871186509
-0.6712539898134056,0.07222159362643858,-0.41602305956821123
-0.671482488139426,-0.02233032167027231,-0.3956313516647892
-0.6720196265355152,-0.1783438415846853,-0.37844932171010903
-0.6733308917103903,-0.5479661368514082,-0.40922116625616656
-0.6665423266319707,1.4314533624552654,-0.41373890117825257
-0.6637673723234537,2.1556265741696974,-0.40288546880489573
-0.6671340573247464,1.1330397598957878,-0.3943410602961965
-0.6742996118736165,-0.8948000261578436,-0.3494157410397357
-0.6669075707030827,1.2191984197805166,-0.41621132861105087
-0.671079703125785,0.04049858532506152,-0.38431762829119903
-0.6719910196191544,-0.1371326335284111,-0.40135500364371196
-0.6707057390010803,9.58779686220239e-05,-0.4161915731731374
-0.6720805160532818,-0.24552110746413627,-0.4216988837258828
-0.6760035306389582,-1.3055905583256384,-0.3220184323110418
-0.671728078265175,-0.17477173173372987,-0.34285436467825586
-0.668348275213412,0.8085440289479554,-0.486079411107879
-0.6701357275180313,0.18350399542972637,-0.4081669549252653
-0.6765190752856363,-1.6062499842356057,-0.39584063405824377
-0.674575538603775,-1.0354162591823952,-0.3431242727800586
-0.6726697004203043,-0.35816035868635876,-0.4084127936970638
-0.6701185129676881,0.2322817302383889,-0.41221891400253646
-0.6768122089589886,-1.6111755723475973,-0.3753384277937124
-0.6669078097089599,1.2925847443841139,-0.5091235863977427
-0.6740890686880646,-0.9488308627477365,-0.4457057085815652
-0.6690925226857781,0.7393721255480086,-0.4236594482016039
-0.6712801037876043,0.03699073422098937,-0.4102326066817422
-0.6712018929091101,0.13083510796136363,-0.4355555605678218
-0.6667335400646539,1.3841269431916878,-0.4201561714620605
-0.6693866897080338,0.39357667624632225,-0.3591473550816766
-0.6636494387039734,2.0730219872321207,-0.4515873102163605
-0.6691793096724282,0.5590083758925091,-0.4312828149221369
-0.6689250760635773,0.4893978052694645,-0.4671065961494428
-0.6715609861179312,-0.15805514805216422,-0.4614401693448605
-0.6755857357113776,-1.248494434776586,-0.3585855917841299
-0.6709275787395099,0.07480558310294153,-0.4865765700200854
-0.6641474540876016,2.029043462931101,-0.4114074535166919
-0.6695048099684572,0.5220851032054613,-0.49295509818714395
-0.6692862686311334,0.6285821642461326,-0.3519543644989981
-0.6737754024915358,-0.7180473307037492,-0.3789624412419769
-0.6669078508269816,1.0230653795328404,-0.41573471469031187
-0.6679715229012594,0.8642139644001621,-0.39567783481988716
-0.6753110331806407,-1.1980831691205245,-0.43560752391539415
-0.6727466890917051,-0.5518762149295724,-0.40432402261367256
-0.6737503009340992,-0.841263786733232,-0.4042158079945624
-0.6642874000309918,1.9764009196638184,-0.39698278222812605
-0.6728260816697156,-0.3446318877994222,-0.4022627424239362
-0.6729782114260185,-0.4421585772140427,-0.37438271740966855
-0.6703192186387406,0.39148179719847276,-0.4224220327952854
-0.6745582224476341,-1.1980772205236867,-0.4188401187364181
-0.6699713333588804,0.3391689333041283,-0.3647606825955941
-0.6684155289342723,0.7572594803657645,-0.4039760281831169
-0.6658125249189539,1.5250024540562908,-0.40429555861401517
-0.6697152672880148,0.43414790258578506,-0.47140799612541895
-0.672959423978598,-0.44112384684096306,-0.3658179475767627
-0.6631286516404575,2.242245950427435,-0.467899055677224
-0.6716170576744229,-0.09182390237195458,-0.3729865299526911
-0.6731575707538061,-0.5387843612440156,-0.4123051000663107
-0.6768614911156939,-1.668757205062518,-0.2718588939201109
-0.6699294491605883,0.34670708482042456,-0.3733491284780894
-0.6762328401564989,-1.450177139206916,-0.3244347103009953
-0.6688230656345782,0.6857666173634054,-0.4507755897648826
-0.6710927592543852,0.16496105238068978,-0.46246585176706917
-0.6705484877006795,0.23391194823014505,-0.44037048859225264
-0.6679059924539433,0.830847384127879,-0.3713339512450928
-0.6644289326621623,2.0619553136851763,-0.465191464668921
-0.6714907891493638,-0.1809565219142559,-0.5293866976490585
-0.6753264502037221,-1.2832460116413382,-0.4020606914235249
-0.6746782467708471,-1.108323920464337,-0.4993143591786788
-0.6659946880591388,1.3131055002270238,-0.3950050455208288
-0.6700651029067788,0.29274516074830126,-0.3952827779278446
-0.6630476589332451,2.299972739262989,-0.3956035040995145
-0.6720298760149738,-0.12056651655607695,-0.40010481381231316
-0.6700638137397269,0.32697172766402477,-0.35748724700194795
-0.672657568575617,-0.35557342579915124,-0.4137538289712925
-0.671616291871505,-0.1560045077116956,-0.31856662871136815
-0.6686186152387683,0.7224260085804654,-0.4211263604675458
-0.6674163746545174,1.008884716323831,-0.39715599800767726
-0.6677274805345789,1.042809922607776,-0.4192255711268017
-0.6733675439678337,-0.6202682014556015,-0.41917667839798706
-0.6677943476247568,1.0260503861828092,-0.4272341118570034
-0.6735083385837181,-0.7170924876050448,-0.43833160515183595
-0.6749070625146933,-1.1947461165280104,-0.40332804753263535
-0.6731996646897587,-0.5737871620533599,-0.340123874623496
-0.6736399034487064,-0.7991403449244967,-0.35936017999924963
-0.6723239733525183,-0.3178994191556198,-0.4484502200648596
-0.6666587633860033,1.3474268787092543,-0.4527938041039329
-0.6686963024179812,0.6786605847455732,-0.5094003955773496
-0.6748810804550951,-1.0320082809086764,-0.39915276628392204
-0.6754136231470337,-1.3216310591914515,-0.4809561368924001
-0.6741953524825274,-0.9064420159394827,-0.3129067317174092
-0.675643122062345,-1.4478036914451236,-0.4014185737976089
-0.6746091547774058,-0.9614633582185846,-0.47475977429690475
-0.6714945313086023,-0.2998000866317998,-0.4229786515211822
-0.6682188574081069,0.7521334763204712,-0.33305923127865356
-0.6684768490213995,0.6124821062169575,-0.3887448720324273
-0.6691295234679372,0.6319004058839848,-0.41324797937170576
-0.6759742133293867,-1.4617800718919123,-0.37436068035528103
-0.673535321276325,-0.7138161948095114,-0.37550353719382973
-0.6662551247170916,1.4191632221456323,-0.39090282617993505
-0.6773603879150779,-1.651960340455074,-0.44139539655464066
-0.667952207369615,0.8494375115079044,-0.3417866909186573
-0.6702883339917187,0.3102671118165031,-0.399717959530147
-0.6743131746437223,-0.9334623377764764,-0.38685231428968136
-0.6748433632447436,-1.0132069901193523,-0.3951696285762133
-0.6713350510002005,0.036538944060638553,-0.4148636058694223
-0.6743013118551534,-0.9251299304825197,-0.35197760827661057
-0.674254124792986,-0.8238391102890458,-0.34538052355928744
-0.6709438354219632,0.03990864890796305,-0.36569272340245534
-0.667780786747469,0.9362353773912614,-0.4598943389277919
-0.6720565913483185,-0.3690789749448893,-0.3239774315479129
-0.6665001331792443,1.3072722878260807,-0.41193978841471623
-0.6759131237440996,-1.5214891819448493,-0.42402748411445496
-0.6743598129188536,-0.9316570006072027,-0.4544202272565484
-0.6732518827676471,-0.6787314159338481,-0.3852501387248021
-0.6709539582000172,0.03392835583953031,-0.3111895044621854
-0.671099404523544,0.006143248699748047,-0.36866840750937735
-0.6725691887653261,-0.45965415855953445,-0.38519957366098256
-0.665631705246084,1.6001420070698185,-0.4194008532111053
-0.6742165051296659,-0.9267162856757489,-0.44133049088379217
-0.6690391694547335,0.6841925429121825,-0.4024409099641645
-0.6711586078748998,-0.004600994391053773,-0.30483141915640927
-0.6707975503843921,-0.09925794908367064,-0.37941532729948024
-0.6737781712608435,-0.799675784023795,-0.3772430437396824
-0.6718904110758981,-0.220069539185919,-0.33042369735468996
-0.6738164928651227,-0.7351030283647809,-0.3856867205083499
-0.6734082668204389,-0.5737660605434161,-0.4401883255376872
-0.664764174809602,1.8492181347946197,-0.4079270178133978
-0.6765351444765293,-1.7900783347241203,-0.4050105155001685
-0.6767488571363035,-1.8211054502422306,-0.3796112600925922
-0.6758540391435265,-1.4013079285046532,-0.469297250645981
-0.6753284162308244,-1.1627056094205666,-0.39897017552255726
-0.6694703033349296,0.5255402141843531,-0.3526135660907518
-0.6672435175795046,1.1149040469087985,-0.4373354379618712
-0.6691721068388354,0.6082770353697169,-0.37003726096022704
-0.6694240833004345,0.5545961143819585,-0.39125060648171406
-0.667237830315832,1.1093540566814237,-0.4845309370377258
-0.6687537386812556,0.6506059928400053,-0.34375015657021124
-0.6698457055029916,0.46970930765145646,-0.43965985949292535
-0.6745391865180327,-0.9502505058801077,-0.40415811847147387
-0.6704016449785627,0.16696310186356242,-0.3590954747454875
-0.6694589392207358,0.643530174918579,-0.42696154955752835
-0.6716496019111994,-0.2825759160418967,-0.46666298550269836
-0.6756778178069666,-1.3969427242749686,-0.48477459730601324
-0.6660541801081343,1.5969012868035621,-0.45858550806078724
-0.6764289958828112,-1.4464906767481465,-0.44617136426831344
-0.6722977474139986,-0.33538804984058823,-0.4506059641991232
-0.6710436797862723,0.16605041044421817,-0.40281970595709193
-0.6740948569826872,-0.83974503353017,-0.30598460171081615
-0.6705334102482985,0.1634699564162511,-0.3673984558507127
-0.6743238606480263,-1.0407112122148705,-0.4212295332260831
-0.6741539457142811,-0.8658500854543156,-0.3010207638777324
-0.6685312176673637,0.8648841316933239,-0.42124978670562324
-0.6749550496817229,-1.0736328540174267,-0.33995966566379254
-0.6717057845963672,-0.16119313220263148,-0.32515848224375365
-0.6761824045140152,-1.4643569276433415,-0.4141238925647312
-0.6746388933076561,-0.9444642469130263,-0.39893573454513864
-0.6782389163606923,-1.9826177304263939,-0.36363086231260155
-0.6685112233635928,0.7236341583630314,-0.3531945225660515
-0.6736411011796798,-0.6298774099788118,-0.3169420172410795
-0.6746209046479544,-0.9671464675277532,-0.4173553590414279
-0.6694408044514034,0.5955227293813196,-0.41220982615373913
-0.6722038436138159,-0.33437318032414076,-0.36914938903057404
-0.6708294217480981,-0.001064004028779103,-0.4524630976258286
-0.6743206808428374,-0.83176015396167,-0.41917389033817204
-0.6738020182157749,-0.8015181868674208,-0.4033685449993239
-0.6690637620650625,0.6134851646460922,-0.3644870325994159
-0.6699842954902573,0.2872714896018755,-0.3988903002958411
-0.6680703298417193,0.9703834582391355,-0.4590334366384477
-0.6676991595939558,0.953885755746974,-0.4023198324390141
-0.670817377429216,0.2505661593015491,-0.44040074214734254
-0.6736923459785691,-0.6408240245564166,-0.41335050710502114
-0.6741530084360673,-0.7539959472171678,-0.39364207045849564
-0.6670999000369773,1.1333482147015863,-0.40044663790726204
-0.6732899014681478,-0.5082852264604761,-0.34191273971644176
-0.6681347492671769,0.9166505463688327,-0.4808766763162688
-0.6726109162362207,-0.4260248474660493,-0.43264740304209315
-0.6708325761395878,-0.06713867458895285,-0.4233909922239009
-0.6754765506189387,-1.518631965288241,-0.32011988435947314
-0.6688626700864857,0.6316383161314513,-0.3837390937575478
-0.6714871796615764,-0.06841687728979552,-0.46990361819050186
-0.668221579659025,0.8143895056970389,-0.3599948163077992
-0.6644106287685528,1.9015823478425897,-0.4684231801773497
-0.6757719160573373,-1.2430805457113052,-0.35443970569320044
-0.6735019825408157,-0.6426350517684809,-0.5009073137130953
-0.6709067251641673,0.03525369376009455,-0.4182300788581911
-0.6767024944671638,-1.6667144293352067,-0.4317264348640286
-0.670196486740334,0.25636536494926637,-0.3891759636586634
-0.6715780381656111,0.0024688889224330733,-0.4317436061733242
-0.6681739348779241,0.9174167011212966,-0.48382245866869517
-0.6708436850398138,0.11296345387405912,-0.4349656408905054
-0.6670022468403429,1.1506200224102396,-0.3852232128732315
-0.6700057496121089,0.3940350641372831,-0.3996099018298943
-0.6752017511837781,-1.2321858405285397,-0.46701863391448073
-0.6664896534301443,1.2368160935025467,-0.3540242977570938
-0.672303461775193,-0.23262146827716274,-0.4353129753504701
-0.6678796845219962,0.9535161513684072,-0.40649938372634564
-0.6781287422112998,-2.0823910828409202,-0.4369005503788526
-0.6693435490341805,0.3929952194110499,-0.48144812864633363
-0.67724728423291,-1.971244141613226,-0.3691250692007409
-0.6751245390395508,-1.1468430117892363,-0.43141073681003805
-0.6673825950646014,1.1285106544117078,-0.47500757140313005
-0.6720234588670274,-0.23237986919325926,-0.3634811196435174
-0.6715403209577571,-0.10223180554314282,-0.39404286729282756
-0.6664046799984061,1.2934667209135127,-0.3732622632252373
-0.6689764314480021,0.7233616094348712,-0.4049424540708851
-0.6655955736158412,1.4909053309621005,-0.4192910125884753
-0.6732687535583863,-0.5227104906142498,-0.40191554351858594
-0.6717014039637673,-0.1780230265263331,-0.3441375452700813
-0.6739443973557565,-0.7988487509753064,-0.3605143554872828
-0.6692360657348421,0.5264272060240537,-0.36718869180648206
-0.6701990178068228,0.2365364251989164,-0.48783476946535914
-0.6709632987633649,0.0528735473906108,-0.38612153360875673
-0.6712292389846084,-0.10431290820058732,-0.3590920847016689
-0.6682587864192499,0.9363147464962294,-0.41934014341289255
-0.6704385362704562,0.2668329848357129,-0.3409801510171667
-0.6700825496720861,0.34411242468977604,-0.4903764042471086
-0.6709093283881946,0.07052989320993105,-0.3704813203173019
-0.6708399102545677,0.19559801491559678,-0.42582887059960045
-0.6650699091499748,1.682548775249087,-0.4300234782106396
-0.666533847563296,1.4196994221146857,-0.43213063208986574
-0.6679935673224319,0.881959512898533,-0.408319757997098
-0.6712904912761868,0.024209228828001028,-0.40568654349246575
-0.6670198006298587,1.165985318249368,-0.38704900712128654
-0.6718789122748435,-0.20838169398664028,-0.36711564457465584
-0.6716449417003187,-0.188682536382824,-0.33602221999355186
-0.6781476058476166,-1.9710511678294231,-0.31757606508478703
-0.6711606847001221,-0.1046398954618597,-0.40725301979030104
-0.6708743233391464,0.1302305100384927,-0.4688775757536188
-0.6679998111248361,1.0070806465493647,-0.41112457712828476
-0.6709177626055803,0.04220482753390684,-0.32446883258927806
-0.6713565966074873,-0.050239437603954364,-0.42570472115989677
-0.6738423374716096,-0.7682228496444881,-0.3393520432322966
-0.6692572451521182,0.6141555826508788,-0.43109229880062383
-0.6688225898878273,0.6863158158763,-0.41208969002237483
-0.6649676360986146,1.7417685497926967,-0.41615065656132183
-0.6646202551893334,1.903057330511407,-0.41873272797006067
-0.669290400069561,0.5722957485090101,-0.3884973858994711
-0.6758767145174118,-1.2667413570770192,-0.4271574202391342
-0.6640700687016782,2.010649496337015,-0.4002394482472991
-0.6754300567053129,-1.106636144651821,-0.44068599457888785
-0.6664738006341319,1.2927715210026989,-0.42382145384599973
-0.6698961497577213,0.2888437832885188,-0.3686473228396125
-0.6688630280400543,0.579026719953582,-0.35089731047933187
-0.6745072180618649,-0.925710281186632,-0.34763092979295085
-0.6634578671439082,2.1164579560301804,-0.4782442346940602
-0.6692655787090865,0.41913195442059803,-0.39786880950420855
-0.6680325481032392,0.9349753952351587,-0.4596721467696569
-0.6663119692578391,1.482489891394542,-0.4460535706717928
-0.6677398945882999,0.8974791836941067,-0.343123482215792
-0.674181031755314,-0.7516364384056005,-0.4358333833971899
-0.6671131991801427,1.2394765647929666,-0.47568150704208856
-0.6737580435589915,-0.5785797638909761,-0.40934998006345785
-0.6709068109649656,0.05954809379234184,-0.4062744556702875
-0.6700181515444376,0.38157506227222643,-0.43661773145514365
-0.6751543895231129,-1.095544988261345,-0.33840192085871434
-0.6722942768320213,-0.3588071865348079,-0.3611926287381959
-0.6692662078047864,0.6485630629964603,-0.45009273513209125
-0.6661231018713856,1.4198229428608142,-0.3696373740336136
-0.6737762419543532,-0.8570234965624624,-0.47075592050241105
-0.6700839822124378,0.3807368573689243,-0.4171908949547124
-0.6722275531905344,-0.40114496527794824,-0.45951929304562195
-0.6695113626140069,0.45394357375228894,-0.46425622636304004
-0.6678079830025762,1.0777455010085133,-0.42705862546270934
-0.674062267272624,-0.7650590291898157,-0.37213715396502944
-0.675264607754265,-1.399005265905589,-0.43138052771342783
-0.6699785593204466,0.2479936968565821,-0.46494886120306017
-0.6722521800759286,-0.24849653760733786,-0.44355375889550497
-0.6699269323894149,0.39871798406927955,-0.4823656155580661
-0.6770809397948495,-1.756742550642213,-0.4166013889758815
-0.6699781597710922,0.382827375620108,-0.4183950179023122
-0.6710742041528466,-0.172742086561915,-0.38310506702344405
-0.6737363773680599,-0.6597643027754637,-0.42381335810996507
-0.6697856876861044,0.36319682685693117,-0.42821523535265976
-0.6656859204259812,1.5401108660990306,-0.41512666414667365
-0.6767551671437851,-1.416549196974063,-0.40593176611350035
-0.667130598440505,1.1323481566265625,-0.4652480993705271
-0.6644740203291759,1.8318449884511292,-0.4092708625618276
-0.6730890011136461,-0.49574771064164946,-0.37928171875275596
-0.6714848024975507,-0.17692023672656684,-0.4885431557454503
-0.6689717855883637,0.6142598772493952,-0.3992855057878635
-0.6696030052116337,0.5382879695550414,-0.46597251756283575
-0.6668905941455587,1.183238198825424,-0.5260937125479737
-0.6686870098565604,0.8296334583491876,-0.45034310442733505
-0.6698876398930164,0.4321958956810513,-0.40664535278952657
-0.6728336716736805,-0.42488341474266345,-0.4026402233171991
-0.6719821768662448,-0.19242248887277016,-0.46327960962807696
-0.6734545181313447,-0.7687410494563846,-0.49957096177813576
-0.6738583936359942,-0.9127685635044358,-0.46131355545891134
-0.6654283663293173,1.6829390070915724,-0.37845300180984476
-0.6723940040998081,-0.3720448600744451,-0.3847495784382002
-0.6719432088408431,-0.17871199742956478,-0.38974330973355187
-0.6719369407631819,-0.27016829652490953,-0.506723794586424
-0.6743445240157249,-1.0135117657268975,-0.33504487145003986
-0.674073512875045,-0.767890397815713,-0.4138989071349253
-0.6705640820157143,0.2846765386594967,-0.39827906535997937
-0.6706034612757286,0.14810477962556004,-0.44087355779095694
-0.6707114683011866,0.20302926850600103,-0.39025909213067755
-0.6750108207897515,-0.9573365632095082,-0.3906697932164142
-0.672482511463704,-0.37350973506031293,-0.3043096789956266
-0.6685147890204066,0.8287514385359643,-0.4691754536681627
-0.6753578113890402,-1.4321713724172944,-0.3929781926336526
-0.67324805291682,-0.5366944925347664,-0.32323277285269875
-0.676838200628758,-1.8072636157722606,-0.3866319320382604
-0.6675022424855721,1.0731403941128497,-0.4566776094901951
-0.6712967311901343,-0.10645711516121024,-0.39670676351875517
-0.6694642847363131,0.56012305033093,-0.4281487803637753
-0.6696394617199408,0.5606362402059097,-0.42608965059727355
-0.6649743116118756,1.8501578503638259,-0.41746195630835226
-0.6677995182049513,1.0237513075246474,-0.5059601038927722
-0.6707657243023979,0.12230616076381495,-0.37924353008180606
-0.6762043165324492,-1.4173380757099585,-0.38458541174296584
-0.6773289783014871,-1.8598098254404514,-0.3119874070871325
-0.669311448351474,0.6146508291297886,-0.4264247823865389
-0.6721809071815765,-0.37555286201013877,-0.3131394850315898
-0.6742817952648602,-0.7886806903724236,-0.37270304097853196
-0.6694391673257294,0.43093968322192244,-0.37426871712052934
-0.6729228164597856,-0.5723575704208556,-0.4503259914419712
-0.6721512508225832,-0.21010446311185962,-0.41780024745638034
-0.6685654727264384,0.6856426308959599,-0.39570155015449077
-0.6678561835799556,1.0048764221690154,-0.4925975100087107
-0.6730605164520634,-0.5645530854314015,-0.3401962876246987
-0.673325500928719,-0.6787634687075915,-0.4206322396560267
-0.6740195026242823,-1.0134272124215224,-0.4042164077924236
-0.6729063809655623,-0.552996317734865,-0.2867115737412743
-0.6710355672649754,0.1776752437287761,-0.508537349010806
-0.6703352188146873,0.3076082202693065,-0.4003100398690134
-0.6702482753232205,0.14968854902595363,-0.48167344539454093
-0.6730714977009242,-0.5712498477125507,-0.3872912356010073
-0.666188687638758,1.3842486616452288,-0.4063251600397453
-0.6659538327276557,1.5803256992043122,-0.45435266393073703
-0.6695963220187356,0.4362362238460975,-0.3483095195079858
-0.6745087616661514,-1.0150883102569404,-0.37619405772465375
-0.6706958460843175,0.056013491904453254,-0.36113060076520104
-0.6699695872820596,0.4367818893531971,-0.39614680960448856
-0.6637160214629881,2.2250542756916265,-0.4444699415353456
-0.6726615792072074,-0.49850891658460406,-0.43493382500975036
-0.6640438014105996,2.041325444559605,-0.49952385517611547
-0.6678308790328437,0.9884733520609809,-0.5091311058012865
-0.6630570160539075,2.168225450968478,-0.4178527657859921
-0.6755630084450397,-1.1824817971652786,-0.3313278059830883
-0.6661303826080911,1.4883159064724243,-0.5309960903613561
-0.669525449953537,0.4286953016567433,-0.450808768452586
-0.6704506360839768,0.16600113373887734,-0.33781226362559225
-0.6763943086506039,-1.577076064586255,-0.35518400103985315
-0.6765901335410592,-1.7182960961334677,-0.4744673772623841
-0.6727111874183928,-0.3878286317992037,-0.3807185819554223
-0.6646692474554846,1.9032567135589913,-0.3919678796782025
-0.6713767784102523,-0.071680793469849,-0.3448356325309807
-0.6736129037106418,-0.6804027416982803,-0.3444762716012396
-0.6777399275977575,-2.0747446992817964,-0.42391899189242405
-0.6686379124900719,0.7928817890442704,-0.44267203974012875
-0.6688096947101788,0.7026868089547735,-0.4461710502606764
-0.6763161445750632,-1.7399165668373613,-0.4414991842324459
-0.673056955384272,-0.49430597666205156,-0.3947202198268495
-0.6690422572223578,0.6147415724223375,-0.3977426052980166
-0.6678652952369183,0.8460760250324446,-0.4304919874309589
-0.6696502004919939,0.5043973244961809,-0.4408173210258637
-0.6720000097409717,-0.12078970599682834,-0.4506889054216417
-0.6703034899744538,0.25615885330003674,-0.3668267097941743
-0.675144512717775,-0.9993592863482164,-0.4722689073269111
-0.6707927140311498,0.12907601299850618,-0.46173263103028644
-0.6733527385165099,-0.5674174295346066,-0.39284495216872356
-0.6718479231022858,-0.2980147892553209,-0.3865899718013453
-0.6734983751543998,-0.7087348081532647,-0.35790022688998613
-0.6742131930984959,-0.878897594531206,-0.4020295832241798
-0.6690106388523331,0.6632397875653694,-0.40911757099642065
-0.6776594936769968,-1.915843002801735,-0.29815417039659947
-0.6725537260812191,-0.3043096163923251,-0.47003232314646726
-0.6722981166499419,-0.3932399269214725,-0.3995310968945591
-0.6721867717771914,-0.3497671934573282,-0.37281212474701947
-0.6709822242687464,0.16609316436546848,-0.46815792132779566
-0.6679957689760971,0.8827900713556114,-0.3353552618699315
-0.6640735802441163,1.7393822378596169,-0.36754046979877675
-0.6748988103795902,-1.0376147037943173,-0.3646670603126922
-0.6690124123794343,0.6115171245114663,-0.40821028998798037
-0.6724010597625069,-0.429035982533585,-0.4186795350311098
-0.6685215171518786,0.8466844951552804,-0.4181981363534291
-0.6722699702525108,-0.18332728075707344,-0.37685648122448423
-0.674246617954259,-0.858014435837704,-0.4201452884531804
-0.6681586242195554,0.8300299764636325,-0.3811517494874837
-0.6672605069205763,1.179085084407612,-0.40870697911609105
-0.6730106840256557,-0.47006381072071207,-0.30062661934516716
-0.6693263600760627,0.4986767899075419,-0.4886744306464811
-0.6726608321433436,-0.47987061000590936,-0.5018264946776778
-0.6689994358086769,0.5908905212061543,-0.4420155438101297
-0.6706444331451326,0.1791196662020304,-0.4177489402933653
-0.6654862058331918,1.6860428235808531,-0.48348216980618647
-0.6728506383072487,-0.5353888653742747,-0.3093016982778671
-0.6763399730277633,-1.701459505150172,-0.407686017909005
-0.6693908437996459,0.5399299461100611,-0.4906730060083604
-0.6753106334737871,-1.3196201874863895,-0.3542245535266369
-0.6696846330146853,0.4891874882344241,-0.43309376750264905
-0.6757938960159554,-1.4726141041125667,-0.43333975668777386
-0.6761993740862107,-1.5607040646721044,-0.49390637014764915
-0.6760308212461574,-1.5747608810287506,-0.43015516659063835
-0.6749988748303791,-1.220860566282439,-0.46890668366627325
-0.669997178326786,0.29219848400755116,-0.36973518499349234
-0.6681445457048274,1.0417525922980417,-0.46069879245601625
-0.6769212581331969,-1.748510639052748,-0.3867143984701991
-0.6646652934324859,1.8854277107743174,-0.416087954037862
-0.6769610509685066,-1.8421689100549836,-0.3820712489185773
-0.6705562659382142,0.2561744177179133,-0.4350002450796924
-0.6684034119768937,0.7572443409634437,-0.3341146890004854
-0.6683889579697285,0.8816528026227884,-0.4537685816428145
-0.6761573638209226,-1.4365313124573342,-0.2961423430019894
-0.672118914494053,-0.2260208105601258,-0.34640672941560996
-0.675079041334166,-1.2741982930781806,-0.4778014662235854
-0.6707532183620606,0.13010689919144555,-0.42820759299519456
-0.67128519726911,0.0225867534617133,-0.39905706754703535
-0.6726834056330386,-0.40911541668388607,-0.3832570254550302
-0.6710469980269862,0.05704755261115208,-0.47061518699301313
-0.6720550066263834,-0.20872626464918648,-0.3871496982625774
-0.6691380914117712,0.6492579534363355,-0.460059625754441
-0.6705838245678756,0.18434619240071143,-0.4337890913532731
-0.6740402486101663,-0.8016850156497616,-0.35106735635982744
-0.672312222238568,-0.25149069980780386,-0.40218383885615494
-0.6771919020634516,-1.6864450426161153,-0.2999120128745261
-0.6722910592829208,-0.5164826340692314,-0.42979040600560303
-0.6723829358656226,-0.3697404030243488,-0.3539818745607236
-0.6755285522681103,0.023513557793303108,-1.8748837440042185
-0.6652220950630299,1.617269113277456,-0.3468956762599063
-0.6747587189780665,-1.0016674514676802,-0.36421104623226963
-0.6721915776170437,-0.2552142366716144,-0.3408812819560319
-0.677506580844808,-1.8609047065345405,-0.35612155796026973
-0.6691928058273547,0.590098804460489,-0.43100986612647907
-0.6746573377545985,-1.1115477098564217,-0.4172799649089813
-0.6703294185013311,0.2906664839793409,-0.4547480075546592
-0.6773343855915644,-1.7339892553554659,-0.363920176683956
-0.6763837774671766,-1.4154836796013786,-0.3100973647835627
-0.6687768713865927,0.7196982729379191,-0.4589238343681471
-0.6667800832519388,1.38327339288016,-0.4603695933098014
-0.6707292255522821,0.10932932488045888,-0.3904288862322312
-0.6705140124302713,0.27126021231310726,-0.3943620094300046
-0.6704832271314248,0.2903025657327398,-0.44742573164532856
-0.6776995691017228,-2.026140654859499,-0.38424910073523305
-0.6751544352672433,-1.11435525599175,-0.3062440419422391
-0.6683603099031018,0.777259740090569,-0.40156877635732036
-0.6741297218026797,-0.8402507364181913,-0.3711254081899068
-0.6754273050244257,-1.238911694886324,-0.3564765032691819
-0.6720785157327152,-0.317466967763021,-0.3778852059155471
-0.6744153784595475,-1.0539538470801522,-0.3558363016797366
-0.6724023732055522,-0.4290840242638006,-0.3762526692190557
-0.6703721890397546,0.2556700617811085,-0.4929878739191404
-0.6704712555720307,0.08581133710288932,-0.4709889691113916
-0.6663358489964449,1.3841122144717046,-0.3767710304141418
-0.672877117009905,-0.44749620397252193,-0.4123755586047837
-0.6663957185306424,1.20004870281956,-0.45198064505420454
-0.6677697152080958,1.0421253805436894,-0.47942483457295865
-0.6781302286328502,-1.9609442677054738,-0.27423617827798025
-0.6693045382447406,0.543251206557907,-0.4126340855107692
-0.6714191914107048,-0.06521555445785619,-0.35744620320102594
-0.6718996785410858,-0.35409230000685404,-0.4590495651731475
-0.6669884482719834,1.3081072078043492,-0.4530030183587849
-0.6649583261949471,1.7236449396279716,-0.5207248412233935
-0.6740085118475861,-0.880623413677306,-0.2934955473601532
-0.6626707378906596,2.334171087715229,-0.37884063537002116
-0.672210421474781,-0.2456420412875796,-0.3976378565836515
-0.670545989449827,0.21084246840171822,-0.4064097338272609
-0.6707534844751049,0.183087115469273,-0.46940817314637895
-0.6726743384541453,-0.34559014096876367,-0.39269775010173447
-0.674689534852207,-1.0792239510487518,-0.3798652649649992
-0.6697194771571862,0.3745301670179017,-0.5092037161682299
-0.6675473478505929,1.1146185012167968,-0.44678315196328905
-0.6725824913919638,-0.5143925541368766,-0.4403884891044981
-0.6780205951251282,-1.934507332345393,-0.31838163489584353
-0.6738354197183264,-0.7509847805543888,-0.37342084914981755
-0.6762866554849021,-1.6153086473959108,-0.36356880042514605
-0.6712204482705639,0.023456486541694816,-0.40650986820708623
-0.6770574838799899,-1.6836803506823572,-0.3725417960270637
-0.6681878553699742,0.8646216672279838,-0.4195522001858183
-0.6775578099254425,-1.7941862300338267,-0.34574627428157984
-0.6687587677515627,0.7912496946777979,-0.4880076243437458
-0.6665968492072472,1.1699286527793717,-0.4042377360020269
-0.6698975911973566,0.48308365241946494,-0.43104998157914154
-0.6732547280600093,-0.6402738612930902,-0.4597504167053483
-0.6682394568390094,0.9177388590985458,-0.5016971022734851
-0.6717481716799395,-0.35623750639568663,-0.4500642663636332
-0.6700349426076457,0.36127161095384464,-0.48914455084902225
-0.675309395780813,-1.1223234810196059,-0.42005107221734767
-0.6708931937364514,0.18354186702977301,-0.4055220664895274
-0.6707474956682891,0.11470398110463746,-0.33944019799258457
-0.667112449136274,1.0815462384852068,-0.39956684681990484
-0.6683938574892814,0.8660693092931848,-0.4160263935103963
-0.6693945896202496,0.6327127465105602,-0.42282604038718474
-0.6683629588593251,0.78766287822242,-0.4427479243602296
-0.66981849169454,0.38277454882350265,-0.3766865602283883
-0.667561651347462,0.9711434795198373,-0.4195179230683125
-0.6713771472906551,-0.048058651914346454,-0.38954303798825235
-0.6733310965968878,-0.6972857670765795,-0.3194391006663925
-0.6718165753800867,-0.1730281678794218,-0.39838165266965875
-0.6729465161682449,-0.607525773060728,-0.4428889595322813
-0.6688631918544896,0.757222057196062,-0.42388588714933684
-0.6678156035163001,1.024983514279492,-0.4762389779832858
-0.6759460000920703,-1.472431847460122,-0.36221027720873444
-0.6724203556110012,-0.6192008626571189,-0.3815901108233133
-0.6716999357448092,-0.13814547473979202,-0.41553210374296407
-0.6652231516612365,1.6647475381794472,-0.36940555179654655
-0.6738977588773517,-0.877338779280131,-0.3183416169678591
-0.6687189666368181,0.7927727979134958,-0.4900540662818782
-0.670526959484161,0.173140677010074,-0.3797863452569411
-0.6728503995076603,-0.37504551744443915,-0.4428970944581333
-0.6751163621489845,-1.150446605957331,-0.3811693827812498
-0.6763674709915962,-1.6449798831796902,-0.3618914515261013
-0.6674026631593102,1.0809896202013922,-0.3920742886112073
-0.6676125167791948,0.8662084374315913,-0.3432461326647056
-0.6726496736887528,-0.37385568917111067,-0.4474355042849841
-0.6738671597061967,-0.6230152825910797,-0.4276869639656724
-0.67811412232851,-1.9626015173829046,-0.279355030115128
-0.6772502583939092,-1.869998316826185,-0.392226761294909
-0.6709066135725218,0.058660050768833266,-0.4002639485491291
-0.676401880561243,-1.4189149970634907,-0.3791705203863894
-0.6755760572563129,-1.1837769609409257,-0.4041994293498551
-0.6705918478493343,0.0760384541245692,-0.4226843417570774
-0.6730285685938824,-0.5711053400638608,-0.37500074393723426
-0.6775669579318566,-1.7735906187145027,-0.4714750040474379
-0.6683821589397978,0.8262215410992734,-0.3814054943376159
-0.6758728986482213,-1.4008966107770284,-0.2871949557622048
-0.6761279830156594,-1.490461500012046,-0.42220534276343374
-0.667285418597423,1.0974569087383008,-0.38437212547827854
-0.6715997700475239,-0.07361629431436034,-0.4824566262988151
-0.674363403007594,-1.0367434911419235,-0.3714281674568152
-0.6748348729906771,-0.9439508888161668,-0.39517071099613194
-0.6736457361353796,-0.6396251234619283,-0.39929018473452704
-0.673449584767697,-0.6793545435557441,-0.435049931098128
-0.6730517559163334,-0.5898299174760374,-0.4705295852714325
-0.6719989413730343,-0.29739628759782993,-0.3615910351848185
-0.6708894605519373,0.14857739125861746,-0.43619484762592675
-0.6678462748962986,0.8634690589828325,-0.37664527468498576
-0.6685429337780469,0.769466889610524,-0.4323981015802904
-0.6720006526399116,-0.17238913916124401,-0.38723909047417543
-0.6694641202138336,0.4371997708944336,-0.3704725349659159
-0.6737631289612587,-0.8239263172315128,-0.3140356252371872
-0.6714821983260846,-0.19523412442389654,-0.37299667891000415
-0.6709332851548996,0.16588952341206378,-0.42456395791945234
-0.6746961613131829,-0.9572815351181367,-0.35880989349026526
-0.6716851839079809,-0.2277088485820804,-0.34240783696678045
-0.6707385147768244,0.07903271049369641,-0.33757875302335616
-0.6683124939738859,0.756604195274276,-0.4230679535899681
-0.6718981525534011,-0.13607396912035366,-0.38142784951705466
-0.6744970915680073,-0.9653813591867767,-0.5045115745884714
-0.6726743064582994,-0.48809223542314545,-0.3680159733357748
-0.6753050687527056,-1.0915270962473174,-0.4255029589573651
-0.6713271773481213,-0.13498414565664268,-0.3261350752998491
-0.666348294667808,1.2422371828507073,-0.39488733341574306
-0.6692099513548385,0.5769363320762353,-0.46593930791305554
-0.6743248871943616,-0.8256311320779066,-0.32221564986846235
-0.6668794509997094,1.4829435365502213,-0.44934130179960124
-0.6727704451028926,-0.44153365539463457,-0.3522268632016931
-0.6736721482761429,-0.900029611146255,-0.4120884899990993
-0.6773269980162736,-1.8520080759953086,-0.43621092664509753
-0.6734861548322347,-0.6568446803983732,-0.4234095584268192
-0.6645572508541644,1.9927699291484786,-0.45546917984015056
-0.6732715160551075,-0.6413104873870781,-0.50043582912015
-0.6659986692355726,1.454026194923492,-0.48707566410093883
-0.6758077246638562,-1.3762774114948844,-0.33791128224239236
-0.6709378284008808,0.1451949199367988,-0.444361922826894
-0.6657284953463893,1.4985271283385475,-0.47423342830923854
-0.6690678675705968,0.42942653339435705,-0.35815388730044334
-0.6711794484751413,0.09090645846510469,-0.36021169273127174
-0.6692026916811046,0.4997150675455375,-0.5187928200057559
-0.6726985666827684,-0.3530192704990413,-0.41011082763729256
-0.6769552812885477,-1.897369484633274,-0.40212796604251705
-0.6699766621472478,0.3795837425754541,-0.49968399185399004
-0.6717690054260262,-0.17639668095405764,-0.4028440599366972
-0.6779342344787288,-1.9685808121640818,-0.3433163558624582
-0.6721318823371317,-0.2858299774617398,-0.3310066328348849
-0.6728440866968433,-0.4976299070267318,-0.3423500075381569
-0.6702393387166158,0.3237472099196353,-0.4195916378867706
-0.6723097779011984,-0.3173446600532905,-0.3936042908287297
-0.6691608431695931,0.6332855137599516,-0.39834947765778383
-0.6696622514978366,0.5051288747455024,-0.4774699773437011
-0.6776997487706825,-1.9969388972551476,-0.37765879155406873
-0.6690371374730425,0.5620453976365907,-0.34126506444923344
-0.665604691108192,1.5996541648589302,-0.45974008360652113
-0.6714034422305508,0.023043009772898207,-0.39891175724694977
-0.6696413639297725,0.3011294601139128,-0.29133317243093165
-0.6691472611310532,0.7024154995166068,-0.43700409186114275
-0.6697529157472596,0.3395588672651159,-0.4442121290939101
-0.6697872049698644,0.36284631220391617,-0.37165826894813625
-0.6687523718623404,0.7936210518071231,-0.46240540074395065
-0.6705646185345838,-0.029536549234977793,-0.43867420412601
-0.6731840524563237,-0.5143893160873032,-0.4377196565643072
-0.676859485280402,-1.7426254077539989,-0.4368185829556322
-0.6712205720546759,0.04125157469453549,-0.3924880853956522
-0.6742705965222692,-0.9351065963908397,-0.29112401993563747
-0.6751552547084688,-1.1799112046833642,-0.3293364377188003
-0.6702917619520843,0.3280124824193776,-0.41240801511994507
-0.670706050700128,0.14795167841215764,-0.44158181116484607
-0.6658633845581484,1.3630554370987906,-0.4179075547029755
-0.6721917309178674,-0.2661450210224702,-0.3323766863239035
-0.6711803992959295,-0.08739945832926893,-0.3788479339417737
-0.6682266363088503,0.8986987242260798,-0.5082135250711464
-0.6710961321267187,0.06834257639638973,-0.3277787493472761
-0.6701098967126535,0.3576508361789553,-0.46117539630085713
-0.6671257106476626,1.1342488166794444,-0.4613569279070559
-0.6694618879230542,0.6500063376346586,-0.4402008518459224
-0.6704232732757651,0.18399596361169954,-0.4549354554444764
-0.6760954167124111,-1.4794649799678734,-0.3524258350342344
-0.6702767173265871,0.29261054652909696,-0.39172295239271715
-0.6700303720849525,0.3277036798307409,-0.38459734670269696
-0.6699692780081472,0.2114835813353084,-0.3958792320337488
-0.6684594679914033,0.8994534125077084,-0.43403933898267844
-0.6732640297327043,-0.6460913117017526,-0.404134329459586
-0.6751273010015293,-1.253174359387859,-0.333874085001456
-0.6671956674268172,1.239463649175749,-0.4590449057885439
-0.6705427024085299,0.23910200635962928,-0.41753414082125156
-0.6683481570548194,0.7575599095621662,-0.39297818860401795
-0.6754163259624757,-1.3472182665779584,-0.4539827547841555
-0.6665969109625742,1.3657427761003933,-0.39327171468565625
-0.6721114845604824,-0.22929338169490993,-0.3599909166116386
-0.6674352503406539,1.0271932960650223,-0.381104126072565
-0.6749697822958624,-1.102854861300422,-0.35642085620816943
-0.6713307551165131,-0.12687313893737995,-0.41906470486451014
-0.6701458320770087,0.3460118587821279,-0.4431434499454329
-0.6714311514196055,-0.24562272876522484,-0.45097082457192234
-0.6665744102614715,1.2207988580024582,-0.48346998357185766
-0.67005719198726,0.2360804560506903,-0.36840118746445283
-0.663282210101239,2.2245435279572847,-0.44780016346002627
-0.6673592097973169,1.0796142350319813,-0.398390492086407
-0.671863687990452,-0.09142803313917823,-0.4012334802236457
-0.6730942093987843,-0.7111170764534225,-0.41816888662140245
-0.6768469305117129,-1.5572434029101458,-0.3020619491716617
-0.6775655984026353,-1.8976934091503084,-0.40891949703778746
-0.670601573033103,0.2378273815835082,-0.3876597639289978
-0.6728276869085439,-0.46348668955964334,-0.33305459592882075
-0.6681183745170424,0.7935102867953805,-0.37169878016746705
-0.6685215224030687,0.793414212160355,-0.3975751394398804
-0.6713413922240389,-0.13791466256151397,-0.4094438023217746
-0.6706760275459436,0.07195187598150363,-0.3374006835303731
-0.6736588008202516,-0.9234960542979869,-0.38499466920566244
-0.6691418706775958,0.6140294414198917,-0.4245945830979067
-0.6695808954250285,0.40096376888664664,-0.3584112236494703
-0.6656531921867895,1.631626877401889,-0.5084895777296711
-0.6714735003836844,-0.030695905446306498,-0.40084203305527866
-0.6713501045662916,-0.055209077138434974,-0.38090147312252465
-0.6763977335119071,-1.6062604151096807,-0.4116590329932674
-0.6717979955312301,-0.13723914314136565,-0.38959250746027546
-0.669230255323714,0.5239118525786415,-0.42791133497857564
-0.6634871997797618,2.206867994291486,-0.46484044536244956
-0.6749808554151826,-1.079621585028785,-0.2814372524511244
-0.6712150928439641,-0.05225419689296449,-0.35503382083321594
-0.6712820964164171,0.0178295825185099,-0.43653750039075023
-0.6716116214232084,-0.06657892588385432,-0.4111886603330782
-0.6698655128425661,0.2884042849533619,-0.3333900565453126
-0.6682468970168733,0.7753708146298548,-0.34056054209970177
-0.6684625594029433,0.6656828366186079,-0.3492813287694916
-0.6731801540859076,-0.6396807697088032,-0.39536827437934313
-0.6659594382331481,1.556265367760895,-0.40039811516410156
-0.676933602485304,-1.7407104582478372,-0.48270894651453133
-0.6659267221649567,1.491643250905489,-0.41988521823518676
-0.6680266406612148,0.8652533073431747,-0.36073418230404203
-0.6707193040615079,0.218934174298862,-0.43560984219848986
-0.6092744879163726,-0.7524867067843742,-1.354837260035711
-0.6123557309567482,-1.685493495801551,-1.2996511449100834
-0.6077033358296959,-0.4817823666764008,-1.3884647729536799
-0.6049238929459219,0.46924535482785984,-1.4315086416388643
-0.6069344057661746,-0.16291026077425455,-1.3896858078901313
-0.6059563944928094,0.18321665975245338,-1.4140600977824997
-0.609811292104107,-1.0897884277994625,-1.4296501448349035
-0.6004921120850492,1.6543124178471171,-1.402554040811202
-0.6107600232418949,-1.3642295611785031,-1.4879606579329674
-0.604835955361351,0.5042931648257567,-1.432541838086171
-0.5982147366794509,2.331145461351411,-1.4308518999020563
-0.6091612709983542,-0.7546299480206025,-1.378964897369918
-0.609455121335278,-0.8309540636367388,-1.3123657573140477
-0.6077285994058619,-0.3209789270394706,-1.3700376414629036
-0.6116798827887568,-1.439398095818401,-1.3164036586451306
-0.6067010126672218,-0.21372732290846538,-1.4034767145012241
-0.6082267655296774,-0.5007368434280908,-1.364197052931675
-0.6102018082986354,-1.0688250132737684,-1.4292922185386419
-0.6059995768421258,0.1466596907891445,-1.4775272994627766
-0.6080478966289656,-0.37460746188679783,-1.4453036209314185
-0.606026552447472,0.02283750839431382,-1.3395932437301086
-0.6009460120292879,1.6863681421437189,-1.4499931037028428
-0.6091995001939418,-0.8771238572494537,-1.3568038954826271
-0.6120108211308561,-1.7176248382857116,-1.366708739612619
-0.6079398506460514,-0.5070423625085484,-1.4966615246359953
-0.6065705298753482,-0.13735126891828667,-1.4304438377021123
-0.6050450082695855,0.4332941792561598,-1.4737273706409837
-0.6096878531395136,-0.9140007585224347,-1.3445738167251733
-0.6124985058789393,-1.7918652217163271,-1.2694721811172607
-0.6060728530102666,0.1659793651676808,-1.433709194152651
-0.6081246122614856,-0.4664436834684728,-1.3622721155441084
-0.6076753898151118,-0.4319272988912125,-1.4020609301663152
-0.6088351986647577,-0.7204047471269706,-1.390712491719251
-0.6122135734490947,-1.626101474311142,-1.4191356361787486
-0.606193658866241,0.0751620113404802,-1.42167449144583
-0.6064109314333358,0.016035573019039955,-1.3680180140839913
-0.6052904081085638,0.16629164337493257,-1.3848729342642963
-0.6062276505537278,0.07589739319293873,-1.4188219348760216
-0.6086529463086862,-0.6605481823833749,-1.4404814253091571
-0.6124461464859235,-1.704502158579068,-1.4863473582430755
-0.6043014199985692,0.7009687885617173,-1.4519790393107972
-0.6118358405906195,-1.5821918137332656,-1.3611338679173264
-0.6066848504092607,-0.05041544310803282,-1.4056926089604809
-0.6104306293336224,-1.1153725949949638,-1.3477005920956882
-0.6119369909944254,-1.5809240469251429,-1.3451639974063292
-0.6002756733600799,1.775231364343092,-1.4891999183538893
-0.6076758034089581,-0.40550258963786673,-1.3731341684454097
-0.6124371842387506,-1.7039343594709593,-1.3542720476567414
-0.6043734937474868,0.4888449755922726,-1.3425686410647226
-0.6066995937098223,-0.070817788297345,-1.453198661549882
-0.6057104113561234,0.23299787803110922,-1.4095324539100453
-0.6074900374473845,-0.3400103959925242,-1.5669371117207942
-0.610842898638278,-1.3948110615120042,-1.5141638520479694
-0.6117981226835784,-1.5379542232552554,-1.3920695002735148
-0.6075316166260222,-0.33664354999164525,-1.4892220983363365
-0.6048798047536215,0.5360817399496917,-1.4411334819866821
-0.6053012629371176,0.2557092356817257,-1.3848926242107424
-0.6061945144629475,0.09434268039652301,-1.4336576850089306
-0.6018546086138721,1.2229118260796052,-1.3784242005868348
-0.6085769070176709,-0.710998528454576,-1.359127306692846
-0.6130583820038673,-1.9618362892996717,-1.2895782971696108
-0.6049781833641218,0.4875447485142684,-1.4494467172504388
-0.6084567813659358,-0.5497086887940629,-1.4183210211606605
-0.6076351246079924,-0.3963397586234647,-1.4144332364118286
-0.6132906086677847,-2.0258700556133187,-1.3560075672479706
-0.6118051849137793,-1.544645763700997,-1.4654434824792737
-0.6060472199906433,0.14730958180055848,-1.4091929311832891
-0.5981691800022747,2.3689787202435535,-1.4153350101675808
-0.6127748100340488,-2.00555984360196,-1.4194254174115786
-0.6079391460523919,-0.2920742061255629,-1.3820270005879138
-0.6105812267499496,-1.2721046313612048,-1.3684986463948863
-0.6122702175620344,-1.736946860513129,-1.3893018474683136
-0.6092212155205672,-0.9108743174891838,-1.4869676564072962
-0.6070756537999962,-0.19624816072219206,-1.4066945002834284
-0.6111021846845596,-1.3815159819331018,-1.3457940799512798
-0.6092912518923415,-0.9790249914872625,-1.3818229236132924
-0.6107238837863593,-1.222682867313666,-1.3205477644287087
-0.610982819268892,-1.3115521148772828,-1.2983222440178654
-0.6080311089124577,-0.5195721761976317,-1.4599249228315774
-0.6030767652031755,1.005687824195272,-1.4621929519651864
-0.6071859551558539,-0.3313729024124153,-1.3377713294711282
-0.604846527407814,0.5235591941999326,-1.425567458293672
-0.6098839634467851,-0.9794163078963412,-1.3810965348273432
-0.6016135995073987,1.4022514055736657,-1.4078509795821132
-0.6061390132855575,0.08951566124154524,-1.3838848700196396
-0.604198195238455,0.7388543357983576,-1.4282036202283348
-0.6078184664818277,-0.4289992950619708,-1.5317797395751893
-0.6069786927055183,-0.19599715634103268,-1.3697119962103952
-0.6119141956667737,-1.6888740141079746,-1.3923436111745229
-0.5984999496591326,2.100987237936566,-1.4312106943621774
-0.6014849984551691,1.491002367923584,-1.4331058029997785
-0.6075455754683824,-0.3529599834136694,-1.3745106475855144
-0.6058277134546134,0.1584450132681343,-1.5182126887597955
-0.6078983279026147,-0.4606536708728733,-1.3674498841458422
-0.6033145766103203,0.8639482465383342,-1.3730275761743966
-0.61019790512314,-1.1843986627206529,-1.3708661276480885
-0.6059658290297167,0.07760433542329381,-1.3313094785182222
-0.6056192248382698,0.21733555558934364,-1.4158798437043498
-0.6101600492285472,-1.0722198260385456,-1.315146212685789
-0.6087233082109103,-0.7343591620647509,-1.3273772151945906
-0.5978238571084068,2.4205631083334467,-1.4826673422680632
-0.60093051592564,1.6106740158149275,-1.483250537311962
-0.6039232935990819,0.7521166659604147,-1.3729058808556283
-0.6060622463037919,0.11207914092629434,-1.3845337265724966
-0.6033199668930314,0.9877801328665538,-1.4556969626179792
-0.6091733279283108,-0.8052234581302585,-1.384787521809629
-0.601853130310464,1.3768429294627544,-1.4642145688681727
-0.6023765295126985,1.0627956506739953,-1.3673400788133392
-0.6033610714099664,0.8643901913737182,-1.393635690192643
-0.6042817983943228,0.5405621816594401,-1.4276519976003816
-0.6013619842962186,1.5379626720656927,-1.5294526560300237
-0.6083291839373332,-0.4806655914626908,-1.4393246029622488
-0.6084226955516184,-0.39205173792134024,-1.4635649329943843
-0.6061750911134143,0.16602990068576362,-1.4450260680473843
-0.6092660674349665,-0.8422563189414296,-1.5006354649128257
-0.6058346024429692,0.13000904515278827,-1.4079190365013676
-0.6059475812885482,0.16557167296554878,-1.393778582396756
-0.5999493746021254,1.8489493302890116,-1.410597285196286
-0.6063457615877502,-0.05431728941453084,-1.4075366131294214
-0.6064240132360208,-0.00039900054452880616,-1.3761450292284958
-0.6039954734615939,0.6448651959300428,-1.3504124938602207
-0.5980463895473282,2.4236507858693956,-1.413725009635264
-0.607606559268222,-0.27091544653540844,-1.3989606446829346
-0.6006235036776048,1.5391952371781137,-1.4465970964749206
-0.6110785718161563,-1.3663494925598736,-1.445449055741888
-0.6035478297658982,0.7404819889767034,-1.3740224359513964
-0.6086434666011207,-0.6730873527985904,-1.3661018934368547
-0.6113577677599864,-1.3424923881149988,-1.3137601932661014
-0.6064102798818621,0.038965629847966546,-1.468441243071051
-0.6054713758942396,0.29216069447865506,-1.4103199002284665
-0.6096686586982459,-1.0873977486696988,-1.4369247210794547
-0.6063684433612285,-0.01900503985147446,-1.4400501620407926
-0.6079464054475247,-0.5008442062679557,-1.3643279166879314
-0.6062027912483301,0.10247071323229652,-1.39410684557871
-0.6074633672438476,-0.46089054381546396,-1.4987985129433306
-0.6075907375327844,-0.28913794200733894,-1.5293698027886318
-0.608274275817164,-0.4434595982725934,-1.40607760106103
-0.6053537106035868,0.2867604887382644,-1.3756699576462879
-0.6090598561097783,-0.8422060647941004,-1.3476405430550658
-0.6029489058141472,0.9877106878480251,-1.3824584770445283
-0.6040394029201578,0.6502485878273708,-1.392566103000328
-0.5977185256087102,2.4934360118528236,-1.4202047310427732
-0.6037094241348343,0.7899351490935911,-1.3912170848674505
-0.6032544227243724,0.9001737029238683,-1.40816387653147
-0.6135153499291086,-2.0587550890835113,-1.4040632084775513
-0.603666408181375,0.8818553920876433,-1.4394541517001023
-0.6053274237650121,0.29067445522721375,-1.4803726784683697
-0.6096981872146178,-0.9543220581819126,-1.2928867320649668
-0.6031333551044284,0.9715914961526421,-1.4305311918739063
-0.6056180868104318,0.1424869412078654,-1.4141320626415568
-0.6016430306027605,1.3649500376814732,-1.4278587275256127
-0.6029121876962505,1.1147982173705993,-1.4235545115017811
-0.6090865210252708,-0.7297523283874608,-1.4405036873921901
-0.6130588571175606,-1.9855435772903365,-1.3235761354045066
-0.6000057037559619,1.8131438017968307,-1.3692446325834267
-0.6092936709362772,-0.787720434694497,-1.3895054550904005
-0.6041870141913831,0.5363306029460009,-1.44291998518748
-0.6117445955236257,-1.4693110540743797,-1.3587574804258873
-0.6050793036293878,0.3926572633102656,-1.4203356487029162
-0.6099554139448049,-0.9163447130921363,-1.337009234788726
-0.5986734909899686,2.1347804133634085,-1.401713753046079
-0.607862714479026,-0.442420030601085,-1.379505264896173
-0.6046425847801866,0.39556070872041404,-1.3631579411154504
-0.5978694726623301,2.3522307357795404,-1.3973865865499193
-0.6080203162587368,-0.6074898024012918,-1.3897976498120814
-0.6034160506041734,0.8100465189311163,-1.3859804812069227
-0.607807710505587,-0.32455543374292445,-1.3419106226911552
-0.6083877010196128,-0.6136641321610544,-1.3551586808520943
-0.6056994072998744,0.18513381083365368,-1.3902879297319002
-0.6072480515366869,-0.24354236887231134,-1.385853360658695
-0.60463668863208,0.4513963611995231,-1.444176710802846
-0.605903571610382,0.18249339232179426,-1.434387554970317
-0.6085336577448003,-0.7924910470954164,-1.4671354794358011
-0.6067924530475703,-0.10591747918916813,-1.3822214182864385
-0.6109242596338637,-1.508851433960249,-1.3698265679063588
-0.6044423657607256,0.5359375414359228,-1.5068968657383819
-0.6073699449725845,-0.26916475454838523,-1.4618205933606145
-0.6090862790387491,-0.7176387708864559,-1.35606574192624
-0.6041840672349162,0.7011218321106056,-1.4696343077297285
-0.605741081582296,0.23783439683253232,-1.4384949034092718
-0.6001034860365762,1.8312146629727803,-1.4792703017326245
-0.6094710247797088,-0.9334053720764849,-1.3377694854195277
-0.604958996403012,0.2893263905259285,-1.3316991275995926
-0.6022195239769351,1.3264363262486285,-1.440385694503988
-0.6095202977025843,-0.9680300228349797,-1.4538813190187845
-0.6072603230854616,-0.13982246008966678,-1.4645444847883369
-0.6014942394807893,1.4705026310389828,-1.4645811543150002
-0.6126883228533805,-1.66638505899288,-1.3695029579315854
-0.608400428595114,-0.5691145190461677,-1.4398574618371511
-0.6067873393020196,-0.1913113351232283,-1.3926615286132684
-0.6067950502335694,-0.1790276758568232,-1.3852478649862685
-0.6091538145471523,-0.7875341752181287,-1.3643060278044494
-0.6120941591295154,-1.6829060063572923,-1.3724453802507044
-0.6068384804511947,-0.37383800559666863,-1.2899155403395384
-0.6080032559077468,-0.4481416688151997,-1.5022852820098436
-0.6063408669334348,-0.011536302744771893,-1.4018100734679697
-0.5985097608459226,2.2429543475539093,-1.4339610173751274
-0.6095162546303804,-0.979355458383313,-1.368548553188099
-0.6031120826119352,0.9174872986534134,-1.3646911975876004
-0.611445017629752,-1.5590602407112901,-1.3945878719975497
-0.6051574082780966,0.3970563432110166,-1.4356588758395856
-0.6078152996634304,-0.28687874699712784,-1.4107035494592848
-0.6054864140039895,0.30773044227153185,-1.4753571082777366
-0.6056884567548865,0.25435804313004773,-1.4026690676024216
-0.606741353303289,-0.15849983291708197,-1.3350437592669016
-0.6127067256379729,-1.9244783558725156,-1.4786184384766814
-0.6072628128000548,-0.2684478046928248,-1.4272399821102284
-0.599469870855265,2.0527606765452946,-1.4508642353303505
-0.6069948154160668,-0.10535116860534055,-1.4052882961967164
-0.6102975535202907,-1.1283923515239738,-1.503386620669276
-0.6013356663173546,1.3497635504518362,-1.3410230230382953
-0.6090104792819766,-0.6617565427431908,-1.422037529718384
-0.6116834775553186,-1.4835304382725172,-1.411265675883688
-0.6117721530412004,-1.5986236223620178,-1.4712811507669916
-0.6055070408701475,0.362480835971777,-1.447507815342077
-0.6056744420563761,0.22102015559167992,-1.4187858272020877
-0.6039954781641474,0.632451148104682,-1.4072814244270233
-0.6048853753809708,0.5062082820833864,-1.4413920626070307
-0.603853596360755,0.6816547172043387,-1.3841774719038766
-0.6028643307453755,0.9721680280615261,-1.4030571642499963
-0.6031998003602914,1.0404209880678328,-1.4655145837867325
-0.6083353052981463,-0.585702108816726,-1.3847423521365458
-0.6025272153036406,1.0408800088501902,-1.447462600436798
-0.6097732158299958,-1.059100443544216,-1.4700064477004025
-0.6040173437926943,0.67790153111496,-1.412865133130599
-0.6049160019183857,0.39721287722769316,-1.379599543776514
-0.6069850172587675,-0.15926976015707803,-1.4251322164740312
-0.6060802662045899,0.14638288918050107,-1.4588078069520398
-0.6051767277978409,0.41519178282193014,-1.469805813780559
-0.6032174365381497,1.0041720153572722,-1.4350493022224051
-0.6122476089910762,-1.7558242813592957,-1.450843502988917
-0.6042758748235523,0.6844537666674781,-1.4444041010674644
-0.6120297949926714,-1.7681115187925396,-1.3885446477499461
-0.6015591815823983,1.391357946035446,-1.4281446512741984
-0.6040161017333134,0.7555977702125325,-1.4216863675165303
-0.6040606668596588,0.5064982418579674,-1.3633089239027558
-0.604191005515829,0.6623606834067292,-1.4321959356136722
-0.5994861813437011,1.919333802013533,-1.455379215894863
-0.6065796688066778,-0.12019547674662606,-1.4118521937113508
-0.6014469188897013,1.4277957395600418,-1.4544659266980784
-0.6056838733483842,0.27145721730068284,-1.3858953200720205
-0.6089899271168796,-0.8917463708664766,-1.405723986539667
-0.6113442145505378,-1.5576736443487345,-1.4579679752880945
-0.6072819381466461,-0.2982751364948065,-1.388617889889258
-0.6129641737788506,-1.9302774401735852,-1.3338766973275944
-0.6058976127038675,0.07374006673562294,-1.3645732002025701
-0.6085824832212046,-0.6254985983943699,-1.3841702291592846
-0.6057071847466844,0.1850769233389644,-1.369159954080471
-0.6112437693788131,-1.2726834982428994,-1.376848185419487
-0.6082727189338514,-0.6284277765551574,-1.4900293473311723
-0.6105411045746203,-1.147827507795357,-1.3639493384876535
-0.6055146868319632,0.06053415568056751,-1.3091098871755749
-0.6082034418789749,-0.5309140428499898,-1.3438091534563383
-0.6113752427950285,-1.505585058850441,-1.3064594860146712
-0.6002222715949564,1.7070396159308916,-1.4277437755381706
-0.604775011885298,0.4298366678232344,-1.542433505123797
-0.6109639219894919,-1.2910252120177013,-1.2972478141064168
-0.6048711858542984,0.44803197817505613,-1.4199491004484572
-0.609806279688323,-1.0581543561202096,-1.365318757115591
-0.6067468203291676,-0.2638234741893894,-1.4518695276083629
-0.6114096276228211,-1.5261455758551281,-1.3743488771851256
-0.6018669161650518,1.2207586898004439,-1.4506887906151005
-0.603143943906317,1.0077643861528327,-1.433699576529696
-0.6061443040343515,0.14824653398614449,-1.416783043245606
-0.6033054463251659,0.8926456824831832,-1.4322275245910685
-0.6019082419948807,1.1853286964070315,-1.4001188417634676
-0.608044011416658,-0.3592194031604761,-1.449485881461166
-0.6027572472101159,1.1313369304696685,-1.4546060770847633
-0.6053927180520065,0.18491968423364386,-1.3626748768899144
-0.6065787955153698,0.002491842368004912,-1.4903043025098983
-0.6045233636573326,0.6126411231828578,-1.447022536775521
-0.6038623769835532,0.7833775257369322,-1.4446362875160037
-0.6040972595831795,0.6327972439803349,-1.3688928595423948
-0.6085711345914137,-0.6632953110720339,-1.356825977719242
-0.6087054707548234,-0.6446648432324682,-1.3962781695862392
-0.6062073057130353,0.1296979916776754,-1.4072165363995275
-0.6045901245368919,0.5419147141678853,-1.4522937908409446
-0.6027856459129839,0.9886910864322328,-1.3666954499520192
-0.609005124635046,-0.8585866925541087,-1.453708964933492
-0.6095458652041942,-0.9810163700953293,-1.4834262257006952
-0.6106410616898534,-1.275596778574484,-1.3832270793575532
-0.6060888279508471,0.16621797126301027,-1.4320042713466674
-0.6028906047424762,0.9533619249513127,-1.4142117375050662
-0.6110508442386948,-1.4862191041311574,-1.3839110316050922
-0.6058148269445816,0.11443361701095095,-1.3871239977440764
-0.6023044044709954,1.2392253712448948,-1.4413628997546761
-0.6078658478446443,-0.6055601280867017,-1.4202268340371336
-0.6076742588431057,-0.4614536114018426,-1.4452426296084697
-0.6101090387983361,-1.0788095680546812,-1.3991234343303065
-0.6059627974897027,0.16223017855345587,-1.4222926758603798
-0.6057537148264477,0.2738860655975839,-1.415854988899419
-0.6053641582051946,0.30706364103125094,-1.468661123299488
-0.607177893788187,-0.17441082988629894,-1.3853445392205297
-0.6116315962914587,-1.5745036457662849,-1.4715659337771245
-0.6025841243695887,1.0218581128287387,-1.354119530736228
-0.6126607718529583,-2.117224486378114,-1.4036249149089437
-0.6045681334541437,0.3895242342439814,-1.463586009461632
-0.6086651744403372,-0.6752391869943611,-1.3732339495121324
-0.6075070969483309,-0.24902032279258668,-1.3555630971455157
-0.6014108214518585,1.5077868415076068,-1.4434151614490756
-0.6073693887059081,-0.31589328323968796,-1.3832151288686458
-0.6001697145119209,1.735966974914968,-1.3907794886936948
-0.6058454710059434,-0.11757868682206046,-1.3410250204477254
-0.6049508234473525,0.451513457034202,-1.4413130350627628
-0.6058971643160956,0.13096793465061204,-1.355158552509391
-0.6105135527750727,-1.3800273665351568,-1.3763356362363288
-0.6051817000865093,0.4166615715762246,-1.4181898605553545
-0.6076750929953709,-0.3191195507276227,-1.4503916734253814
-0.6039510620043474,0.6495207735367267,-1.424310464947427
-0.6106486000569579,-1.3477339066564964,-1.4947153709929886
-0.6073194039248905,-0.36968526184896916,-1.319719060878141
-0.6051198711185889,0.45123447574485587,-1.4292010887195723
-0.6091698920233002,-1.021562055752197,-1.3789137983025666
-0.6052642024255976,0.3101227758407566,-1.3660452025337335
-0.6113804790943543,-1.4049258816107104,-1.3968721662914305
-0.6093404613861919,-0.7002658969323411,-1.4566552361841363
-0.6081941093634261,-0.5516134361709023,-1.368184477789605
-0.6062568271883985,0.021209363606131015,-1.4853888483393765
-0.6021887636289113,1.1329066804268093,-1.4289784990467467
-0.6049331859370336,0.4665420208550133,-1.401062041721294
-0.6125417143413198,-1.83468081202159,-1.4306643067410827
-0.6028427116037124,1.1313473640740144,-1.4441723326776335
-0.6014161882822349,1.543458000130546,-1.4739884947654724
-0.6097281298802446,-0.9696350682714787,-1.306991504673337
-0.6004057650380072,1.7400905091813492,-1.4940936588505411
-0.6035433248413009,0.6667852204461544,-1.4450980397911084
-0.6021143013786926,1.2042431798117204,-1.4078237037041792
-0.6116475132477337,-1.605291483094213,-1.4322840316729994
-0.5980355676926019,2.275050065066514,-1.3637854330529005
-0.6062962293026012,0.053102526442232054,-1.411393701389959
-0.608783475088301,-0.8201722230517947,-1.4652581262905793
-0.6050163803603188,0.4339524488234907,-1.3990760662407262
-0.5986917029463923,2.270903339146331,-1.4469718558473774
-0.5979145288131845,2.1017640833781153,-1.3653872357959047
-0.6054862226449695,0.18383073941862535,-1.378589924461958
-0.6028202801275655,1.0259312838982795,-1.4417932614610092
-0.6088045616896444,-0.692193334436078,-1.350602886275265
-0.6130826310153576,-1.9873133452452965,-1.4804191756906286
-0.6089353687655296,-0.7498935934539417,-1.4820652279424489
-0.6032072480469691,0.8639016178292773,-1.420463307873261
-0.6064789428706028,-0.12294365518944962,-1.3034930139095737
-0.6054470334637554,0.2505844480031654,-1.3829621121837323
-0.6104144798277219,-1.1753362710807822,-1.3909828922536425
-0.6107455483271895,-1.4239948350963818,-1.383281896099669
-0.6069683674424295,-0.17819447883619952,-1.3713720750773466
-0.6038280192372767,0.651334380581488,-1.3665501239946947
-0.6106969257920605,-1.2714515495989596,-1.440373589421388
-0.6050968765724466,0.37900015908663476,-1.4792241256780554
-0.6025242317901421,1.079162745820306,-1.3902626806361094
-0.6094448132131806,-0.9165818064683869,-1.310187538696895
-0.6023878273819908,1.0251459780360657,-1.4700126204852408
-0.6075413260796217,-0.28650959143624855,-1.4144479552673832
-0.6091781001305889,-0.7874379116497703,-1.4315194502108208
-0.612330168333928,-1.5617355086127302,-1.4277022775668904
-0.6058751507071428,0.1827177910987104,-1.432596906737003
-0.603796861315618,0.6981671787316056,-1.3744419044135325
-0.6038007064739204,0.7572994597812135,-1.3818443015762973
-0.6054910421471071,0.28982311406006334,-1.4162397221147973
-0.6064266095214074,-0.1622249855015114,-1.4514239246927798
-0.604032787575019,0.5060273449142707,-1.3965872311792895
-0.6076912465860382,-0.5775227793570198,-1.499462222885754
-0.6094590689612985,-0.8785490281209243,-1.4402754985687358
-0.6065357392714029,0.057683911737217264,-1.4511948601231874
-0.6114779583891226,-1.5791493843277988,-1.5089881950596793
-0.6040157266370298,0.8278235483754994,-1.4261492226376655
-0.6031717899614091,0.7868152857047473,-1.4002716556443309
-0.601404046201755,1.4116953581814053,-1.3831683482842336
-0.605005101659255,0.397431461170513,-1.375620970516345
-0.6110239296610378,-1.4311229436582062,-1.3467302889652113
-0.6120731866268442,-1.7379922560404721,-1.4573551827936042
-0.602534066829827,1.1680262670116024,-1.4567380875922429
-0.6068032287288769,-0.16156364086602548,-1.4104329696439786
-0.6097820725989587,-1.1773082393798828,-1.4504168929350885
-0.6057478211025583,0.2187183315681448,-1.4733586494051976
-0.6120513523595147,-1.6673914929688507,-1.4512617159004222
-0.6116618513233857,-1.6866205316184653,-1.4018586727038274
-0.6010808789852008,1.5956592740710063,-1.5000978978867126
-0.6088046626037666,-0.6967797768365005,-1.4236712486552918
-0.6062438762582659,-0.0013515061553608428,-1.3475298156487665
-0.6046962542215896,0.5051513931279915,-1.4730066365772068
-0.6088884796335939,-0.7114395016641194,-1.3703573302075756
-0.6063878230784355,0.07075796048115834,-1.3603886230308186
-0.6095784870121798,-0.8393605665257137,-1.4807136264358103
-0.6055287425148743,0.14514247467161515,-1.419607006553474
-0.6050833627004077,0.25887717538491645,-1.3108974992442246
-0.610356472444665,-1.0646162432266884,-1.3803155545684995
-0.6033265440177912,0.7956987178432857,-1.4101499494143865
-0.6071247694298677,-0.2146113449219462,-1.3618431055301379
-0.6069468571595589,-0.19993134919939054,-1.3594017632708786
-0.6057663877534643,0.14817716926124713,-1.3765682174726133
-0.6065699225719495,0.039366596990304814,-1.4375561702287813
-0.602644673172774,1.0022845363971904,-1.3894657411949176
-0.6091789325998814,-0.7714966479071358,-1.4364712818926022
-0.611324614910969,-1.4490212693693865,-1.3415842726291756
-0.6094925762507213,-0.7724803872833137,-1.4130035512455434
-0.6089470525713593,-0.847327046540996,-1.4682522683545096
-0.601055089255558,1.3246172176984445,-1.418224955221891
-0.6062193059646752,-0.013174008115783148,-1.424644351858242
-0.608777644796394,-0.5984528504513202,-1.3520550087304137
-0.6009277964215168,1.6859923198274847,-1.435654988204524
-0.6125621865653597,-1.723800491609068,-1.3235363035171916
-0.6044996639388593,0.3977804809652493,-1.5167019800513848
-0.6071804555423027,-0.30024108698554514,-1.4153704840002164
-0.6097262970242253,-0.9699535134706134,-1.4407992834727132
-0.604391320068569,0.4846580736588429,-1.3676745706665132
-0.606893246596357,-0.233150275642141,-1.3699118959493133
-0.6030050478367798,0.8979325428328525,-1.4509739368648584
-0.6101088533788998,-0.9935032699850896,-1.438931273561126
-0.6078123341389886,-0.2499306330296649,-1.3906198261173153
-0.6030307281393191,0.9157719636224495,-1.4311580042686194
-0.6098375228148586,-0.9986511934557976,-1.3927839157411115
-0.6114575030586362,-1.6832773007405752,-1.413297849533854
-0.6047340544984033,0.5027358340141106,-1.4294663447829723
-0.6057485706740203,0.14834130630561088,-1.3908009663828174
-0.6066700574297652,0.0006617135464646068,-1.391516764776507
-0.6102538236226508,-1.074413107599719,-1.4113528055698814
-0.6025777547783282,1.0792112990265421,-1.3843437173798576
-0.6089137356431228,-0.6673838916244127,-1.4094113037270026
-0.6125586671652339,-1.9530181684602728,-1.4813930498161103
-0.6060499377263363,0.023664956516753936,-1.3975240148826409
-0.6043615014746285,0.6118081378845915,-1.4811231264786673
-0.6028338719626538,1.060009492801178,-1.4713421972024492
-0.6051761591323848,0.21806731833250334,-1.4042263995157478
-0.5999236824852693,1.8665877127121933,-1.416441779582826
-0.6097517647432715,-0.9618662056394428,-1.394424898031193
-0.6039673081330561,0.6093906145888682,-1.3798073403638875
-0.6098759981894716,-1.0216821969865855,-1.3955763985858636
-0.6084126226942661,-0.6968704790425728,-1.4926207067620072
-0.6072932454117521,-0.2987444744672319,-1.3610632754411545
-0.6066023720360842,-0.050186367823374475,-1.4571274502651161
-0.6094149737132942,-0.7888029650964384,-1.4388005921075382
-0.6044315340841863,0.5902304790184122,-1.4207311204046171
-0.6086192977200554,-0.5912018771249792,-1.3937574408817295
-0.6056323844847982,0.2897532016747354,-1.3895215666967278
-0.6050110374262672,0.45246406808856093,-1.4204958486964705
-0.6075723298418543,-0.37606252188030087,-1.3765753184808096
-0.599741552623677,2.0211673686586678,-1.4679536764799788
-0.6083924001088892,-0.51925082318766,-1.4111288912081852
-0.6078173614306243,-0.4424218276422323,-1.4003144218555714
-0.6028806061623337,1.1422114930326601,-1.4582009081206466
-0.6087148293161324,-0.6404265624033048,-1.4376804464344584
-0.6083944530943335,-0.43614656567128696,-1.4204238731012817
-0.6020367033117784,1.381886161482745,-1.4529699729802446
-0.608786866123438,-0.7212003611261558,-1.3053169865363106
-0.6050177319419926,0.13399677568245344,-1.3367104300498183
-0.6064454733041278,0.040766615728225604,-1.3986988004905179
-0.6076874735145033,-0.286066729061067,-1.4581446817715005
-0.6051436124528927,0.4679787467449966,-1.410886556071701
-0.6057176037136583,0.1821717717952915,-1.4888766487782983
-0.6086042158940201,-0.7168415683696359,-1.339932279706163
-0.6087465994277089,-0.5570768589648922,-1.4001350202849323
-0.5997594822338344,1.8488999722584027,-1.4429445592019197
-0.611137699723777,-1.4711031657069413,-1.4531643794982712
-0.6042412328635426,0.5516879230539863,-1.4839519495267919
-0.6124331318286227,-1.8387086023621586,-1.3813600256372347
-0.6047764221414743,0.5399515965499165,-1.4311870063856111
-0.6054333133689027,0.3262761579379488,-1.4092137341652173
-0.6107569333899888,-1.3302088284042488,-1.5202612881694104
-0.6048829781817323,0.4512485780501752,-1.489741477361228
-0.6026820052729895,1.079110413370138,-1.4126403375437637
-0.605515646380265,0.32638312017324667,-1.4354376664558195
-0.603572710768477,0.7557184901225614,-1.334568465305691
-0.6069242829377515,-0.07600518598701964,-1.4841582946512741
-0.6051784579072971,0.3428611186784779,-1.470793796206707
-0.6047631158913616,0.5205546466147273,-1.414724639856267
-0.6113319669251043,-1.3156293993260213,-1.4238982373499445
-0.6059751224574184,0.11189837462666344,-1.3848498586507478
-0.6065015030387247,-0.03196490875203212,-1.4455490305308518
-0.6116721334835317,-1.6505903472560743,-1.420945683500837
-0.6005992207753141,1.669311168550899,-1.4466011807301398
-0.6032180761522731,0.8931725912973704,-1.497538292544819
-0.606895650675409,-0.3948353917866761,-1.384404030292304
-0.6003624172880286,1.5978543769273466,-1.445196000525156
-0.6037097397334054,0.7025563828110318,-1.4069660191993523
-0.6009605291811897,1.579335273818384,-1.4154910726762175
-0.6050882633219139,0.2897467344458722,-1.3462106423886713
-0.6058520530007158,0.17939613746624097,-1.3717957855615952
-0.603283613452151,0.8463311835650211,-1.3648593999952674
-0.6074592386814285,-0.36775511716581677,-1.4692686867471032
-0.6022721167144897,1.309086666676793,-1.4637624337167368
-0.6077555785780429,-0.2692126085786568,-1.371220178005478
-0.608712618025454,-0.7321167418649993,-1.2964117926510124
-0.6018834000063411,1.2587560058954466,-1.4569730311520894
-0.6076194219687737,-0.3553492780744523,-1.4394097903969996
-0.6044874086500138,0.541263583040215,-1.4771528573831834
-0.604396879318607,0.6489656868119839,-1.4591757646557484
-0.6096694279776084,-1.0343382564491141,-1.4069321523930907
-0.6046872158851254,0.541356852849904,-1.417611948764394
-0.6060733389247426,0.12962161978689493,-1.4365601635629632
-0.6055462282116978,0.21945844945076584,-1.4495484565314587
-0.6057910326840992,0.18397418235845167,-1.4109204233177557
-0.6112575088321069,-1.3794346051266209,-1.3246946610991024
-0.6064047390747939,-0.04902504309082335,-1.371157999778397
-0.6116467864594676,-1.5274877190813765,-1.324949912855187
-0.6128403075525933,-1.918604570177812,-1.4849185580903284
-0.6069232746508738,-0.11924046361988178,-1.3955409257409066
-0.6090677825294463,-0.7298724432712875,-1.4228501912722824
-0.6121582113284529,-1.6505483584551932,-1.2910660588768426
-0.6021035764970122,1.1866850657275179,-1.405345542395372
-0.6087680049427515,-0.6078836560355819,-1.3742176642605828
-0.6022508961646157,1.040551231885921,-1.3664710715827282
-0.6041373708599952,0.5956515611813691,-1.4130038604978847
-0.6073149542013818,-0.2496297769933813,-1.4124567745710321
-0.603396870487397,0.8276544017908855,-1.4143860088628204
-0.603919079304997,0.5967005968597221,-1.3592878307894334
-0.6078332424337402,-0.3881742117275056,-1.3555580697024887
-0.6106285031274108,-1.127034310173784,-1.4387967781416269
-0.5979289841887954,2.367609463165903,-1.4376478464303026
-0.606818991262636,-0.12635742342237063,-1.4920374461073553
-0.6038921183364824,0.695646171523213,-1.4569412318127724
-0.6066402235480122,-0.1616284287665521,-1.3752093383947297
-0.6077448857392022,-0.3940488443414672,-1.4154998271505213
-0.6058558027060013,0.1448398739589358,-1.3631450536425476
-0.6053064970725037,0.27437165627187593,-1.4677591743707086
-0.6050549968314495,0.4003805266233541,-1.3817728775210938
-0.6079739691749565,-0.40708029565063125,-1.420800388198717
-0.6009440694626573,1.508911235174181,-1.458724059453188
-0.6083553200328283,-0.567949335485418,-1.3905502755554082
-0.6016109296731932,1.4001460581032845,-1.4664208006742736
-0.6016065306183895,1.365016100844628,-1.434382214837832
-0.6120081147856965,-1.6831064993105982,-1.4395883688444426
-0.6015393309692986,1.2924714337560534,-1.4436612431074412
-0.6097706582380389,-0.946365813392806,-1.3659071989250022
-0.6061760031256234,0.16420507225452888,-1.4528638331077979
-0.6019986429609407,1.3290993553715733,-1.4120456224216837
-0.6105071667068507,-1.342443967797497,-1.3915516545186053
-0.6064284572410894,0.05906627783041167,-1.4082709368606081
-0.6039741600310787,0.7044991649377896,-1.3878782252726243
-0.6086509199515592,-0.6469896104663101,-1.3375822540281395
-0.6085596586866745,-0.5419114268117301,-1.303641131184808
-0.61134291804778,-1.516143886689394,-1.3896765654018162
-0.6086175871354826,-0.7465119400800894,-1.3624894090565352
-0.6098393724098948,-1.0013017495068273,-1.3011247577495892
-0.6076964705586418,-0.3585262240557756,-1.343953683138268
-0.6075036089272527,-0.4072950046661422,-1.364071441745802
-0.6124754475056131,-1.7018217951336287,-1.4560388543225142
-0.6022265874798329,1.108343952157249,-1.4474208274457128
-0.6042543910698014,0.6796617519984282,-1.4244105524451505
-0.6066132892354372,0.0014133298946181038,-1.4328780113979067
-0.6074037393544951,-0.2474554055692543,-1.4472641360862297
-0.6064983553220997,0.0010855132261872306,-1.374339805380208
-0.6036490623116213,0.8633819086999731,-1.448331639232794
-0.6077608473645427,-0.2859560591705791,-1.4148723536632037
-0.609092148317958,-0.7125213665919444,-1.3750909512444704
-0.6064002397758212,0.07187780408133544,-1.3409972358376996
-0.6054059606101819,0.39454622548771223,-1.4512977843976091
-0.6079058508112172,-0.5196352597329551,-1.497402797387721
-0.6082693170218224,-0.44492769124395154,-1.4589345470851738
-0.6114257080928053,-1.4144096707177063,-1.3568866946692875
-0.6090131007853614,-0.6716838285443723,-1.4286358275403088
-0.608736848584883,-0.7532724158707784,-1.5110323448834422
-0.610739801794311,-1.355362386721714,-1.312972453207197
-0.6073862745036074,-0.30001380490091106,-1.4655655678869437
-0.6079456403661126,-0.37132136763569884,-1.3863706263587403
-0.6085294200299026,-0.5989830538890578,-1.417654390380697
-0.6023090322281187,1.2314019535973935,-1.4454929837567356
-0.6081218445632404,-0.30957027110715435,-1.4181449126119887
-0.6058827133419238,0.09344133319383807,-1.320106524715942
-0.6092890540097782,-0.8896976674179935,-1.3344373556511917
-0.601559944066915,1.4195528207597345,-1.4238601878526511
-0.605274241338588,0.20040510773443992,-1.4551423833869366
-0.6092713366296878,-0.9263592425022952,-1.4083158651353906
-0.6071267595810705,-0.28450581513965806,-1.496543444749605
-0.6027288427599083,1.0095324298934834,-1.3590708417722228
-0.6054877741867772,0.34072808571643437,-1.5354649102682738
-0.609064571140947,-0.8599910981387793,-1.42467461384545
-0.6073272158236935,-0.21000508131661522,-1.4088272610214978
-0.6081740510765407,-0.49632588397336036,-1.3983804169204959
-0.6037092305522316,0.8381831195028963,-1.4251223448667485
-0.6040194522781936,0.7861068479153351,-1.450426393716123
-0.6077673687394042,-0.35526659707184344,-1.4245813813787422
-0.5996564983418694,1.8479868185955077,-1.3989496847326464
-0.5986676242182424,2.08341801216099,-1.4051992752244826
-0.6021873999916657,1.2037411900074504,-1.427293053271853
-0.6059758826108055,0.09274154060726958,-1.4487215124696322
-0.5984370651936051,2.2561244971367462,-1.4902019343717166
-0.6061473371116545,0.05490274962426708,-1.3376294361112235
-0.6009597179504346,1.4904806151006358,-1.4475477876918286
-0.6083293755610557,-0.5328026679309541,-1.4136038751491187
-0.604097250655204,0.5791258091851622,-1.3600559722972594
-0.6053968932213791,0.2549407456348779,-1.3840932800087826
-0.611029983804324,-1.2898172257879192,-1.4197903302171284
-0.59882366858754,2.171874196672421,-1.4080026693884375
-0.6027202077481203,1.0610771085989226,-1.3904092109273287
-0.6129684572935971,-1.9344324383748706,-1.325370961813211
-0.6040329560504601,0.7920471057670888,-1.474029643204776
-0.6017585438200107,1.3630043735723782,-1.4264981776942942
-0.6043488712484029,0.4516049574973341,-1.4475684681145595
-0.6029483886051727,0.970980714845568,-1.3974600583103265
-0.6029678866031167,1.0784298240984265,-1.4398794404863846
-0.60736790306154,-0.21923856038524916,-1.3698212019678693
-0.6114161998893477,-1.3682249838742309,-1.3023940442490467
-0.6073036210721131,-0.23260057229886452,-1.4400116830616343
-0.6056479709174003,0.16481734205775198,-1.4270889104502429
-0.610798514525947,-1.3260061493450765,-1.5229285115881008
-0.6055081007843943,0.25573631820471815,-1.3904287387622631
-0.6081456091822048,-0.47922482764783175,-1.4177133204180066
-0.6081707589527787,-0.5344885222444296,-1.4828147166919543
-0.6098971689883758,-0.9290484803639498,-1.4004477627241412
-0.6043126251723412,0.5596166460226042,-1.4168633270932245
-0.6043333589554196,0.5609125433561368,-1.3771909437774823
-0.6039882584873189,0.5244073061386386,-1.3602813751519023
-0.6075383575933084,-0.3783400354471716,-1.2969244236746893
-0.6053584341937948,0.2899100290311051,-1.490553120916031
-0.6003678518906911,1.7227312198866538,-1.4236123510085057
-0.5992649677822834,2.0114511715050765,-1.4147515464393456
-0.6099867498164044,-1.1469513513045935,-1.437841211590557
-0.5997574291309449,1.9555987282144849,-1.4123458975496166
-0.5995604879205417,1.9556176423569747,-1.4316487230480195
-0.6020963272263928,1.3287003573484881,-1.4242789885401053
-0.6079025660819024,-0.4240263089664908,-1.3529333824292837
-0.6046994473393095,0.5551165173427796,-1.4259691693635366
-0.603910164712864,0.7903301626310845,-1.427472465730971
-0.6058378879644897,0.09248218610919831,-1.333951528382899
-0.6039795759512102,0.6100213153356131,-1.453850418253566
-0.5995777117093561,1.9900084715559865,-1.502522838180505
-0.6083523501042316,-0.5052267751741342,-1.4040458412040842
-0.6084864238880181,-0.7817349273217181,-1.4565553965887406
-0.6048024139447937,0.4492761305719601,-1.4701391311478973
-0.6079639598627777,-0.48224966318333773,-1.342004992458741
-0.6041334290380783,0.538617315608886,-1.4265318568854157
-0.6096186348444769,-1.0326417325002055,-1.4541243505480317
-0.6029683980895872,1.0443611904514185,-1.4017859261482999
-0.6024598990957303,0.9730886913876677,-1.329513333570554
-0.5999706434964548,1.9714411838757002,-1.4554933927160267
-0.6086363009155544,-0.6079366045753672,-1.45883555604844
-0.6005244717113688,1.63472074803605,-1.4321392115285445
-0.6053530908359575,0.2389830024415078,-1.3805010699709113
-0.6082825124308997,-0.5560320751544302,-1.3405762144474638
-0.6087496358252794,-0.701268781568578,-1.546150648649853
-0.6059527918643817,0.10928326760617274,-1.3844631378156698
-0.6043335316912442,0.4462684737637668,-1.3345498586166218
-0.6047223850169676,0.5424815686855272,-1.4372354952385675
-0.6073911945130173,-0.19314777308816852,-1.42966464255912
-0.6039283085185313,0.7915869737747618,-1.4353187786079462
-0.6067005295755364,-0.3517208175148387,-1.4481304524717096
-0.6032305982735074,0.9714792594262952,-1.4323150247234329
-0.6101213983981157,-1.178443813284487,-1.424659612209145
-0.6031412450779037,1.025725000483209,-1.434342968716386
-0.607492460562361,-0.35613599879618835,-1.3554920366582632
-0.6035304874892561,0.8456222508674746,-1.4179743539259508
-0.6115462570570346,-1.5111671697030307,-1.4639838822792137
-0.6036368303944529,0.7382755486828863,-1.3915397050443696
-0.6041693427409864,0.7568573029473716,-1.4411459161768116
-0.6052834801138683,0.4159912158476869,-1.4185859432872525
-0.6059596206981093,0.16552904379374364,-1.4228965046990005
-0.6054161897951372,0.21895066074960595,-1.4002618620646863
-0.6036506018599286,0.8637730720036022,-1.429354239023787
-0.59982783105022,1.8844025280242247,-1.4045428702689444
-0.6067630135440396,-0.15844293358220016,-1.3500861555567119
-0.6041132878630028,0.686817479180524,-1.4447202811453754
-0.6100869005578231,-1.0248506373481439,-1.354451050773364
-0.6042431129516465,0.7036697489048059,-1.438884766324342
-0.6110744174392414,-1.3953812738761788,-1.3627704590333831
-0.6111959747508465,-1.468917234695547,-1.4584103678481837
-0.6029417222057819,0.9536283040191008,-1.4372223824963857
-0.6023852607446787,1.1125867461866479,-1.389485849218706
-0.6069197573756064,-0.1212635724108533,-1.4125436844493073
-0.608463901002567,-0.8164462588850014,-1.4083861642972797
-0.6071490937220754,-0.08777900925440021,-1.4344493937675478
-0.6126382580943611,-1.7063477954612272,-1.3517330618652903
-0.6057022185030735,0.22088679520302174,-1.3813890159136861
-0.6037261755787583,0.650789106111704,-1.3559604535776217
-0.6084270570572756,-0.5895699799971894,-1.3567242702716205
-0.6130636602970749,-1.8930524846276913,-1.3235259235107395
-0.6101234151111266,-1.0249086364507494,-1.300814010490464
-0.6056956817156314,0.2910805100514395,-1.441286096016784
-0.6059267961334922,0.12962034537116712,-1.39162967618517
-0.6105625940889856,-1.1837118458218674,-1.3688987392823018
-0.6027135452883968,1.0073157067215068,-1.4160200895876356
-0.6062918572680652,-0.01220776000219449,-1.4136024736788577
-0.6046646223205407,0.5776204319718992,-1.4241511065072239
-0.6068105418899841,-0.0840213054997702,-1.4171749849849598
-0.608330885584436,-0.5334801094892226,-1.4437490941584648
-0.612140159129297,-1.5803387444246828,-1.3554667333455068
-0.6099465079946416,-1.0808850877016187,-1.4336502278548036
-0.6023751503560186,1.0851270207506984,-1.4528566868280586
-0.6070592871271208,-0.10590111922567759,-1.3608362021405018
-0.6085767785382441,-0.5379251559800426,-1.4584713598694639
-0.6090745705441657,-0.7779959980438791,-1.3571999466400908
-0.6099769472821747,-1.0761060605805222,-1.4595271237186034
-0.6057817150560179,0.1298918716488852,-1.450786450884166
-0.6080545845593143,-0.5495659271224193,-1.3598561845372477
-0.6070992193155493,-0.2502617240708501,-1.3740342783469919
-0.608377366404227,-0.5531623275171726,-1.3664553649098212
-0.6064073489397158,-0.04732851470190259,-1.3604108994031259
-0.606045558024574,0.1836197274741009,-1.4531558038686305
-0.6093482159459781,-0.8757870080325905,-1.3708108071314364
-0.6088533301028485,-0.7333832482261716,-1.4553794483537734
-0.60351702365107,0.8447021392538435,-1.472400614614853
-0.6081638823836049,-0.4988772696855871,-1.4461107593423663
-0.6064069010453642,-0.11057233353940596,-1.5179400590031489
-0.6020049394751934,1.3649096709331534,-1.4645468814938738
-0.6016784151072757,1.4716733321510345,-1.4720497350981292
-0.6096994492738458,-0.964420378434297,-1.3480564008230573
-0.6101513591157176,-1.1863194475019778,-1.4759003917101396
-0.6067754939711937,-0.12557646040660517,-1.3547770679856812
-0.6104025497325507,-1.248625804072079,-1.3447691102234913
-0.6071362645899347,-0.39451091047612635,-1.4454547783259049
-0.5981765579219355,2.257035560381761,-1.395695161840764
-0.6057856080180558,0.004125534947291328,-1.4776570908381434
-0.6069205953654284,-0.08471424109848531,-1.4314370131504917
-0.6048989790547333,0.46882138554901137,-1.4612351680595204
-0.6107811675624962,-1.3222974723793743,-1.5012815441631107
-0.6051443216183033,0.5521254294603758,-1.4158504502692117
-0.5979357240307329,2.455594949089506,-1.4860599849280227
-0.6106148029843875,-1.3731888914705621,-1.3767596372437854
-0.6099046391897716,-0.9855667101968049,-1.3682869480416355
-0.601829094286112,1.324806364217261,-1.4385403059233988
-0.6026914671438438,1.0955701146244128,-1.4898690059105049
-0.6113960249748237,-1.260367377372491,-1.3991808832703705
-0.6078849781401103,-0.27711841091482015,-1.4009911249737654
-0.6058964091421739,0.09271703725871944,-1.4534410006684964
-0.6121670141714477,-1.7396768565633611,-1.2785190085694742
-0.6062747876498676,0.11150917845994804,-1.4668920067619078
-0.6084319176275653,-0.6425415408323598,-1.307503792708752
-0.6055746554315038,0.2565511262802202,-1.4048281517363614
-0.5978243286559327,2.3485461194661497,-1.499265495645476
-0.6040036530527566,0.7193850623480268,-1.492304165529809
-0.5996222143142993,1.7890530171352257,-1.4364119648036877
-0.610132307215447,-1.3204844890640806,-1.401659032418809
-0.6051099750165427,0.38910097516424696,-1.384100446759489
-0.6037918232210711,0.7544614786870563,-1.4771600130808185
-0.6077706110033269,-0.32529888791921435,-1.370796316805924
-0.6051821827372329,0.32764986343600905,-1.383436707097578
-0.604049299592873,0.7212562746050574,-1.4419404006068797
-0.6058347391739948,0.27252030122121834,-1.453730605011543
-0.6063648736773058,0.05371294179059387,-1.4323010323043488
-0.6104042336664404,-1.143236712184659,-1.4079668072842324
-0.6021147238241653,1.1678371821362292,-1.4770162106354239
-0.6044745324122571,0.46553056580399893,-1.3640819805190634
-0.6056594586805801,0.18038129672187417,-1.378456581776311
-0.6106021329040088,-1.0417577163525167,-1.4280097241626535
-0.6053933719179767,0.41581817202907634,-1.443911424729043
-0.6052274616800442,0.45146078081122254,-1.4398673266972777
-0.6055747871503457,0.16590079693938892,-1.4139512267842116
-0.6042829131625282,0.6108959714003525,-1.4379685755938074
-0.6055021329379796,0.09567437669499469,-1.4578432519410571
-0.6089605919798382,-0.7671217380171181,-1.4309403590087602
-0.5988552697407827,2.0599270007018737,-1.41547135909762
-0.6064073983686354,0.037205764441949944,-1.3451647569128657
-0.602873760550383,1.0961710419995123,-1.4593992051013722
-0.6070652150411184,-0.10341976554154642,-1.4250601731307655
-0.599825434366196,1.885158716401904,-1.394468614450216
-0.6031845248113135,0.8652345865738507,-1.3697452729023956
-0.6076136211802181,-0.30065497077158165,-1.4530113781960834
-0.6074431154929455,-0.250466987572638,-1.4095454519795236
-0.6040921189190869,0.7213562213776168,-1.430693607920594
-0.6043670743499343,0.5766641320005302,-1.4438171585129222
-0.6083527026173405,-0.5397805111184031,-1.470835183727499
-0.6034247902992702,0.9178175463545879,-1.4363120937314877
-0.6069499555272198,-0.08740658511619795,-1.4294229194012626
-0.608356480650125,-0.6745601901100124,-1.258534676718282
-0.6069745223908259,-0.2831934544368883,-1.471470955490935
-0.6125436367561391,-1.8128519570575177,-1.4245147402632425
-0.6124464481944177,-1.9394851821980543,-1.3700563763843503
-0.611530040582961,-1.4493956153113055,-1.391573229935268
-0.6032650843707217,0.7184524588839543,-1.3839233223836105
-0.6110803527343153,-1.5087149119663685,-1.3426227122354504
-0.6082755157716557,-0.6918743771903066,-1.336609591013404
-0.6078536575884126,-0.419225983351768,-1.3788563333308692
-0.6094522541890405,-0.9343726836730674,-1.338674643197151
-0.6067559177307357,-0.1412625610071297,-1.4301714900317644
-0.6040195876744728,0.7156211507972906,-1.442630454057848
-0.6022571845901753,1.2016859257529766,-1.5188788220206169
-0.6073739347678869,-0.2375160385660887,-1.4734575786099506
-0.603346751222133,0.9522715711058766,-1.4431480739911489
-0.6062289408012556,0.07606999796298698,-1.4648408351297306
-0.6048885743139026,0.5402068649238644,-1.4608871054840862
-0.6049399627455647,0.48779444367716196,-1.462423867030205
-0.6011845241826351,1.5076837760638437,-1.414548336308619
-0.6018606712466723,1.2754782795770514,-1.3889385634410865
-0.6106356875177514,-1.3190492555253055,-1.3723133735718283
-0.6056949298652808,0.2909386082778398,-1.4384205047269203
-0.6087343442858903,-0.8055470870923611,-1.383984709006189
-0.6077760615469391,-0.443972687595191,-1.388466238004745
-0.5976805453045619,2.4759978448762725,-1.419768946705873
-0.6095491873463812,-0.8670876053990522,-1.3780394372519442
-0.6084417120832734,-0.628542233816061,-1.4519049343395956
-0.6015550356525267,1.3825189733235212,-1.399867355393597
-0.6100589135227523,-1.1120190594538346,-1.3599255821833756
-0.6040793239406902,0.6098442972024481,-1.3505716104479761
-0.6029589114448909,0.7412107846472704,-1.3938809390060587
-0.6055387626113304,0.12147459857877883,-1.448067713422545
-0.6027418696126295,0.9531605276838266,-1.4372339242885246
-0.6035419481941107,0.863821565820202,-1.4435248049643574
-0.6098835696007684,-0.9658606725232043,-1.4039711526048453
-0.6083911344805624,-0.6784286360574856,-1.5184474829959436
-0.6097978014633112,-1.1897592091508702,-1.3801730353145418
-0.6107422084608736,-1.3057351498267298,-1.3331784489184044
-0.6066898932131252,-0.014506172245176025,-1.4294872231372466
-0.6113347404676657,-1.5045815592228269,-1.4202280832653593
-0.6049140370722847,0.4697623883366265,-1.4626315551090983
-0.6043976700956122,0.5037652885687341,-1.4518164691902307
-0.6084095329715603,-0.5891707218325143,-1.349204496096735
-0.6011494809329169,1.4562025201482371,-1.397936220336747
-0.6124537056637555,-1.901537114370923,-1.4544633418946735
-0.6066670212501316,-0.17516918181291605,-1.472393253956602
-0.6074176728475248,-0.26878437669580574,-1.447614550339434
-0.6088735097045459,-0.7649420441960928,-1.3588638197122358
-0.6043476656189978,0.5022063561979869,-1.3616414288191452
-0.606164503120714,0.08951252484567217,-1.437428536861815
-0.6031591331741473,0.8454311672841935,-1.4173910349002827
-0.6112042216258556,-1.5917299085730645,-1.3732238055630135
-0.6055166987124434,0.30990720097747515,-1.4307905390100824
-0.6102156554513914,-1.1087636742118705,-1.4823539261068954
-0.6009048855746064,1.527033834930921,-1.4326089082488982
-0.607453515300374,-0.32448275810483307,-1.350354531358584
-0.6064732394901244,-0.06496424997045606,-1.3500740086004916
-0.6083842906305033,-0.5689773255883216,-1.4345183995267405
-0.6081696264984209,-0.6182204686003184,-1.3123992756368124
-0.6047835946790062,0.4134967703173548,-1.386243758554832
-0.6073844739019443,-0.17938276271235823,-1.4583174642396712
-0.6059134956967033,0.008096723638169545,-1.353584224649521
-0.6034620339999179,0.7931683224775634,-1.3817181300114452
-0.6014830284107414,1.329416988782044,-1.3791906849925766
-0.6001390487382235,1.754152926033267,-1.380709811058676
-0.6041849588391721,0.7563284981814479,-1.4424039907253
-0.61348835673059,-2.0264535785869224,-1.3008151233199863
-0.59983814551618,1.830612584109182,-1.5028933432492975
-0.6112207109662012,-1.2767960991558716,-1.3595820324707375
-0.6068741867343719,-0.06567511784903728,-1.3969981696671954
-0.6130930574185278,-2.0461140689009096,-1.4405916607438591
-0.6028828984601201,0.9722472876579297,-1.4242195126147525
-0.6105204266838501,-1.1856748526901764,-1.3513624252933802
-0.6100299848326914,-1.1608948618204995,-1.3255613301357276
-0.6052827348649586,0.2805984493393469,-1.4346641385414864
-0.6062882520161867,-0.017171031154692908,-1.383760497360592
-0.6057043556454783,0.2738366266171889,-1.4354833268256735
-0.6079911094586121,-0.573300323592104,-1.4669555124451819
-0.6065569267292814,-0.10218805684654907,-1.3683386084867595
-0.6051041752656628,0.21877411029259514,-1.465945535440209
-0.602275032748904,1.22034724883983,-1.4557220332284582
-0.6104280870098028,-1.2670388331472855,-1.424497467689314
-0.6110091292201953,-1.21547241570847,-1.475964293167654
-0.6077306197632026,-0.42718997010168247,-1.3586908160248736
-0.6086333342407545,-0.5947261754918378,-1.2914668330745365
-0.6029299181974231,1.0067150504910638,-1.4546146575482786
-0.6116646272724103,-1.552857992961509,-1.3715815728062792
-0.6035911473232322,0.7586639418722018,-1.378968320995033
-0.6045978594995417,0.5405156581475227,-1.4767329490460996
-0.6087113485015136,-0.6459029820477208,-1.3893065071340023
-0.6039948409834808,0.7191687190294966,-1.4829749052326708
-0.6073823126939517,-0.21053913248609124,-1.411395606429201
-0.6088751724821132,-0.819701428318614,-1.4189177615006168
-0.6059463672625144,0.16502833901674005,-1.4015212979054597
-0.6088940532376008,-0.7829262341581674,-1.3952003531892057
-0.6081731969294233,-0.5783785494425188,-1.3464593423765165
-0.5996275789432866,1.9354808529620482,-1.4061653888011725
-0.6123209725939414,-1.911050956052729,-1.388868220784652
-0.6093508051581188,-0.8598191805307261,-1.4201213500333676
-0.6031567776509152,0.9365835916380066,-1.3741971409609564
-0.6028387152179205,1.0400347082401311,-1.4792936680219633
-0.6077787123836327,-0.5382730646658251,-1.487266015896768
-0.6045412083108344,0.6125818788562291,-1.4525377251642895
-0.6060311082699953,0.017825991804938397,-1.469477248448391
-0.6073274213683565,-0.21083388508581594,-1.4812225593919015
-0.6113469673553907,-1.5750831046748264,-1.3837276645993393
-0.6031569421117052,0.9509807009636173,-1.5088071353953767
-0.6046216786904266,0.5006729600575374,-1.4430802069762407
-0.6108018283330359,-1.37564134903753,-1.4315423662110272
-0.598366677785376,2.295801036652846,-1.4373813112887972
-0.6045701135871882,0.594172447845126,-1.4795611572401435
-0.6122337312737055,-1.8438112978063528,-1.4068672713505705
-0.6102091287445353,-1.1852554805917375,-1.4867643672226856
-0.6092900351436193,-0.782416976452112,-1.4119220243601538
-0.6040653549232173,0.792259503969423,-1.4247202932334728
-0.6091100421485379,-0.767171137141443,-1.3658182654605857
-0.6039830226732823,0.7696122907484866,-1.4312855920021532
-0.6039211478738516,0.6966547837817858,-1.4916477782450788
-0.608209900846722,-0.5870397232017394,-1.3916374241483138
-0.6056023237250161,0.2915235045016967,-1.4042677154279373
-0.6106383257767465,-1.2036474658359035,-1.3368968529574907
-0.60906472299014,-0.8360562087273724,-1.3346062087757686
-0.6110750718082846,-1.4184215479680948,-1.3571493936138834
-0.607967427171721,-0.42489133707928817,-1.3965260127796797
-0.6057287592568822,0.1799437011565147,-1.3325507923408708
-0.613038294655911,-2.0776252105025925,-1.4329319316925273
-0.6087514622312771,-0.8805604756055726,-1.4665347118723777
-0.6078220648007074,-0.3713393463046792,-1.4104306668984812
-0.605300052531931,0.36357555892135085,-1.4240208130541814
-0.6085003360937249,-0.6223933985094416,-1.3950831892741267
-0.6050606140924962,0.30863896140587077,-1.4308745117021742
-0.6081231981173749,-0.57101545869714,-1.329728101332331
-0.6042943735094981,0.5785132435859949,-1.3974372580304628
-0.6071176261723921,-0.25244586201997343,-1.4875169957783174
-0.607979216688214,-0.4609666804070581,-1.4160294342412987
-0.6051345007847935,0.32766391827537505,-1.3703277066547632
-0.608487127216232,-0.8001295091693231,-1.3981768410140067
-0.6080167003674588,-0.4650647454540901,-1.3400208554410349
-0.6050482551822812,0.4344519898757795,-1.3983187250476428
-0.6051361672778712,0.4138135328233105,-1.4051901838971539
-0.6008238244787228,1.703354268621762,-1.4589717318800364
-0.6013106144968958,1.5427277713355656,-1.442291124804737
-0.608366718479562,-0.7685762529985647,-1.4327958271856962
-0.6046284353165228,0.5733680006725497,-1.4347549945771174
-0.5982908139838586,2.1194459337312446,-1.3874548539631126
-0.608618505540588,-0.59420886655588,-1.3443072305218802
-0.6042891390654133,0.6081906962735665,-1.4216154085467014
-0.5995774250196568,1.8106573768697796,-1.3446659851753608
-0.6073155291880927,-0.22025562078961106,-1.3751860406322731
-0.6100629856337083,-1.0425209429555045,-1.4459782208184775
-0.611523549127951,-1.4501243314685004,-1.394399610802896
-0.6040026736162137,0.5786675891448255,-1.3863426702045085
-0.6027233809373004,1.0430532206894565,-1.4033112465244806
-0.6099252463056278,-1.074123307321414,-1.479603516224436
-0.6072204350573269,-0.17854149177830012,-1.401803267241831
-0.6101088703271378,-1.1400834111325722,-1.3576193206041083
-0.6055331193152295,0.29096521799559144,-1.397293924794092
-0.606873338432442,-0.10280357605790143,-1.4097638449820662
-0.6053863076442266,0.38007694672670583,-1.4229411041557398
-0.6100695313918519,-0.9780612104191063,-1.4145915002350675
-0.6094370082669807,-1.0714830966095306,-1.4113989808670906
-0.6100578615909175,-1.0572191818450896,-1.414166384122067
-0.6081966368893111,-0.5881427790948465,-1.3610352380874067
-0.6092162269522264,-0.7846686381582993,-1.3874633685543276
-0.6087492420080529,-0.6072207608010949,-1.4397488932083478
-0.6021835161968329,1.2752059089753112,-1.4428225076614174
-0.6100280783159882,-1.2204068437958626,-1.4640547140343718
-0.6047806080267767,0.4880348901601604,-1.4324998507335076
-0.6132468071842833,-1.9719564505666303,-1.3469286883270732
-0.6047067471315649,0.4866254726076171,-1.489738710417687
-0.6111650667281455,-1.238418654973239,-1.4290004894909334
-0.608247275180279,-0.42973341426953665,-1.3347871340936663
-0.6055374321339575,0.32170585290223047,-1.4216307792135723
-0.607623336466693,-0.3223458135394466,-1.355551168349896
-0.6122521969317546,-1.7930415697534512,-1.4125955050008552
-0.6116102818190534,-1.5698457865029682,-1.3592448792534564
-0.6046906765584418,0.5954131614065956,-1.441072701502353
-0.6038782219597154,0.7561870525147596,-1.476756872466025
-0.6120002926065572,-1.6117211971860457,-1.3323791654665922
-0.6033031653658751,0.9002253922340456,-1.3701028640051711
-0.6043555603998001,0.6309069905307443,-1.3876353977286817
-0.606868757458319,-0.10335751114009314,-1.4530579041929186
-0.603575165382145,0.9120715831892865,-1.4416810673869134
-0.6082227226567433,-0.5881472587572332,-1.482514423074756
-0.6019792483165359,1.1616196071806113,-1.3469111927086703
-0.6133728577471771,-2.0994544304550784,-1.444356738730912
-0.602922078132267,1.0606350389883392,-1.4597340902434155
-0.6064927881028885,-0.004156845747990343,-1.4769340570564036
-0.6042167131106859,0.5007092707897313,-1.4068664170897012
-0.6006768940542672,1.5432507593337819,-1.4670897839704329
-0.6077550000192814,-0.4474098131839419,-1.3636583797590716
-0.612191062629495,-1.8625403379266214,-1.388814952325741
-0.60454399465828,0.6316929844143325,-1.4207830746260746
-0.604320267667678,0.5905573866122488,-1.4580590597072882
-0.6003820688544583,1.8262291025716078,-1.4991111121888883
-0.6058634097197286,0.2520826317907907,-1.444929392007519
-0.6050781039190835,0.29121124772741463,-1.4085479778396224
-0.6037077887645466,0.7379546721370216,-1.4166541289638552
-0.6105328977658964,-1.4461128291775651,-1.3680052123237698
-0.6068991404450697,-0.06760415112763911,-1.4368505917609395
-0.6014301603453235,1.5051703958284408,-1.4887280776617202
-0.6060197030459039,-0.1096104791048672,-1.3900592937735636
-0.607277540626722,-0.32553553997825885,-1.3889012166855406
-0.6113173242649181,-1.4160475964829344,-1.369019368375843
-0.6120009010661785,-1.6182065526327223,-1.4288283851340424
-0.6080329477930155,-0.53880448758547,-1.4622751773364135
-0.608374641867898,-0.5319027778874285,-1.4107018304313477
-0.6114319927212095,-1.4757682563954293,-1.4517896990922405
-0.6067060196848668,-0.17844783270140688,-1.4122460756649782
-0.6030553041819038,0.9524692428684324,-1.4889721290283278
-0.6058403498983397,0.111405387926222,-1.471165599327406
-0.6041335161160906,0.613288195424828,-1.3610496439115782
-0.6023424867809936,1.037587606662169,-1.4187902684584943
-0.6091514812301564,-0.729045042189187,-1.4006001734595221
-0.6034836160799144,0.8815054609822931,-1.4307560704929057
-0.6018779757984055,1.3113983178198343,-1.4071706137436004
-0.5998475896987508,1.901594121855752,-1.4187085717422923
-0.6104266899259563,-1.2747540528734125,-1.3745822908014838
-0.6042326677067066,0.6291026970287698,-1.4168141411836623
-0.6057562168025847,0.18370661020745677,-1.4398026505849864
-0.6049422039515723,0.506848712076253,-1.4085208383371015
-0.6069077872849497,-0.1400533253408414,-1.3861764321255492
-0.6036064439619755,0.7906510158298435,-1.5017008087478
-0.6108979466136898,-1.1846099253795699,-1.3733301347354916
-0.6003527170935373,1.7407294570940086,-1.427751738609763
-0.6056209140792522,0.18448962490415377,-1.3617150112905578
-0.6040981562831866,0.6662431148668844,-1.4386851572375519
-0.6018404233699988,1.2769789796957336,-1.3850097407908566
-0.6053904396238925,0.3087775483074072,-1.4273558422696642
-0.6035354672553417,0.8269569039010204,-1.4735429342357704
-0.6121486334137546,-1.6130551483856648,-1.430229212079384
-0.6092775275166687,-0.8285816782255128,-1.2884425887079474
-0.6033739980815153,0.9177381327721721,-1.457845466966416
-0.6057956360651077,0.14853497748973885,-1.3650518954429902
-0.6113940178151733,-1.3122257097618557,-1.4561808745568885
-0.6078640605452378,-0.41570522511762126,-1.403692574849356
-0.5980848408309911,2.4500510145835994,-1.4916228451387217
-0.6096413922136735,-0.8782526937414791,-1.3617157983368788
-0.6062575293905178,0.07414860218606104,-1.389230475907157
-0.6082637898192623,-0.5325656357210045,-1.4397683907784578
-0.6095203242158166,-1.076600327098184,-1.4314985531459976
-0.6098214732962809,-1.0000149240008773,-1.495617471426784
-0.6061981545683528,0.022892823285752352,-1.3678032486914624
-0.6035974635043785,0.6869856253618725,-1.367526458468355
-0.5979393978583234,2.4390888921986584,-1.4042310053992544
-0.6052101462061457,0.39736155701305875,-1.4110682281570563
-0.6040778739963791,0.6673499051378395,-1.4100236893536213
-0.6030093338086193,0.7527546862129568,-1.4421322508050558
-0.6090537279335516,-0.9114697037289488,-1.4491548413717121
-0.6108371836895323,-1.3198986769851626,-1.413117894196162
-0.6022072822064776,1.2379097079643386,-1.4740446095397641
-0.6089038589705303,-0.7103660156449947,-1.4101306441776909
-0.6022229407062353,1.1439032981504982,-1.5075218962032022
-0.6013823344832784,1.4888134845265315,-1.4948833189726467
-0.6068884821902863,-0.21009814468149582,-1.4061445063865203
-0.6080213009079846,-0.3592797166728087,-1.420484303585534
-0.6105790935989587,-1.3406434251956176,-1.4294384480458902
-0.6062325990941025,0.012454165970527665,-1.3073479456583743
-0.6038574766910002,0.7925958105335007,-1.4016935774144934
-0.6098650032943214,-1.0897052046712354,-1.3718697886030629
-0.6049655735853452,0.43433761010001704,-1.449708267978806
-0.602387728914091,1.1164745619109393,-1.3597139373904115
-0.6049704658824818,0.37689731611670885,-1.327648470964885
-0.6065226430312083,-0.17493332306828072,-1.4975569160584923
-0.5990254400296271,2.0475673859480708,-1.3978036554926208
-0.6048715875687121,0.3966348643970803,-1.41483552621867
-0.5986490980323314,2.225506018188872,-1.398030837683809
-0.6003150449490955,1.7589836953704872,-1.408714205158256
-0.6040581306003365,0.7372664903138145,-1.4614351221586546
-0.6068583359726498,-0.21263748543590216,-1.373781463546119
-0.6064752437311529,0.03185707944524551,-1.5548256251137018
-0.6054105452237608,0.23745673867746717,-1.3774398052538301
-0.6024845986086778,1.2397076837406031,-1.4584812391043
-0.611746691876214,-1.450324712706249,-1.3619036427220803
-0.6031293428535481,0.9874571853728898,-1.4792887553707244
-0.6111853314127186,-1.3415151181095086,-1.4933792830599086
-0.6011273400754753,1.5093775549195312,-1.4038225298420863
-0.6067174895085236,-0.07382211660461613,-1.3645604185071716
-0.6040621971883041,0.7741882082718989,-1.4488014114550558
-0.6074705060531155,-0.21669213886219307,-1.4382751880699798
-0.599183793865063,2.040823372159365,-1.456037422222519
-0.6033278253803842,0.791912638741539,-1.452857713138131
-0.6072014333446013,-0.2815796137174156,-1.3961747035422734
-0.6052048231349806,0.3097789541239956,-1.3695996938331774
-0.6094999004561199,-0.7203015630655741,-1.408210561186633
-0.6042065614958868,0.6852986170929581,-1.4195030620647848
-0.6068491247298251,-0.0853932277156691,-1.4178693288361528
-0.6095853130361318,-0.9124868061312474,-1.336167607426243
-0.6054388514976566,0.2901159905216829,-1.4347307572235564
-0.5995065835516259,1.954741385336191,-1.422895672692974
-0.5987251594330543,2.1898808017222753,-1.4333092354657877
-0.6066835957503328,-0.17376789506975376,-1.4208379652409657
-0.6088399713161652,-0.5935852080037346,-1.3888996977114287
-0.6044493274535382,0.6308152257732613,-1.4740355824539293
-0.6067154528216804,-0.12392046300584428,-1.3539110586944354
-0.6028653157251351,0.9129474568404673,-1.3521463522303268
-0.6062982916201204,-0.03294685566426378,-1.4456985050086442
-0.6080705445529963,-0.5596386542900974,-1.4854936161877765
-0.5986319380933199,2.1545071318287334,-1.4357284393277936
-0.6045656081497035,0.5059826449602675,-1.3726353915041358
-0.6022912386746321,1.024091024962794,-1.3691262368734545
-0.6113447599904059,-1.3576031299797304,-1.4498377538067375
-0.60338712231878,0.8284990466701297,-1.4056491338275157
-0.6029818729607443,0.8932829522449015,-1.385048386739969
-0.6046082306341801,0.6122092553377383,-1.423171764725432
-0.6056543611241084,0.2195026718089971,-1.409953062830872
-0.6083566225361485,-0.46449919945466034,-1.4620425219958866
-0.6064574219115332,0.0052169896249482225,-1.3585408973481916
-0.6109965470974893,-1.2520559277780534,-1.3336473872781291
-0.6095115680032649,-0.9320236774982761,-1.4933739373336754
-0.6065991867638681,-0.03158484826505881,-1.4317681310036747
-0.6060260700563889,0.0162084315781959,-1.438457957995678
-0.6060100811392362,0.14575509630134012,-1.3628797569480475
-0.603365273189463,0.7035108596544937,-1.4402164590306772
-0.6051174283708491,0.48630530204139233,-1.4511875050996506
-0.6058397118444936,0.14673494456878022,-1.474001555034069
-0.6058697598172534,0.14879352726832368,-1.3944343232549137
-0.6064450876579511,-0.019385581009108394,-1.385944794274893
-0.6097580119396736,-0.9641821861757771,-1.403025144649676
-0.6053379248948594,0.36289745110999366,-1.4423003911151289
-0.6087793966813259,-0.6220280463501393,-1.4200038134033135
-0.5987529584972897,2.206345042594466,-1.4113138710973128
-0.6006253118207691,1.7232510203823497,-1.4676393739517293
-0.6031783281743129,0.9193515968081797,-1.3841142487965516
-0.6034608455130056,0.7915647819277803,-1.4283225087835687
-0.6062568273768424,-0.011898419689546963,-1.367440910588629
-0.6032483367403633,0.9888517940401181,-1.4112510407442511
-0.6074723209961379,-0.34227471823483346,-1.383759236269082
-0.605457039903324,0.13112408342582738,-1.3549255502930364
-0.6070008817215189,-0.22851663327309474,-1.4038845095116987
-0.6065578957253221,-0.06416144819242099,-1.4283143647796226
-0.6122937003671046,-1.7805277947401656,-1.4986421604721412
-0.6030590525246831,0.7765822323891338,-1.3244119414188447
-0.6105930854407766,-1.3772149399504583,-1.3524847825284845
-0.5985171791199785,2.3850234172892284,-1.4656435229033298
-0.6081672818399461,-0.46660006572617674,-1.4253699907915816
-0.6115653519103569,-1.526287112294221,-1.2884658126665551
-0.610885636186654,-1.3545195471726525,-1.3293574022448555
-0.6103608471396266,-1.1522722508799281,-1.4821305551952633
-0.6023946958429757,1.2040630847651195,-1.4413243919622223
-0.60031168621983,1.69960657166257,-1.4359950013162972
-0.6121651778400018,-1.7237728645488792,-1.3504967700158685
-0.60266322395701,1.1676712146280273,-1.4586324039558134
-0.6093172128774536,-0.7858409014329218,-1.41395751134695
-0.603621118175835,0.7551154061516283,-1.430351773966132
-0.6057551106655334,0.2729970202781256,-1.4365575419183247
-0.6103129308896741,-1.2256784301820463,-1.2697249521258474
-0.61130253055875,-1.5396956019943848,-1.2849935812077136
-0.5978974243698508,2.404635583883072,-1.4064154938996223
-0.6023786415035778,1.1502130045587553,-1.374109767217847
-0.6027150835663025,1.0744969363445833,-1.4589519882554887
-0.6117929096506551,-1.5055808618734916,-1.349961624255521
-0.6066848681687872,-0.1378847079594996,-1.3808567067514754
-0.6106659536637531,-1.2022758585498436,-1.4439393505331912
-0.6093647125806302,-0.7857734598958679,-1.417591567097367
-0.6088647982542682,-0.6775917774108388,-1.4129242171812513
-0.6053871198200044,0.11196813400105614,-1.4100114638404913
-0.6111016440197468,-1.4685526705043352,-1.484758738255557
-0.6040842637687774,0.48384419005814616,-1.405750905367364
-0.6010294080522322,1.633377480830222,-1.4388391110550878
-0.607093737033759,-0.1754342347070368,-1.4066238387339876
-0.6048756546663564,0.4716524543561383,-1.4107241578493812
-0.6058358015546574,0.21919095881486655,-1.4358564605136315
-0.6073912896690629,-0.3352556840367313,-1.3816930555957394
-0.6022415127085795,1.2746819282756252,-1.4495405002036397
-0.6053844107434007,0.2853695938869258,-1.4143119815620147
-0.6087673834668395,-0.716106429046322,-1.351299375698512
-0.6113786363489915,-1.4140309908820545,-1.356234630292679
-0.6029344077674057,1.0602253710842373,-1.4307244835802748
-0.6089161855277223,-0.7038027313060553,-1.4916559847430528
-0.6063317171448335,-0.06665216323719747,-1.4275050197045789
-0.5988307393611667,2.1717041786447924,-1.4407435413873413
-0.601167822203649,1.6157038594697573,-1.459456787697182
-0.6105576532026779,-1.25226169893197,-1.3484295601496166
-0.6049713251542712,0.5064711572718863,-1.40824155047979
-0.598304039600699,2.2966594341747526,-1.4286911361738561
-0.611158521162454,-1.328895026679313,-1.271154950271769
-0.6045862293609404,0.5776546415174283,-1.4559809043884304
-0.6055638286797566,0.28656303994901944,-1.4536635617505396
-0.6090450198131012,-0.826624646389756,-1.355719974981047
-0.6119582830187443,-1.453992242798824,-1.4157252442538333
-0.606928129831703,-0.10737887747987804,-1.4356333722142163
-0.6038666911917969,0.6646476740729637,-1.3859889810996358
-0.6063547229190385,0.11179603808188314,-1.4027427033412374
-0.6038309036762433,0.809931570865899,-1.4419927540022015
-0.6080287939267387,-0.5896120162976922,-1.4724821402937698
-0.6088925759942625,-0.7110113034377666,-1.3608361808994371
-0.6084998349089393,-0.6443107928314806,-1.3739084366617165
-0.6026343142127847,1.2214423043512228,-1.4477099420129493
-0.6076638655222727,-0.535614246326557,-1.3370543029880264
-0.6066036844568424,-0.012779592191309341,-1.4215601819279482
-0.6051314135599937,0.3811645474745155,-1.4176920090640062
-0.6066574098678631,-0.06608427699899012,-1.3946526566932123
-0.6041383426801556,0.7203940963263917,-1.4315772822392046
-0.6096342978524406,-0.8907969161845982,-1.378235413483269
-0.605840000391427,0.14120144413304028,-1.4806242177651783
-0.6063362272097196,9.074458324728219e-05,-1.4026572945974238
-0.6096325265874326,-1.0550104158328686,-1.4809750570765998
-0.607632740262113,-0.35419462160223286,-1.4518213213731104
-0.6090492113424302,-0.8415968011061661,-1.4880064786377611
-0.6101104567419201,-0.986048534746394,-1.4174710135240838
-0.6101859122645135,-0.992803467602083,-1.3491811535784952
-0.6033658445643254,0.9165283605279004,-1.4851014098190722
-0.6073552795620045,-0.32342908607561816,-1.4888643973989495
-0.6087440729196827,-0.7471739152391743,-1.3304077792139894
-0.6087216547916966,-0.5397616093926908,-1.4071294859577848
-0.5997650230545445,1.9385037443238788,-1.398400592324535
-0.6064102555425014,0.016434291948390328,-1.3611915380816284
-0.6127796544297638,-1.8788304659709092,-1.3518300850880394
-0.6052075495002841,0.1681700052261786,-1.387378747036725
-0.5982508746522656,2.315228668771525,-1.434410287963493
-0.6097551937238881,-0.8438121869239249,-1.3726909928882418
-0.6047176993915171,0.487495470991568,-1.4053127636639247
-0.6008587962504955,1.5586108887460883,-1.43417089879045
-0.606688381088357,-0.031155086168375437,-1.4183391113242074
-0.45775139618584243,0.17877141586509904,0.5372150837432236
-0.45564556566587255,0.8243359152709863,0.45693706600444894
-0.4586963141570398,-0.056830048737382594,0.6152719589152349
-0.4636635633021425,-1.4880209138092872,0.591715323379163
-0.4514787964780997,1.9372138773304268,0.5080503399191092
-0.45982013814748635,-0.4266659692236014,0.4788350029231918
-0.4602603571671804,-0.5506685145840317,0.5097918250577153
-0.4611952150454689,-0.8602443192274261,0.47179760514406893
-0.46385427486985054,-1.6505098946528751,0.4808939675802758
-0.45439573154321394,1.2351919895431054,0.4579586475754087
-0.45740687230014276,0.37377712018689935,0.4912712933763443
-0.45442073362622304,1.130223471963805,0.5056092019676605
-0.45418206341578615,1.1453477384285078,0.5166725362123857
-0.4524326943402538,1.6846949945287877,0.4578437096328221
-0.46302013644275625,-1.2901225896879713,0.4370037197086264
-0.45570014053478236,0.7186953344023148,0.5145503783433817
-0.4510608166629725,2.0432236321839916,0.5035289965395218
-0.45806526948020715,0.03948905734223214,0.4650669424928378
-0.4531325582215891,1.4333794371261468,0.46420147042263044
-0.4577754576396473,0.09397875030072687,0.5672701024200022
-0.45595353022764007,0.7017227460462664,0.4837111143726187
-0.46312060179183806,-1.4774834078896157,0.4600510048302145
-0.461204210271188,-0.9076632069433388,0.5367189265722777
-0.45894161820076385,-0.1775443469053628,0.4842042143586069
-0.45474062657999,1.1115448330472288,0.43137229635011803
-0.4595988588850137,-0.3557383964863863,0.5214263878125418
-0.4572630660715489,0.1800688551627955,0.4670561671075734
-0.458969720473882,-0.0715287833854875,0.482692969221719
-0.454929493891482,1.0214586716060403,0.42740328227071145
-0.45526488354861344,0.8972820125821933,0.4686390741769285
-0.46078600267540065,-0.5758295637003102,0.5443742409086607
-0.4548669008104015,1.1108371853826993,0.46675701335364034
-0.4505199384563516,2.3272801900420355,0.4160034416299758
-0.4505846315974599,2.1517165077214715,0.47202349126096166
-0.4567361177774891,0.45095559181801836,0.5469866907529177
-0.45528878634237796,0.9321396263333465,0.46602445099987444
-0.4555717330834844,0.8246827575563145,0.4448266567660162
-0.45828689344985757,0.0399561396834969,0.5139590540275683
-0.4575495888192178,0.2673580504736056,0.5398419878751698
-0.4587672811774595,-0.055310998789332995,0.5103708402567363
-0.45418175557523943,1.0433840346858787,0.4903174035327861
-0.46096800328000576,-0.8017087450565377,0.6041609537371049
-0.45983696766644555,-0.4728034849869326,0.6105361232871558
-0.46160228965542544,-0.9140451688940138,0.44396131183935916
-0.45801258335720446,-0.03695958692904083,0.4989222889783596
-0.45948158292888447,-0.3427571528292752,0.5393457939466371
-0.4626874652933021,-1.1723620862716295,0.5835736199264153
-0.45980749717374336,-0.461269155353599,0.5337588513654248
-0.4595278109140574,-0.2472135868248589,0.5114191381245315
-0.4574190285779689,0.25587949234851776,0.5498079753256221
-0.46253481161461907,-1.1597422269076623,0.5261020146331153
-0.4619747608834124,-1.0020250798712464,0.589266554201378
-0.4521252541157457,1.845616125751237,0.47699315108594
-0.4548175969844029,1.0403142621262649,0.4440531135703539
-0.4634953604840145,-1.58046582744127,0.5472845662680141
-0.46263860174536764,-1.4893382308496517,0.5167843384898744
-0.45868556361048596,-0.10447904048998692,0.4769544159254561
-0.4552481898074075,0.8260925667447381,0.46789020114848107
-0.4599348538800742,-0.3994283119461536,0.6431940709034155
-0.4585780899627918,-0.14015401836238942,0.5723212984938558
-0.45759546494440706,0.1466390114351481,0.49787384493022147
-0.45906521362593933,-0.18076966964690216,0.5724985549096705
-0.4569820180471925,0.48582826195118517,0.47339098011204256
-0.45529595230989284,0.6630348409008019,0.5215061892899707
-0.46102258637026206,-0.838410459500903,0.5241420706598401
-0.4593970342453604,-0.28510918560200765,0.5161666909841582
-0.4556903501069499,0.7873230493265285,0.5632749259373354
-0.4558993619544225,0.7717713658466893,0.4473592905091317
-0.45917552775597653,-0.21198907926734842,0.48729073669866796
-0.4558744506314911,0.7189193159755871,0.5459763297439972
-0.4586154382621839,-0.1578641077994191,0.519270437355088
-0.4589086436522114,-0.461344675780688,0.5925571813673426
-0.4588370260534374,-0.08774585475878391,0.4618241926048331
-0.4633098253565734,-1.4498596102452026,0.6056945157814256
-0.46065130213409095,-0.5100258851898989,0.48589272913227216
-0.46412864894406053,-1.7431620470567175,0.5256824151086881
-0.4575029016340529,0.14868647666076365,0.5717398541581121
-0.45762378010189847,0.26999375423093874,0.45376846391802117
-0.4561941365675401,0.6634050904460825,0.46857588144757867
-0.4618429133907318,-1.043232200073681,0.5008567748384505
-0.45604238260007285,0.8075892427203422,0.48693889511198424
-0.4607326365367711,-0.6770257498152126,0.5482992126369709
-0.45503713501266213,0.9696701551041236,0.5047601204348711
-0.46461949097520816,-1.954504586474373,0.5561744120743661
-0.46421111062444975,-1.8307412898954127,0.4824280549885545
-0.4574574298645142,0.23628913508612828,0.5474435632258174
-0.464424174720362,-1.6196997727888096,0.4888248447316881
-0.46287412355841207,-1.3924672415699346,0.5787638502295737
-0.4583698301057599,-0.12291815151024446,0.591649869432589
-0.46059078221191907,-0.8247506416746184,0.45644275334886036
-0.45481021401269306,1.0733097309675763,0.4479646696503746
-0.45725020145054274,0.4130171080599884,0.47902909458872217
-0.45927131496759,-0.23018153411221073,0.515565263917606
-0.45820951473483335,-0.014349377370867429,0.526485568863056
-0.4530189948787688,1.4192530905164948,0.5285150722811414
-0.4588736059580178,-0.0913958128144555,0.47176133673242227
-0.45953979636393927,-0.28376503797945896,0.5035006801415784
-0.4599510422678823,-0.6466444648837228,0.520423954557339
-0.45457915100023466,1.0036875999495865,0.53577216417045
-0.4538048154126502,1.3222420499159018,0.43877840323236944
-0.458680391842301,-0.1581626235276441,0.547527024739663
-0.4537512611832743,1.3796398876306426,0.4745454083887478
-0.45633448354938666,0.6471263015654654,0.46718341346524056
-0.4554334946876112,0.8550099330426809,0.4659082072345206
-0.4587410602449512,-0.20896503194266705,0.5408812708731364
-0.45374598787325826,1.4166637949006766,0.47227011757074455
-0.4562147850890771,0.7353324022746156,0.4606331300678415
-0.4626436818551423,-1.2601552464554233,0.5084369466276283
-0.4541411187759128,1.132239608653359,0.5386908292973366
-0.4530602260631408,1.5066753486713313,0.47795048890777264
-0.45581748623909374,0.8619409088464017,0.4849190058847475
-0.46049816643779407,-0.683344380825267,0.5634925886435056
-0.4542988599480519,1.0212341786949422,0.5985879282836138
-0.4606781261410058,-0.974426355376215,0.493708463142526
-0.45274393026545,1.5364094180364478,0.46502266929518926
-0.4642621056623091,-1.9341517996390927,0.542530112756385
-0.461552226314198,-1.001710024653616,0.420966599279858
-0.4576206189329971,0.24923049872659644,0.43417052973641657
-0.45940007084436446,-0.4311679955965602,0.5393969573053851
-0.464626524295256,0.008259250912326719,-1.663391255701815
-0.45696825774623445,0.5381766046028331,0.48322206619424196
-0.4519706909841373,1.7400889075979344,0.46887370113047433
-0.45623216728727656,0.7006727748599094,0.48260982811586256
-0.4560474903637242,0.6667223667982619,0.5340553866856702
-0.4555426760021965,0.8086560862980321,0.5264971745091472
-0.45769128446837076,0.3072319619362645,0.49754457730605445
-0.4591577364683565,-0.17763896928142467,0.4931011598644679
-0.4562238753935936,0.6641786466590207,0.4638021194079734
-0.45436939954378486,1.110466180889871,0.42517190879318784
-0.4518582502341076,1.809929321020209,0.46206335889863565
-0.457424148371059,0.3727969230330681,0.5334319051385279
-0.4516014502393831,1.8757509684911389,0.45335770201035036
-0.4583814283490816,-0.17627803287490415,0.46467160197919904
-0.4608099205961149,-0.7189677075598452,0.46870020315000926
-0.45667669362413904,0.4245674719661535,0.5021422155010548
-0.45560904826212145,0.862083651614074,0.4688705274353161
-0.4574642371304581,0.26323804072047574,0.5219712427674807
-0.4531598143908798,1.6390142600320075,0.4234069277795735
-0.46214959972701253,-1.2339971017825786,0.5148023301343072
-0.45518624746023745,0.8805432695010206,0.5291867646541198
-0.45922362916674925,-0.46702289233012106,0.49092079125037585
-0.4641566876382092,-1.7120548520164423,0.6302122651316306
-0.4601367596729647,-0.46317311074240036,0.565091883115005
-0.4607343359298442,-0.7361981156198815,0.45223754722457926
-0.45803942716599777,0.07392295274002132,0.4784250832420723
-0.45838926360107285,0.0011832243118050439,0.5099144403125594
-0.46450617395252725,-1.8156725262630788,0.40969008839819787
-0.4641524156670588,-1.637519184625443,0.4463281556664429
-0.4630299302029674,-1.5238205188738243,0.5257443539287899
-0.4545881383317857,1.0238778203528083,0.49521572558527854
-0.45641085623607713,0.5911980339961197,0.4341757025354658
-0.46343694567815036,-1.5071137699138755,0.4878650247924408
-0.4554532560279875,0.7690054240811711,0.5378404198841087
-0.4614526262435664,-0.878119607470546,0.5706627752968507
-0.4595343267521065,-0.3957242612688916,0.5657640515245533
-0.4597958338474683,-0.35587665767523424,0.5082783977401779
-0.4605670159159928,-0.7207689263615282,0.6299023804203667
-0.46383931258140454,-1.7032124471985923,0.6360352265128627
-0.45357338711192646,1.3075386973790994,0.4924022043385195
-0.4576391354026989,0.21254604037988334,0.532449765697251
-0.46368740810871334,-1.5769472334608594,0.5516606807489379
-0.453667745809634,1.3084172196605557,0.5052337599121497
-0.4507396842645876,2.309734755651337,0.4219117049690887
-0.4635830356310147,-1.4705322317831393,0.608578855278986
-0.4586790217858781,-0.017481988140505483,0.529991093448113
-0.46128840753983,-0.8639306215043117,0.6225559661082684
-0.45251256268503964,1.6835576670450363,0.4611624445047475
-0.4634398352743733,-1.524213111565034,0.4459463801742172
-0.4555354377840514,0.8965531818853976,0.466859696560221
-0.4584717633513441,-0.10530143011988975,0.5211005459590733
-0.4620952603441692,-0.9719016976945251,0.5117780310302554
-0.45721957908371647,0.377082754501467,0.44859564037554506
-0.4600674179333075,-0.429448676460389,0.4454584137940804
-0.46100704886872196,-0.9147949477232794,0.46568722487505265
-0.4597689182718538,-0.3566088462292186,0.539307549307741
-0.45778782515048766,0.2650064623144532,0.46787892994418323
-0.45715078534546855,0.36204666021665644,0.4844857043091827
-0.4649510741408803,-2.052262628340875,0.47259370784071103
-0.4568247202164711,0.3779884649834471,0.5269067851772943
-0.45627137936684725,0.6830153857948578,0.4725690186196151
-0.4599768073657783,-0.5342893343278314,0.5033994273944491
-0.46045283091386624,-0.6037667130509391,0.5454216932258641
-0.4613983234313898,-0.9284268052185523,0.5400033446140411
-0.46011101615384714,-0.43274493157978616,0.48802357558312337
-0.455300384409845,0.9873096763019409,0.47286760665578365
-0.45866352322993603,-0.03900458124023877,0.5069687917422546
-0.45989733231777025,-0.4835599156395936,0.48191579907609844
-0.45602437390288963,0.5567724728055394,0.5142593794265483
-0.46012704771578716,-0.5374884270035463,0.43553199620631977
-0.4609851514455514,-0.7493545394812487,0.5045544665176068
-0.46328451862346365,-1.5348385093759132,0.45960256234947905
-0.46261007878885496,-1.2560405504957763,0.5218635211125691
-0.4596153736499159,-0.18543659544998112,0.5299018667857597
-0.45905089421959405,-0.28233568267529646,0.58069675381165
-0.45371869676971455,1.3921707464138078,0.4929357255177842
-0.4638318446686991,-1.4391002481796298,0.5637095081255786
-0.46089501110396863,-0.8573008227711403,0.5196607348676388
-0.4556192874023792,0.7568698946835686,0.5281930958852888
-0.45912872533027516,-0.21088275397736406,0.5380845881345443
-0.4639354178466772,-1.610197521509881,0.44380153923515464
-0.46104518002902356,-0.6955187611136691,0.5218098550442851
-0.45543564531906966,0.7558007972855273,0.5426608753384409
-0.4552985054802963,0.8978969084571976,0.5145580873014766
-0.45435804096169274,0.8992203955697496,0.48002065266795674
-0.46262284975528667,-1.1317729161241146,0.5428446634568919
-0.4580214571234765,0.18169785946097253,0.5365098303465994
-0.4599686352147281,-0.31242591052335866,0.5057147228474141
-0.4592837729858618,-0.19324816331221206,0.5116972494703078
-0.45845122460164545,-0.20975197568490458,0.5621265859663681
-0.45503826739928355,0.9293781133466295,0.5107827399004495
-0.46218767449693693,-1.0274479806970769,0.5938561983272477
-0.46031548210325984,-0.7323734310416461,0.45196446875865154
-0.46017954082364837,-0.3954987823803273,0.4956904351882814
-0.46124169763157036,-0.9481888307995548,0.6006722608351072
-0.4562445410920678,0.5912670167951897,0.44295781100008563
-0.45773221165924804,0.1627362330956559,0.5526582441565324
-0.45927121320408115,-0.2529306910292073,0.5512761740926864
-0.4581875131952518,0.022009036577355732,0.5538005988611429
-0.45544685335036594,0.8970113851615887,0.5177289256752813
-0.45845442206366377,-0.1270564137033524,0.567886642553547
-0.4557176280006733,0.787962268168446,0.43177035665754787
-0.4653679379977529,-2.0836170816498165,0.473495266649172
-0.4612946423677828,-0.9127961352334859,0.43497789898871475
-0.4638985542111102,-1.6269292833490245,0.5297284980358733
-0.45857211181610136,-0.07379983747905815,0.5254409584177704
-0.4537780059529195,1.2530529044921803,0.5612074576008583
-0.4584752715023777,0.0556715071957312,0.47318173229016264
-0.4592830034539873,-0.21717597629754443,0.4873559092304262
-0.4607606788036751,-0.677913649958175,0.5678156501133221
-0.4552858430746861,0.826450966427185,0.5386247546939312
-0.4564010373094433,0.4607416821850015,0.5156337262255714
-0.46479684060954896,-1.8314385528712693,0.5526462462384166
-0.45547667337797254,0.7903805883805582,0.5384042832838185
-0.4587218732854855,-0.039011171875809644,0.54913817849005
-0.4605956029880438,-0.6448829520090755,0.48919688120238275
-0.457132350716158,0.27273814604805896,0.5255612438942815
-0.4552145000732919,0.9276198651345556,0.41302926603065754
-0.4611665927202865,-0.8284720496173857,0.5202771991778367
-0.4570910972898546,0.3984333244301816,0.5315396862393924
-0.4608990298988444,-0.7927024731287571,0.61940178900686
-0.45953047188767177,-0.3717020299177588,0.5172106910406693
-0.45514717858381837,0.8442880980724203,0.5111033766323596
-0.46255710515167786,-1.3033997894355844,0.574889438259093
-0.4589847430710596,-0.16123914364376996,0.5384949351291662
-0.4632597435569305,-1.3872913954320376,0.5914305703951389
-0.4629640449174067,-1.2549523653025199,0.5732913117627533
-0.45548566373691596,0.7544054645458341,0.5162074053269778
-0.46083088727289423,-0.8237452145379772,0.568377076890406
-0.4585733048425569,-0.1445893806646151,0.5075051227366492
-0.4600063987006621,-0.5355333758962514,0.4977254636213941
-0.45397626904284766,1.2016255311567945,0.5233360346529126
-0.45698441139631246,0.2717803281729213,0.5175151560811448
-0.45679860816861934,0.37790116861576956,0.5355671464331874
-0.453896375274231,1.340039282190196,0.4233112454517443
-0.4574601731861301,0.26592769892249535,0.49873489292679923
-0.45567171348442886,0.7148177031866657,0.5510828084464635
-0.4578905115862756,0.18352463688426354,0.4967854561845624
-0.4589942159694578,-0.33050815685480117,0.45656107971638415
-0.45712897625521987,0.2511468887268008,0.4942866816317079
-0.451234518275682,2.024070368666034,0.4441327728260526
-0.4554598532537758,0.7917827696878064,0.4983752064893588
-0.46336094729222843,-1.4014906523277386,0.5647395159817986
-0.455657503419678,0.6457675410743124,0.5534507811787647
-0.4588577053167595,-0.2161392619559632,0.5470638408409786
-0.4567930756400126,0.5393098997933973,0.47988564853828464
-0.45659614443357477,0.46632467571735386,0.4321878481925131
-0.4547251984864895,0.8936440738767922,0.5616859159855059
-0.45992703893316483,-0.4826414038787051,0.5655862343061394
-0.45979374669357465,-0.3970749334747367,0.4952495259083494
-0.4633870617328444,-1.6342434595241542,0.4428591054995407
-0.46192680985814605,-1.1612971337429747,0.4555471438414866
-0.45699933964227973,0.3960473268355281,0.5183282349287771
-0.4603128664830647,-0.4825346268902816,0.45096422826377874
-0.4600033932726169,-0.4136387148704742,0.5682343169550149
-0.45446869147669755,0.9337217527102258,0.5732053006406509
-0.45826101974927375,0.07227116922131191,0.5300511714328411
-0.45667702221097634,0.48842632643859535,0.5215355886628698
-0.46285187547449497,-1.407185486666229,0.5052654219301164
-0.456382487073911,0.6272572708620265,0.471009922449269
-0.4573484589463178,0.3244956039097575,0.4928038960259796
-0.4633780964735207,-1.5003647591328324,0.5601029774286908
-0.46495199250937774,0.015473502770514708,-1.5815915484540055
-0.4537878787691073,1.2563374646052166,0.4742141711702591
-0.4624305349838311,-1.2509573262547262,0.5877600493733647
-0.4550360453973066,1.0057193743609625,0.4775572152104437
-0.4520294297611678,1.810126808396664,0.4607439350966551
-0.4584768893435057,-0.2914877697848534,0.5542276801498235
-0.4558555705124621,0.7136889028634111,0.4575298645159703
-0.4579436226709653,0.07513466787538298,0.541406756924617
-0.4632289998001115,-1.4149072206311957,0.44483890317434793
-0.4628702228889946,-1.3845857260598224,0.5795566578681095
-0.4592408473205935,-0.300564684967044,0.5296488471067371
-0.457106536539423,0.25359937897912266,0.49174738207281404
-0.45912973605160046,-0.2823669883065662,0.5818456504849998
-0.45400185165600476,1.3784567878731857,0.4636068941517858
-0.45788065946348594,0.13990503570974486,0.39794285006271973
-0.4612730189051323,-0.7971734270842084,0.49617409590285205
-0.46205473260849045,-1.2309722343131009,0.6008575213728715
-0.4558425070731913,0.6299317914600218,0.4746992398513272
-0.4562692956121172,0.7277351150975316,0.4917158280506642
-0.45531533108754396,0.8969626846409924,0.5212197626131325
-0.4574512492970364,0.25367445861425914,0.5576338735442308
-0.45933272389500357,-0.1978519717575649,0.5484540280861475
-0.45942276792661085,-0.30092024080587126,0.5274070225619261
-0.46161408440825963,-1.1136060526144178,0.4108287846510227
-0.460297835545868,-0.5027173006781758,0.49702884381787227
-0.46214886648986997,-1.205096496946627,0.5516357824227341
-0.46159874929729666,-1.0403046040430939,0.4611125966886163
-0.45946024480318987,-0.21587551569654634,0.44116558184765275
-0.45275140593472457,1.6124217797902445,0.46693255164835834
-0.4565938008079955,0.43201140303594476,0.5023280324518302
-0.4562842299201464,0.623494247257631,0.48956449997160856
-0.46430089115441525,-1.862448306145474,0.5555983235049683
-0.4629272783599385,-1.3271469010975772,0.5362869021852114
-0.4524922870754478,1.7224663444708286,0.500874594143876
-0.4631609528466873,-1.4464796115690495,0.5697849984301175
-0.4555921972068085,0.82036339213764,0.5094794297456952
-0.45648257926802344,0.6403033701194859,0.5602633034357586
-0.45777851313670276,0.14700573370277226,0.546827991238464
-0.46133532169428215,-0.752313512872553,0.4552059950771212
-0.45771832691714864,0.2170619303159909,0.4901260815809455
-0.457723036510821,0.12298351861163485,0.5403781317146801
-0.4607112729969016,-0.6789939824517137,0.49178166834253356
-0.4591597638643694,-0.1783461065476372,0.5278458931119264
-0.4648506803380399,-2.0060328693257983,0.554955224034332
-0.4579961108416217,0.10759307362160615,0.5426727033616234
-0.45254581182497366,1.5606568198846935,0.502693593810004
-0.45784336523748065,0.21627845531764753,0.4804956188185504
-0.45629684352616257,0.6819532834145806,0.4980428173625845
-0.46207323875029355,-1.3061907711210443,0.5219132859694663
-0.4604545304503185,-0.4954861005378862,0.557718544333877
-0.4590520665119052,-0.2863984736021058,0.6088983237511536
-0.45655213510877823,0.6110753001398225,0.4796047908292334
-0.46337228953391096,-1.4373294517887216,0.5586781200526603
-0.4599789491017547,-0.3797076307489998,0.5752907733884707
-0.4611941278395257,-0.7573851921431817,0.5960034821241024
-0.4598258140540268,-0.33599026335304916,0.5223764566064137
-0.46407336834847357,-1.6309647956332283,0.48874221885708313
-0.4640926496102274,-1.7559451406054583,0.5306301226328267
-0.45966103840924855,-0.4318537121034403,0.5115296715426828
-0.4612575889731462,-0.8229510802887514,0.5379452159917588
-0.4585235516739661,-0.21416469097623408,0.4538517421049485
-0.45984759909107775,-0.3378401366014417,0.5016832456883626
-0.455270927603152,0.7912809561645011,0.4918891527884369
-0.46045917907858064,-0.7512202035802942,0.497943488587986
-0.4605591041431578,-0.8428910154760917,0.5788431333353593
-0.45450530749732343,1.109920288722248,0.42911373626754357
-0.4635245902425413,-1.3869836967981297,0.580397202992731
-0.4593137474086634,-0.24827349410909563,0.5415289968406904
-0.4603030109839468,-0.6575928632077739,0.5577221596219881
-0.45903917440791386,-0.30449003493312926,0.589898200011369
-0.45665451849602434,0.5562444169488722,0.4616497120256053
-0.45710796219352134,0.24576844864993233,0.4717933556028644
-0.4530413035671863,1.4164517774355032,0.472492575494269
-0.45758932048048473,0.14561604038268,0.5077797122732624
-0.4547085225692298,0.9885810668465803,0.5004847059212202
-0.4618381714601718,-1.1468046951944395,0.5762771485871916
-0.4629681868124594,-1.4042234019662885,0.4703485106884994
-0.46256942027617093,-1.329508436717083,0.49855681337804053
-0.4594999112267068,-0.3420929128432142,0.5075489885444885
-0.46021607306465057,-0.6966470938744526,0.4765065368532784
-0.4570585274858551,0.43269137284188,0.4835983591530027
-0.4639769864202317,-1.774552610767218,0.5044493121281003
-0.45912868617147046,-0.14997016061779606,0.545986437373611
-0.46080182706265554,-0.6420369304417474,0.5124060844501317
-0.45243590873691625,1.719008459226055,0.40807873894835966
-0.45887934070073744,-0.10428986052913636,0.503039496291893
-0.459029524261984,-0.27130574069684904,0.4867648414957037
-0.4540968395754353,1.165871755621809,0.5165528131096371
-0.4601148350193475,-0.5180457243636999,0.49711956191748957
-0.4594605267270702,-0.28482869727092364,0.5094444675237407
-0.4550483809147252,0.8610749480742561,0.5046328671620772
-0.45699613797167205,0.4080796788077401,0.44002799620629574
-0.46423111318847526,-1.6160601311236817,0.6051720474898228
-0.4586649859198594,0.0152239496760979,0.580035133849792
-0.45917841218042577,-0.30578348049813986,0.5534285391565715
-0.45768769046613184,0.18346325794070906,0.5411739531388194
-0.4556145849731922,0.8609054126345638,0.4914737736466647
-0.45783691608058025,0.19970097897589775,0.49612796113318547
-0.4587369808893254,-0.06875164255106912,0.5231749842271244
-0.4579311009255023,0.10959524484563021,0.5609686881417554
-0.4543145550560833,1.2544891606545208,0.47192441520959727
-0.45335394616734515,1.3611560088985422,0.44196585652142095
-0.4578737316818806,0.18062006270526945,0.4763254577925263
-0.45162699454673416,1.8425015061021406,0.5183209886356389
-0.4581207113877162,0.03309983210482616,0.5471372725112135
-0.4578319811837679,-0.12710461771422882,0.5308578771187751
-0.46025554886977516,-0.644571643589942,0.6143131541011103
-0.4628791407583529,-1.294114027806796,0.5178808301139325
-0.457441809255515,0.1637150748500944,0.5117754119476472
-0.4595407633317883,-0.22002705882311405,0.46763148162635465
-0.4607778520343614,-0.7479824411434173,0.5533559074712989
-0.4551881508057324,0.8613544548605852,0.5595797121764149
-0.45454394421339805,1.1839415990614655,0.49289897847628816
-0.46101542594636064,-0.7027324531735666,0.5847283026052196
-0.4559798836410235,0.6064019018858327,0.5033046351463382
-0.4600854242179732,-0.46071557659471,0.5320882876082678
-0.4612771348270586,-1.0621538429213138,0.4511561218516235
-0.4574924712619641,0.2651388295727483,0.5311405237481567
-0.45608330093037125,0.611954878226877,0.49941847360829894
-0.4571747872838031,0.32320376433765,0.46213880167590093
-0.45861958208988424,-0.017064075549486423,0.46907152637898636
-0.46319389674494194,-1.5949647841848948,0.47450362494928844
-0.45822765055055725,-0.07479218698609183,0.574649413715358
-0.4576948121567574,0.26787381515515885,0.48399589339488097
-0.4624656899134728,-1.4129545003336417,0.5653112698560014
-0.4554774246038072,0.8422987774002008,0.5053121304059944
-0.4648978947188145,-2.023201588054121,0.6192593560077598
-0.4503166842564533,2.295415271228638,0.491003494504584
-0.45808301099990967,0.10689506656409678,0.4957025240356905
-0.4568787923041344,0.37137400960066086,0.5423632517640906
-0.4548968069064371,1.1115516344508107,0.45737793690033784
-0.4584260803006718,0.08606255169004903,0.45870361333598975
-0.4605747215003444,-0.700432873805354,0.402842349601358
-0.4605051777747043,-0.7189352868552428,0.5961871952008784
-0.46091036044238054,-0.764968003194665,0.5347764661354972
-0.46012852470225896,-0.5716521396660093,0.5243781856453568
-0.46072179495348636,-0.6799961942778112,0.5453092502819133
-0.4609330256549736,-0.7475012222874574,0.539738114717417
-0.4577620321716403,0.21635282353477153,0.5042194205610944
-0.45749097807081024,0.2191650800064175,0.5706543019470922
-0.4522124985684691,1.6515992393138137,0.5122717468058287
-0.4565170233634284,0.3588907647744701,0.465455625478637
-0.4602568103550767,-0.4798697030513037,0.5423060382606719
-0.46058721995477303,-0.588815163430392,0.4812039521111526
-0.4606494858069648,-0.7504980161984424,0.5546748261782333
-0.46122221724344614,-0.7707744287387166,0.5122704396119981
-0.4598201471013666,-0.3915668238347981,0.5182626764952357
-0.457403776900639,0.26859725042868193,0.42339891841418104
-0.4553491602890557,0.8264248029923451,0.5043659290346179
-0.4558254660501685,0.6982095420756584,0.44937005517293915
-0.45247536929473886,1.7528119383223948,0.43127295059592474
-0.45703236248579676,0.4650793741042919,0.4794911383992164
-0.46051314992720555,-0.6423133450498014,0.5258908280559779
-0.45246516375137885,1.544482462191057,0.5200613925922285
-0.45255235698338553,1.5767786519167446,0.4521346359463548
-0.462040363216109,-0.9739906472862847,0.5582153095465103
-0.45573766436594854,0.7189381229761643,0.5234704019264524
-0.45269137347935184,1.499319358297487,0.42966240896118185
-0.46269723493753706,-1.1353548456359746,0.48286956956177773
-0.4567458365578423,0.4305432711485563,0.46143949694910025
-0.45683586920006214,0.46743475623373126,0.49191245234182446
-0.4542793211074024,1.0733602208390007,0.4656898550673215
-0.456905847845674,0.43162573095636664,0.4643554155358448
-0.4646785100423717,-1.9580037899961287,0.5246678875765743
-0.4593520634548326,-0.17981215869631126,0.5061345569367104
-0.4624725426372598,-1.3461581026385925,0.47270596215289085
-0.4547720945004898,1.0849630469142117,0.5366411216631243
-0.45642907084400397,0.591618603931649,0.430538123354821
-0.4559983203521386,0.6826442641855578,0.5193646331735339
-0.4539089114420202,1.413326745314606,0.43237586438899867
-0.4529894788613823,1.6836781933306504,0.4757346933935887
-0.46332481937457115,-1.5254255240752488,0.5820638230958681
-0.46325896540287315,-1.5426002470601194,0.43032084482611666
-0.45091595832558923,2.152218277170776,0.516269133470803
-0.4606629004873852,-0.7487808902802686,0.5821530045759657
-0.45833181320271743,0.04821560433441989,0.5264366595417264
-0.46230736894958885,-1.2069124132575308,0.5613650061787825
-0.4593237258627574,-0.4330264193837675,0.4686634297144359
-0.4634289306304737,-1.524883692303943,0.4731587759845261
-0.46179775796409817,-1.0910847957713663,0.6119540279344876
-0.4507586002292295,2.2578090697963975,0.4540545611714705
-0.45583439244528906,0.6426164181852101,0.5725052585137429
-0.4582747165711931,0.10077932338660925,0.5755759635440367
-0.4608260357983322,-0.8222780729357433,0.5256506355621339
-0.455112459084342,0.9862036566900634,0.45173592331472406
-0.45806104988560703,-0.07389045721924152,0.4860199722913385
-0.46005916286919235,-0.44417477862223603,0.49234575834645683
-0.45225539760057715,1.7755331771845178,0.4943684858375719
-0.45617479388700033,0.7316807710441341,0.47619248365018435
-0.456064901239143,0.6823969141176557,0.4509655537593819
-0.45359362724835567,1.4327647395158032,0.4367824576304008
-0.45623131066943995,0.6237173814876898,0.5244848723931971
-0.4593018174634164,-0.30621934993699823,0.48833479262609636
-0.457596895594507,0.252933575557899,0.47105208947502875
-0.45469811604645877,0.9629947312636408,0.5038580575713423
-0.4549476455016744,1.0856053235215615,0.48317434258160047
-0.45350021679115454,1.3285470320695871,0.5495636637118283
-0.46206558621596305,-1.0749371437698463,0.6099457972263753
-0.45502788191132465,0.9363024718726417,0.5499254751716419
-0.4597241616960459,-0.3196044815436235,0.5218629670320382
-0.45910124629387133,-0.07496665655850096,0.4858724231758822
-0.4608987794781632,-0.781094316143256,0.6231238741961626
-0.4591011995941225,-0.2162288554484132,0.5773824159551314
-0.45635092785696535,0.4790599581099888,0.6210243934996887
-0.4609109333818942,-0.8243457388377887,0.4603181905266741
-0.45387607115878326,1.2262331892558316,0.4560121809451947
-0.4605910918683587,-0.6061621918376106,0.5918745614897538
-0.4590042760761736,-0.3584976255794403,0.45025219669321465
-0.4588307842930605,-0.21214100602770908,0.515367859895571
-0.46088646891759555,-0.7482973033242968,0.5166061615966234
-0.4642067717839545,-1.8134729155482887,0.5133805271319062
-0.4532576116544119,1.521728541558362,0.43075638607635686
-0.4624508318943433,-1.1429712026232373,0.5216009691376542
-0.4605087805366107,-0.6648532013045501,0.43110007710921683
-0.4609263252102801,-0.7349193160336422,0.473885289608352
-0.4595905397929679,-0.40122717231275673,0.46580808819968017
-0.4530592987585896,1.4695169624657416,0.47498311460439885
-0.4556380888607805,0.6974063048804955,0.5112960491467653
-0.45958435110270796,-0.39098935123904416,0.516595405717175
-0.45914398714532123,-0.19485463569919062,0.48828999234674775
-0.4534006064080038,1.5361039924879172,0.4644953625819108
-0.4572119173819124,0.43224048890204253,0.47235309690995453
-0.4503789429155623,2.222317608705879,0.4630869149522001
-0.46111289534709676,-0.7566551677860839,0.5094032668293091
-0.4617058378054103,-0.968181275442787,0.5594426503890293
-0.45798060126908613,0.10481508045904327,0.5353271377440338
-0.4647473537374401,-1.8236635369885095,0.553882518434163
-0.45629328888595977,0.5373100391357583,0.5283232828742892
-0.4611480731133625,-0.7544855415875413,0.505315369577358
-0.46002767780477094,-0.46319938293283025,0.5459676464759234
-0.4543385652305498,1.2376051932783827,0.4861461039947499
-0.45956025628920255,-0.3825475027312279,0.606125505168933
-0.457746135110231,0.24901325957352702,0.573506386930589
-0.46150884128334585,-0.8745846347611007,0.48348518677661356
-0.45653434185432124,0.5565711507899715,0.44567635178016896
-0.4622758959899822,-1.0707771340934382,0.5637062843015717
-0.45783013954578333,0.1827975570923698,0.5604031603063854
-0.4546389597344259,1.0297903900524226,0.4049516511408487
-0.4555199784120267,0.7743660641941243,0.5261647028124361
-0.4582353992596686,0.016868087155083148,0.5254705958165594
-0.46200182884566937,-1.1555189168326683,0.48993409737527505
-0.46207176118285465,-0.999653082576462,0.47965291819859235
-0.45199245750311823,1.8467746066455486,0.5199638830457646
-0.4626227992372234,-1.3425803634006852,0.5481340240570463
-0.4578277413594769,0.23464388971945585,0.5090543509419586
-0.4608690117319322,-0.8986634434109302,0.485476247522867
-0.45718134439564373,0.18261081022656978,0.547561578508279
-0.45422345283060034,1.181055481471084,0.4668324293108892
-0.45959149970367447,-0.432262881489671,0.5105010027240359
-0.4602466154611656,-0.6070013872630876,0.5335729125573834
-0.45924161395731544,-0.23562167644356355,0.5094045123571669
-0.45733954863489745,0.30666405861389723,0.4941759167305364
-0.4546291192062648,1.0766845083047556,0.47577017537167343
-0.4597997915728855,-0.481121830578578,0.5360012204207614
-0.4609850497849261,-0.6998466522482425,0.5800836367482289
-0.4611599434130534,-0.7903511843232862,0.5013976600362545
-0.4635174763953339,-1.6487515708197327,0.5120193124076381
-0.45860506099495685,0.03687159761532544,0.49029315871510776
-0.451498788207157,1.90104178278711,0.49147122415608807
-0.45293388782686705,1.480675495305872,0.380437079983557
-0.4596028721521266,-0.39472533318573766,0.4357590022436767
-0.4571260735789876,0.378299209136268,0.46315089510126695
-0.46044075374731436,-0.7173262224743472,0.5709477453564015
-0.454701587140915,0.9852376005544122,0.530402076504907
-0.45399173804953763,1.2895211949594623,0.45539598965680766
-0.4611639079352659,-0.8920822359152375,0.4945349930897118
-0.4620450242498992,-1.1611945489395814,0.47292450205746533
-0.4532624681078241,1.521841011966293,0.428851895030078
-0.4598935732438419,-0.5000596091241957,0.4302580464796693
-0.4566379440363997,0.4864174087578096,0.52878891615125
-0.4596270733435095,-0.34677608143792416,0.44235069075206207
-0.455498334003067,0.7203282359940613,0.5169592520871589
-0.4566398126110174,0.4173967396537929,0.5093068482038696
-0.46069658321044665,-0.6858800683780393,0.5453289389658278
-0.45933302054119274,-0.3730376295945673,0.528970475620501
-0.45899738729483447,-0.1648187353904594,0.5498886143715163
-0.4527237620017347,1.5228264578440693,0.47348201313019056
-0.4557255177061123,0.7896149664119745,0.47838354774052094
-0.4585411899820608,-0.03308176648715832,0.4993070105433743
-0.4578400401552298,-0.042573307331827064,0.4783767336458967
-0.4583575765566913,0.05380073219052625,0.5023689120301771
-0.4642261806439401,-1.6305553321678885,0.5321041184170547
-0.45820467000664766,-0.19548943893700674,0.5428320794157105
-0.45706281134206495,0.3193962439289533,0.489449818584105
-0.4638538550733226,-1.702729895121847,0.5307269376095958
-0.4590238791168224,-0.11173054306472409,0.4704855320087685
-0.45653215187221885,0.44694060097938587,0.4925086412882604
-0.4607750696869809,-0.6597378011131041,0.5111860545032773
-0.4617674678590093,-0.9681559835837148,0.5439552142836445
-0.4566874338733563,0.45831611400120537,0.40750174867775785
-0.45548932289597427,0.8788382781159434,0.46195777763350354
-0.46539942619178654,-2.0945963367165445,0.5896993549792359
-0.4625213769295328,-1.1093065837224791,0.47402287853942243
-0.4552562692698102,0.9322371431185434,0.46863148936548343
-0.4607565624156195,-0.6674616873964904,0.632484035044548
-0.45430440138098915,1.0940969705655856,0.4838457271235366
-0.45552086674074205,0.8440925083843294,0.5212628945527163
-0.4582671323286827,-0.0853786962723352,0.5342890262888942
-0.455448450301262,0.7523849144857423,0.5419846396497364
-0.45774691759521646,0.19721347075134132,0.43988293356667774
-0.4561238206832957,0.7541679718444507,0.475933270087242
-0.4561532323114602,0.6423695323180199,0.45244886552801816
-0.4650545932805148,-2.0978846418220036,0.4509205003373296
-0.45629149737578895,0.6090194319180976,0.421964279886089
-0.458906724669137,-0.21888753698200833,0.4880794185843077
-0.45773991902192346,0.21807049019593108,0.515624375159741
-0.46519163892259047,-2.0630829783521585,0.5505590228819331
-0.4547147178469497,0.9462372909117562,0.5046445207030352
-0.4628386728740908,-1.2440774343685348,0.5639789609245671
-0.45682307798031424,0.34552483321061817,0.5149073494332721
-0.45672706131261837,0.5718378236740362,0.4846141661359874
-0.46525353949254933,-2.0284378421220386,0.6057480383413938
-0.45764390772470326,0.3312790768650873,0.5301795741297162
-0.4547183555177733,1.1100147225396526,0.462615381685608
-0.46426248237322354,-1.720048720406379,0.49514956642864605
-0.46171315440976507,-1.133444813454759,0.4308326703057824
-0.4613872488853039,-0.8591310389474339,0.5565469407125375
-0.4521443587008134,1.6067398590640734,0.4922976042729223
-0.45456124468234843,1.1836198821875155,0.4478494428971396
-0.453432927250549,1.2761113785813087,0.5327537215144524
-0.45826004427937544,-0.10271014724234027,0.5578002374559176
-0.4537266685225895,1.3614723159283235,0.425372240415657
-0.45562429266481175,0.8250652846790261,0.47034266500019706
-0.4554618465600162,0.7901183193350937,0.5083679679000341
-0.46031733248183526,-0.411798515149578,0.45706486126092083
-0.4618772729009382,-1.026047286885981,0.5322630425574657
-0.4643793498124918,-1.8980383706564672,0.5310405105038007
-0.4621490908418613,-1.2556665827824942,0.46895016675868917
-0.45834544968863267,0.034511702314478095,0.5155466901907558
-0.4586005822045252,-0.20688495662636205,0.5082799167026311
-0.4607612760459182,-0.8978804694820163,0.4498349043029874
-0.46067364831270824,-0.752815071886833,0.5680646075488063
-0.4555462087975008,0.8784992321387557,0.44018555253503344
-0.4554195888870732,0.6655569718224821,0.492815035297584
-0.4563731040547175,0.5916232999759848,0.41019981815867035
-0.4554481133347783,0.7682491930426267,0.48767964195983654
-0.45613471717646725,0.6630408023079937,0.440936325454547
-0.46190400352101796,-0.9869877814856615,0.5334665179100381
-0.4551173735463923,0.8798899031755332,0.5341647289112716
-0.4521567686223093,1.79195590448648,0.4923972658100785
-0.4643008345658453,-1.9668480181623953,0.4985039172172649
-0.4561538725706991,0.6405853375822974,0.4589368462375012
-0.45524633991935093,0.8085860307989857,0.5178687211037553
-0.46326376333008734,-1.6138692222938744,0.482816140599897
-0.45823915485408184,-0.007661613138486768,0.5455564034265116
-0.4614230733301549,-0.8765231245683742,0.5036823924900012
-0.45766722827595324,0.09306809237821576,0.5626647440486225
-0.4557795388511818,0.8391447192596643,0.4779270940292876
-0.4576815692993316,0.176204611401068,0.5055367382385548
-0.4570250722113161,0.44489544014066434,0.4763242413521583
-0.45510713194849,0.9172888212526751,0.5536909542390652
-0.46282148917598165,-1.3654281053084778,0.46893487748734763
-0.46460007226524347,-1.96527217615407,0.6329647867956312
-0.45276035384470964,1.66522016328817,0.4224424444508896
-0.45686149354033545,0.4436203856209792,0.4853834273039992
-0.4613061690152847,-0.9094970246635685,0.5886478365502275
-0.4629089506716198,-1.4399184809131367,0.4024903108195735
-0.4605283329157035,-0.6653272627717592,0.5325819649530507
-0.4514796920330139,2.008131811929872,0.49855680477149966
-0.4559183249843036,0.7536457976131079,0.4622589704463037
-0.46055637050693654,-0.6606114930908425,0.532822537362539
-0.45759573798224673,0.3241013377527015,0.476282440831539
-0.4604163485727117,-0.610430504199682,0.62944479308625
-0.45928931579396093,-0.2513567234792481,0.4562168781988823
-0.4631453835213752,-1.5952899321751342,0.5174658640808927
-0.4626325858100885,-1.3129350652615586,0.40972110867173644
-0.4606666346234812,-0.7619969305679457,0.4477590313510488
-0.46397599342617735,-1.77813893903462,0.49783871273642905
-0.45702542205824387,0.35950022243805807,0.4338811489673154
-0.45666450643041123,0.5748983384288666,0.4794195930545269
-0.46023964658044364,-0.5343935227909307,0.5701539435695945
-0.4612787753451942,-0.9214908735513433,0.4024734791172088
-0.4628769050430722,-1.3283663550258031,0.5348503444694795
-0.45485229628207025,1.057619070631244,0.42933690696022764
-0.45206480494093565,1.9157775453387742,0.4588631211886178
-0.4630012681288201,-1.2594450872384888,0.6348834357611323
-0.45754277827530615,0.16714539670150355,0.5430666318662902
-0.45644272984007617,0.48222610629067625,0.39509200878956013
-0.4602166016268534,-0.5265354885352278,0.4782749099078637
-0.4623127282599266,-1.2381443356622328,0.5536448376326731
-0.46069467921147383,-0.6001049438552535,0.5764841803639186
-0.45929297388430457,-0.3250827436289675,0.5695097118214716
-0.4604177910600997,-0.5543047331807658,0.5659718156491224
-0.45616663547493214,0.6453421372565497,0.4440568033383881
-0.4538683047638262,1.1493378693254952,0.4694536552310043
-0.4647423317355946,-1.8837475903686614,0.4607519755400686
-0.46178680372847103,-0.9190687107629998,0.49676792434850614
-0.46033741361171915,-0.6090404767372646,0.5828820458736654
-0.4563911503502217,0.45367071334194775,0.5347472791251441
-0.4597340552232179,-0.3798779052825324,0.45140677299020976
-0.4565040231793616,0.6114336223529204,0.48234023620285155
-0.456636318151672,0.5562181121150696,0.4611031808648493
-0.4576619337022053,0.1986901985386157,0.42057994306983715
-0.46379735152462415,-1.62686233936705,0.6126993833138659
-0.46142031721426463,-0.8951668392811413,0.5370802546552009
-0.45670713139740704,0.4657566813157649,0.4979394677121652
-0.4594306254263574,-0.2750311816767236,0.5786489198371927
-0.45322506816220354,1.417576747366814,0.5166069577416725
-0.4616865313386929,-1.0702555441033461,0.5666842691395598
-0.4573484178726504,0.3233432581369508,0.5386114685678203
-0.45912769031694667,-0.19952345067169,0.5032409837351299
-0.4621803035027602,-1.169330328333303,0.6258286135684986
-0.4645985382534209,-2.1189587708887965,0.5064056902270401
-0.4550434143835813,0.7892246729975281,0.508889846522459
-0.46295007556039347,-1.3621114834004449,0.5538388192091208
-0.45821975593021613,-0.2131277898372683,0.5508087957330755
-0.4646795815115924,-1.9938251423015783,0.5463017256125114
-0.45400663822559983,1.2027854237142563,0.5144222030838697
-0.4643128989513279,-1.7776878328625298,0.5313282784723808
-0.45883599932994573,-0.2279150419233693,0.6046059019448149
-0.45837605321492014,-0.10535580321955758,0.4607704551364089
-0.4596583271907368,-0.5683951063986019,0.6840292401984647
-0.453152611882963,1.4516089024482945,0.4780930182063957
-0.4568640851793442,0.5029202917004768,0.4590245886235982
-0.4557034743594344,0.6773986977147712,0.5320314181907569
-0.4582334263504038,-0.14053984562946908,0.47694329059466617
-0.46077501918347463,-0.660465107789981,0.5458072435436199
-0.4566868314173442,0.5024353486337663,0.5343368079231544
-0.4576521607018501,0.164057547445116,0.5550316226054306
-0.4572906783673168,0.3583626784475936,0.45037847410636844
-0.4615579827739981,-0.8300608628113602,0.4694908557659137
-0.4619337242438553,-0.9308637967274707,0.482236147123823
-0.4547829611596735,1.1666670772199272,0.4788513146301409
-0.45931068208198494,-0.21370473450260755,0.4661736720538133
-0.4594790863098719,-0.3192259142314989,0.506042600489128
-0.46285566744555395,-1.2894421986795912,0.6267586148268437
-0.4634442782311021,-1.5393845237577244,0.5827405340268556
-0.4585615542750675,-0.03701022060413925,0.4606454197516427
-0.45642641563416525,0.5580788029866951,0.5543568703879074
-0.460344596634746,-0.5215146107688995,0.5385497999677203
-0.4633778412155673,-1.3510287309256388,0.46462597469842487
-0.45797852335054284,-0.03954938914114656,0.35559604904759323
-0.45096823107433637,2.0972325531419505,0.4783088699098954
-0.46280167722816884,-1.4875831249247131,0.5292610875722167
-0.46022368854079604,-0.5549967833986784,0.5848000144582477
-0.456364255662977,0.7156709257359476,0.4782877814787014
-0.463813364110505,-1.5646879070066513,0.47791034123586684
-0.45024616771572123,2.2573888123246393,0.46706021853332064
-0.45127292217186094,2.184176461237141,0.41355713578031483
-0.45635002896404486,0.4823419681380309,0.5725164267887632
-0.45838629527175295,0.032087005435555024,0.4903407684280109
-0.45762916932668685,0.28555880197796984,0.5338962249785116
-0.4608726913564993,-0.7129668548413816,0.5434423781349823
-0.45770430582824106,-0.008288832841115049,0.45829899784915207
-0.4594042482526319,-0.2524036507369319,0.5023482529922605
-0.4590618983787873,-0.22800178495003795,0.5397135954980321
-0.45455001531145983,1.0186792517184597,0.5915227159942836
-0.4598291534087243,-0.46731567877771835,0.5446470049487041
-0.4504044962030677,2.2664602125995237,0.5340736183789042
-0.4606046747821366,-0.642305055509525,0.5241862791220886
-0.46468027871132733,-2.0317819073881824,0.46561219247803803
-0.46093702062577263,-0.8072029342468907,0.4695464148307412
-0.4537032883868699,1.3098682744792092,0.5378776291406374
-0.4588178749282759,-0.14028596577409339,0.5425129041860797
-0.45570066813889976,0.8606680026740604,0.4719148524729895
-0.45952431746812394,-0.26860037831745553,0.4625763105072238
-0.45585463867562126,0.6230398666534205,0.4277839239999131
-0.46373884694584716,-1.4693524349535536,0.5748447504870293
-0.45971112679560766,-0.3897464229850162,0.5643219926160534
-0.45258476729152475,1.7386786854083702,0.4989353186483604
-0.4606548028797558,-0.4871888415185278,0.5578865408533757
-0.45238924730744745,1.7030652920346823,0.4808304497094755
-0.45183732992260756,1.826736517451358,0.45658238938502654
-0.4557842881933024,0.6443390819294471,0.47233342563568953
-0.4596346379046371,-0.5042558256105077,0.46484782860108154
-0.45159101484347725,1.8444355427544998,0.4489225825699487
-0.4619791242697888,-1.0232060605591227,0.5492788303345111
-0.4583873705255664,0.015610455408466612,0.597886061764681
-0.45054209403730877,2.2068092613934964,0.4896156401048143
-0.451128475705979,1.9933338622955672,0.5307445983828479
-0.45751854516878876,0.3420909516767376,0.4593779023861173
-0.45962124932972254,-0.4494605443351518,0.44455735792291284
-0.4562523473527131,0.6643557383573541,0.4703946596730139
-0.4605981251740532,-0.7392410632123928,0.375271925652523
-0.4566393926791131,0.5742861584312763,0.4667792978288534
-0.4533053545924477,1.4669360279953465,0.4370924237879737
-0.455525224481846,0.730411567460546,0.40844921965204006
-0.4608208398302779,-0.6634515165784908,0.477470690474583
-0.4569583079924164,0.4130078690428842,0.4452876859428219
-0.46414824096626506,-1.5800431408987758,0.4923519473397813
-0.46072848666269306,-0.8738684266442849,0.46231806950784826
-0.4587914032679841,-0.23519138319468835,0.48824554235891787
-0.4531680468980835,1.522144453931331,0.44419816572634974
-0.4586403164925974,-0.020518835877023633,0.49979436735024607
-0.46174038585432303,-0.949943618997261,0.5681729818460272
-0.45933840147270155,-0.2887837648273887,0.5826882111546537
-0.46028870700938185,-0.6299372643422704,0.5338704904745515
-0.4568156551574969,0.4693213696433795,0.5109698307386696
-0.4556665434657857,0.7534636630940392,0.4598105379696625
-0.46001817897200553,-0.5063194659733723,0.5126737573326259
-0.4544342928487502,1.1814603845345824,0.41865468976757847
-0.45871552201188237,-0.1394550511783078,0.5202100882524284
-0.45766899981940373,0.12552298843922077,0.5813878161325946
-0.4596686435436674,-0.46730562875031906,0.36412095736045924
-0.45244732959361794,1.5807178061844924,0.5395759283627466
-0.4588015970126116,0.0003990907425825653,0.4367728198237588
-0.46190818551259316,-0.9888563061223125,0.5414760481654121
-0.45437323438407246,1.2548135259546982,0.4768156375982168
-0.45909020263918016,-0.2727007139693912,0.6637447674508159
-0.4530524312341683,1.418585159217978,0.5036612097849602
-0.4572112201605714,0.4306734480952512,0.41844052435703255
-0.4619486686687778,-1.1371514837448988,0.5008960436228209
-0.46363316615523054,-1.5710448255762224,0.5463930081885603
-0.4581380078541264,0.11126645631835744,0.5004391126856073
-0.45191364444042514,1.8646999338304069,0.49801678659315884
-0.46297778427152175,-1.4295178492370015,0.489084454892329
-0.4553313038981871,0.825598646001651,0.5139335727637274
-0.45918277336705265,-0.2863524624135037,0.5024826994089194
-0.4598554886364817,-0.3277009854620632,0.5621466688930548
-0.4539934063185227,1.3993294630906714,0.4683858977421157
-0.46133986786021053,-0.8921214112347288,0.5490950690829146
-0.4610107735049022,-0.8637440831485289,0.5819866299221704
-0.4560280369210135,0.712979266596205,0.46533238619839007
-0.4626366139486703,-1.4046685949613533,0.4650052698748941
-0.4632713156382247,-1.4763055198384452,0.5902997130932119
-0.45687960456127,0.46818437559274817,0.48449841760743045
-0.4566549533486322,0.48316847443650024,0.4419410047158443
-0.4529564187345503,1.52444161720733,0.49388888644100537
-0.45339914652576363,1.3993668796019831,0.5081945221662498
-0.45746942314837896,0.1637111955362418,0.5733699490742069
-0.45446328826793525,1.2190105613059445,0.46740325437123403
-0.4603680076038389,-0.7468301138426024,0.5114500516994542
-0.4588918673570036,-0.1048586684393939,0.5329828241387912
-0.4632389907562229,-1.544915755254377,0.5159135861708156
-0.4608054006254847,-0.6254606110887008,0.46620227262549074
-0.461959809903042,-1.0029235254628215,0.48761744239873356
-0.4555670782966255,0.8885345994636116,0.4298963210709974
-0.4567780218433774,0.4991001233983458,0.4893987330745272
-0.4619741474391482,-1.019208851616507,0.516136474368354
-0.4568373043643028,0.4840408981248918,0.44386166024225543
-0.4565158597034719,0.5428047955352933,0.5505375605879189
-0.4559430471431876,0.7534072779965073,0.47235494319720034
-0.45939667327530154,-0.28365535986033186,0.5347740376418268
-0.4574530447785188,0.21530466845290103,0.5380830587205963
-0.45416302725548563,1.1848774243106666,0.5271786947022048
-0.45509517837805463,0.7889285319084509,0.5179151622724056
-0.4597689590807481,-0.5524047471565139,0.5412490402481568
-0.4617576413557677,-0.9314997316004776,0.47539603338154895
-0.4584904334627391,-0.12735791536066063,0.5279417458237421
-0.4561532489786853,0.5390607723255519,0.4854440964054125
-0.46402395233605315,-1.8535410090181461,0.5357098139681321
-0.46081399910573057,-0.6781129580544818,0.5177606535653619
-0.45458118721547797,1.144019560628738,0.5132044844971072
-0.4602236361395554,-0.3657950362283754,0.5253381151020732
-0.4589965619551755,-0.17682197066993763,0.4920226473137938
-0.45898420828005226,-0.3605388938431867,0.5056499809928027
-0.4610267186168406,-0.7890746273102827,0.5368153176921107
-0.45897689510239176,-0.2332631527689837,0.47332865041775446
-0.45457070629435165,1.1112764025129753,0.4244082709556689
-0.46070108158161194,-0.7762490395324579,0.4728130865317238
-0.46306608285413436,-1.4581322787204685,0.42437902652905224
-0.4574319120432117,0.07037249959598717,0.5608607645908996
-0.45151487189497364,1.8949825893230223,0.42677303718915155
-0.45675352828000126,0.5015796399208362,0.4491720219459314
-0.45818443657601,0.07346135200986349,0.4392916718141917
-0.4603841567071227,-0.6782540363815753,0.40631415859386827
-0.45792873635870723,-0.014099553510213502,0.4568747701065019
-0.45244105080085617,1.5903342983110904,0.5057563390239804
-0.45274145914620617,1.6295413082719679,0.40962188791002935
-0.45052456403336855,2.2062305741219332,0.5235656616186806
-0.45662666444422284,0.5573932782741593,0.5411094474183863
-0.4520517549903164,1.8086330381088596,0.48373298259113473
-0.4523882461811469,1.5249213497432301,0.5135820551219658
-0.4504508912301222,2.2923732908785217,0.4321522351223754
-0.45670045209205995,0.5178156014785386,0.5100856257474432
-0.45794829879393906,0.12116728245885874,0.4145021036594726
-0.45688746069454705,0.342049468223029,0.5315861893663543
-0.45706724897994444,0.3979035859776839,0.4975769389858122
-0.4640736802962239,-1.6796204600061142,0.5538620134580278
-0.46362423301552996,-1.4188219575479837,0.45758007719891197
-0.45126339228443285,2.062796093806074,0.4760923378052539
-0.4508215305001325,2.1676207837965116,0.47365571048572835
-0.4579943379959322,0.0899535518060018,0.4727638713720886
-0.45949637828636564,-0.40944227397671734,0.5175876623004324
-0.45648227924239176,0.5746818904322896,0.4347629186669366
-0.4546085304507566,1.0053375701187786,0.48585992318344073
-0.4561673216331412,0.7179080941072326,0.49463093957487164
-0.45571568553800773,0.8246518084110992,0.48789799919110977
-0.46320662476855773,-1.5970274448255115,0.5202140672657748
-0.4573665575622558,0.3591440361939346,0.4506889917791976
-0.4547024114460559,0.9876332248929868,0.5649088435974617
-0.4578457914378311,0.25291587272393795,0.4868357667089303
-0.4519606980217754,1.703936087449215,0.4828476392929824
-0.45187546227449055,1.791310275573407,0.4707677299072056
-0.46122343385914444,-0.8209067266899446,0.5254165626461412
-0.45296835562994886,1.5055793720625112,0.4832312634995489
-0.45669102992913513,0.3965056380945788,0.5275793797578033
-0.45672226155697315,0.5398250799385405,0.4749372914203431
-0.4633865035908486,-1.4755506997927996,0.6093849274184597
-0.46000795476160655,-0.3796261438367594,0.5181148032798035
-0.4593174095414593,-0.20332917924567856,0.539156446864197
-0.45009415643900225,2.223337961338051,0.46048436966867745
-0.46199320412722295,-1.0720139814699794,0.5586657217653944
-0.45560510040965413,0.8054114547862005,0.46292448199094066
-0.45749236919806285,0.26528701032201507,0.5756901455652711
-0.45568496131106,0.9094577276242355,0.5146390070713066
-0.45983996833064555,-0.3371076832510665,0.5375013463129291
-0.4616297416612515,-1.0588223980612907,0.45070396662591683
-0.4622779034506624,-1.2528082008978991,0.5675761536845056
-0.45105797223015065,2.08049065329126,0.49922071968966775
-0.4530935002359594,1.5234813969180634,0.507283182671643
-0.4578729313994218,0.07324897245686761,0.5065489080173243
-0.4571856549424156,0.4662320338860297,0.4478940048445759
-0.46314319269178844,-1.3455174498665252,0.6002016885816649
-0.4541701802103909,1.1667473976635023,0.5396528130596164
-0.45771053626474567,0.14705939991954542,0.5354091266292716
-0.45285881167937253,1.6676772774998683,0.466543745411964
-0.4570690320913035,0.3531465291751861,0.5332426150172912
-0.45854707721009436,-0.03935154519703724,0.46410983383607113
-0.4601462946118496,-0.4992417766012699,0.514140858395206
-0.4569282395767246,0.5038544454200735,0.5071835095060153
-0.45627830054814805,0.5176373515432261,0.5773998230444729
-0.4538953108605097,1.414599115649611,0.4575433463960521
-0.4579967379903576,0.06913424056258395,0.5280067273062636
-0.45398326960975577,1.304749255458095,0.47248560812283913
-0.4634999234287665,-1.5424002629624705,0.49321707363936224
-0.46189610294429684,-1.0533743106260525,0.4721814299511954
-0.45446561572631855,1.1131381202358877,0.5404628576469858
-0.4605295326135943,-0.60917450634047,0.5568873900446619
-0.46060196918558177,-0.7536995836179641,0.5027697637523515
-0.46283939432150933,-1.25395345905984,0.49690919781933607
-0.4590783419444575,-0.3795539421087103,0.4684701699932539
-0.4591756672176073,-0.32322620967510485,0.5786152998585
-0.45844595167167695,-0.0314673190065347,0.5226331936452067
-0.46075995071697395,-0.7854584959303254,0.47198592576154386
-0.45490203167051585,1.0562404058866304,0.4609091776068546
-0.46256417987937837,-1.218789044841952,0.5859699011520446
-0.4599085795224026,-0.41657626017861055,0.45459629111185196
-0.46337652901208587,-1.5978471799859673,0.5318792953441557
-0.46292178812799223,-1.4872892220131886,0.5212793030433224
-0.4601552464538588,-0.5179752058198503,0.5445411385349856
-0.4577457058863826,0.1932493380419788,0.5490809988180323
-0.45484849514676684,0.9161042536972526,0.5659597848029058
-0.45696754645532145,0.4315142345524931,0.46166161864422145
-0.45641373863823154,0.664407468248731,0.46120338728702687
-0.4606785699246176,-0.7873551322794521,0.6303353149157358
-0.45666388260908714,0.5015464389228094,0.5564169675411909
-0.4574075450266936,0.3226097680631123,0.4735629990925458
-0.45403837946681325,1.3081916366503297,0.43027505792220555
-0.46123803764341104,-0.8985112828591388,0.6359097775148727
-0.45566729485157154,0.7547232794291102,0.5326875771000039
-0.4645153978619962,-1.8507521086466954,0.6420114012589335
-0.46258194411850795,-1.3640090707058012,0.49505828703550364
-0.4591626452037369,-0.28270639790769836,0.461975633336504
-0.46115547675758956,-0.7898320502884828,0.5491125913200608
-0.4541004553792326,1.2353162455168782,0.4861767476839386
-0.4578963424207303,0.0035310467440561777,0.6690975469930137
-0.45357751314875816,1.417003188179061,0.5168579770503746
-0.455327681548157,0.6830257375576814,0.5263434355724649
-0.454583032051365,1.1473042997762208,0.47864829303988765
-0.4552375721031572,0.7482926482135835,0.5288106449764167
-0.46343837781076386,-1.5442836337853163,0.44892258787597494
-0.46285491480335317,-1.3449288442750575,0.477322348929662
-0.46510070717869995,-2.0018998408070647,0.5957737346016663
-0.45784835397300044,-0.113733343249781,0.4681633714306984
-0.45813080505108783,0.016342640650606446,0.5962083358008341
-0.4555756053415158,0.5959667545777887,0.5104959974101768
-0.45074824334142316,2.117171454241063,0.5326586561563799
-0.45958032453208847,-0.3233893334456587,0.5392385727458818
-0.45539126289941734,0.7506498163552645,0.5582621342418782
-0.46111259305996655,-0.7745897365205937,0.5023742881101486
-0.4616016268408643,-0.948724159677866,0.5955295477801199
-0.45183240293991134,1.8112504809413303,0.5418190935704601
-0.46241468048671797,-1.2226446334530627,0.5991179185297397
-0.4604370159649628,-0.6428384105830378,0.5836895861583742
-0.4542961670790946,1.1943614939609284,0.39366330742457517
-0.45469761796559705,1.1481066025847593,0.47540958344556106
-0.4566354246505143,0.5024939184793602,0.44682928571216635
-0.46322817332464833,-1.2476774904928074,0.47934731252182755
-0.4566688550261167,0.5391043485801957,0.44219073923423646
-0.45862151729511774,-0.12226858311041679,0.5377462674418794
-0.45542018456367267,0.8065369939683991,0.415957077523104
-0.46052453704243584,-0.6766242390508633,0.5228886541018529
-0.45716264104401366,0.43246773539980293,0.4925691781747567
-0.45047877151365534,2.0928177988067067,0.5295844843107692
-0.459362062608817,-0.41486036643994373,0.458897325805985
-0.459257308020136,-0.34335142669099583,0.5239467157394312
-0.4631073224170692,-1.3576135960034872,0.5107187734246947
-0.4608491181979385,-0.7063305657437229,0.4976907223192699
-0.4611464609136313,-0.9452498180474135,0.5496518358260062
-0.45983974440700376,-0.4484947976323484,0.6004928945998609
-0.45597983476953674,0.771577323417896,0.46097652836880587
-0.4624586699973226,-1.297096279489197,0.44220854075742
-0.45741188500958246,0.23645944699166296,0.5303930544814279
-0.456364531665024,0.6043597091582886,0.4977126369313724
-0.45712271929772974,0.1661418442626276,0.5904915521847713
-0.45836431900037045,0.14348105126848557,0.4934792385400192
-0.45159998803600643,1.9698475572265337,0.41751981519807624
-0.4552332170912115,0.9985288397809426,0.4434319802123175
-0.4580050616834112,0.14496369827533678,0.44872203128138116
-0.46418725378496,-1.9388379114663268,0.5249395330022186
-0.4595399798645079,-0.3620478736395549,0.5163807143915166
-0.4581995395959211,0.20743475878038722,0.5647931070061303
-0.4580896767165744,0.10669012595293106,0.4311680265168882
-0.4584060775790506,0.037536081982347785,0.5317048675812986
-0.45329053513273854,1.481921331151712,0.4154965383849064
-0.46003328781904573,-0.4314644789495229,0.43309116913097273
-0.4528376860979584,1.6302154754851115,0.4223234336160644
-0.45936675172106656,-0.2719456253010199,0.4292891981308152
-0.45627129017345686,0.5592471402985661,0.5656609165723672
-0.4549911313408385,0.9666399123308933,0.43683398060102097
-0.45341254407448117,1.5054034863456291,0.4398878220052442
-0.45674283176901137,0.48335031279279067,0.41157558304694636
-0.4589623761828887,-0.2530181111684358,0.44145765728758063
-0.45887150778835123,0.00984789331724245,0.481549534589102
-0.45751937115291524,0.3087548117618477,0.48317905351159424
-0.4582281902760406,0.05531777948516665,0.4960273999122908
-0.46339415930534766,-1.5055878254216943,0.42240208592261236
-0.463595326630309,-1.5525986989624216,0.5570564277523772
-0.45926618092342913,-0.3410808872148263,0.5675889511843971
-0.4628695680756083,-1.4705243828388292,0.5067335049871912
-0.45916081122505154,-0.24770651135576038,0.5212384821203335
-0.45567900715526594,0.8057384595763614,0.5164557155071853
-0.45828795936118266,-0.10113689580349398,0.5857797217757278
-0.4614746387474636,-0.878610672720445,0.5340111960915044
-0.4624063978456894,-1.0782099478829115,0.5897539242571282
-0.4634452281419391,-1.4215126109294365,0.5810879534180617
-0.461881067783549,-0.9865817038857297,0.49795568678042984
-0.4585600758871806,-0.17702123546505874,0.5205214807525333
-0.4539839180939829,1.1320260268443294,0.5668007902506025
-0.45633491852508645,0.6465997169001625,0.5052482333664654
-0.4614875089501858,-0.8928846343969314,0.4950237657443233
-0.46117949950681814,-0.9058568354049954,0.5357519951567198
-0.45724112175903553,0.3717879654091805,0.5170939182190982
-0.45736473140094036,0.39593518445040377,0.48058531640130875
-0.4507228621700154,2.09750849214762,0.4797070449331206
-0.4560783361315368,0.5773309854438217,0.5838976832158222
-0.45515208570046656,0.9512439825586028,0.4928455567504102
-0.4592670121052265,-0.253063376393101,0.5723763131225935
-0.46470135482419095,-1.9161481563839922,0.631469292457851
-0.4637408958092142,-1.742950040980461,0.5770238435002027
-0.4561433383011342,0.7703249866550927,0.4828143592519504
-0.45449525616531217,1.183273046191459,0.45695443244743217
-0.4551538136450462,0.986766626705138,0.47154327350500963
-0.4586566327165483,-0.19890338565834725,0.49621380438489276
-0.4591845800027927,-0.247137087600175,0.5586720451281261
-0.4504344351026761,2.2577742188233505,0.48551826276527493
-0.4632395251862389,-1.4649329843898224,0.5218056520163674
-0.46320817679592263,-1.4162281464571145,0.5447932168849302
-0.4586490616443477,-0.16313936776536925,0.5494597064547516
-0.46109740841558394,-0.9188450390003648,0.5047707021318522
-0.4591085679926999,-0.30172580243271674,0.49770366227282364
-0.46208570122119136,-1.1248575325485788,0.4811434030217546
-0.4584958945510529,-0.08929799173109239,0.48233727987242014
-0.4590396749016602,-0.10675763313136921,0.5151046670095109
-0.46043663142824787,-0.6231344899396186,0.5659628261653791
-0.46409151131772536,-1.6576583130635536,0.3855640050042727
-0.4588198377610994,-0.24984844934767633,0.5733897812533617
-0.4564732175706342,0.6123455739165774,0.5018353079590238
-0.4594927953636095,-0.39463966532653605,0.6457119173303691
-0.45610671521725743,0.6816755848915246,0.463483542890252
-0.45578125088662974,0.824722600038213,0.47952785918903446
-0.46363700311460143,-1.5781967309322462,0.45101369916923556
-0.45305015510095004,1.4871512304348709,0.45249034564879315
-0.4591831995596947,-0.056633862758617655,0.5120450355026895
-0.45449273178133526,1.2621613516314556,0.5308493330097132
-0.4583569706647713,0.07233039219314472,0.5505243857720472
-0.4564450903096202,0.4241708117362247,0.4664011096023396
-0.4557193413725399,0.6855891971710779,0.5596564077800267
-0.4541572269228476,1.2713390008037648,0.4129787996428846
-0.4643261687458828,-1.6694313397716585,0.4549679326097382
-0.45546937172171303,0.8611477294168607,0.4615763302733197
-0.46370048086815524,-1.597605552010381,0.4523623211004587
-0.4644547686545592,-1.8994374240387188,0.5337741661007092
-0.4580087975906177,0.19694516914100946,0.5678722758884547
-0.46013672917552007,-0.546379269126909,0.5754430573545185
-0.4571318254486085,0.28491530917265284,0.5515064670859284
-0.46196598416414103,-0.9648449126630269,0.5238884560862508
-0.45547330124032864,0.8084624127457233,0.5500619940304402
-0.4559956092708302,0.6108903701541396,0.5160905362301966
-0.4613387403641114,-0.9682420157936129,0.604614244816294
-0.456278749496911,0.6640883130774684,0.4292106581585396
-0.4555364206419421,0.8220691261120766,0.5575077654146517
-0.46009625318357183,-0.5921957480938359,0.43936758487195743
-0.45731283240536064,0.2723033050817864,0.5387294605147105
-0.4575781652084507,0.12488605220484107,0.48722480288699094
-0.45374206347803026,1.4152356555306533,0.4650626850175967
-0.46407241692723566,-1.6783224741749225,0.6180091090556755
-0.4630724117145905,-1.2947845554142716,0.5922559056186475
-0.4609852761265557,-0.8250395754863128,0.5874995797383749
-0.45621427899882155,0.5772440977418328,0.5135189618369164
-0.4579097070648106,0.16363719057170278,0.5124691669769977
-0.46057658052201156,-0.6417445014294587,0.5238364590567288
-0.4583679705221965,-0.07108923562594609,0.4591929618470223
-0.4615535363624185,-0.8842530176024084,0.6066438245349667
-0.45593160999876753,0.683159989986182,0.5445661458138467
-0.4599286972857989,-0.6971627426150058,0.46497019134886663
-0.45909085361484936,-0.21292943710912152,0.5073336389459043
-0.4573770308160896,0.34214899007425004,0.43667313230554766
-0.4640019722524931,-1.7921611567790885,0.569572636752579
-0.45513255971997035,0.8635692393356152,0.5435347798978015
-0.45888107816856855,-0.3026231937892206,0.47153993204984035
-0.4575594759358965,0.2012335107500897,0.5339704824229575
-0.4541847828555093,0.9718994931784006,0.5726082456833882
-0.46552731510262574,-2.0392439264765936,0.5366389603332101
-0.4561500668111391,0.5018217987493406,0.6207080767163557
-0.45811601764890125,0.034590350545479695,0.5453874932853988
-0.46206722003919737,-1.042050515305424,0.5719098520513753
-0.4588207305022403,-0.2267670974516108,0.5747611729570716
-0.45827098385300086,0.038837080897348455,0.520832780512692
-0.46033976146508476,-0.5712308420822172,0.4795752287315138
-0.45301226079596935,1.5757183804513233,0.39074091749499534
-0.4647324570097615,-1.827939034142912,0.522271478702093
-0.45057670109315834,2.2211892243881515,0.4231059705845624
-0.45762424007595176,0.14468544059610441,0.47673159573861684
-0.4585255723286714,-0.03797091172659116,0.46634537982156526
-0.45479610885425636,0.8994639333817969,0.5686135923816165
-0.46485870388749284,-1.7749860280925138,0.5290426474282408
-0.46241399277799783,-1.1473296969805151,0.4683364999069121
-0.45432658064648646,1.0938693263079156,0.5122973717160525
-0.45671095986714827,0.5756823344739574,0.4734576473341477
-0.45603759698093826,0.6291713030151643,0.5146138921771928
-0.4564160368948854,0.4988478152333585,0.5103813728684807
-0.4600899846788175,-0.4857705555889367,0.5746399404091459
-0.4582243399158442,0.1274350523577418,0.4983690145367661
-0.4613871798280536,-0.8627377466047799,0.584879513434852
-0.46228180254216966,-1.204133362730707,0.6406533448118078
-0.46105454373705096,-0.7239598262322333,0.53950915537305
-0.4635070168136951,-1.4586698470137538,0.6507070795591245
-0.46100740739300194,-0.7364078903364738,0.4056178509420948
-0.46138300554720973,-0.9101540759471626,0.5071653737160899
-0.46348540673342115,-1.542829405953945,0.6415746775047191
-0.4601139754236746,-0.48632204447031024,0.5137034375241577
-0.45864973774328527,-0.12534414869083116,0.43703533843495784
-0.4584874052130294,-0.06935943013500903,0.44029536824837384
-0.4578501641085914,0.2512942699754001,0.5071134237887678
-0.45689297409216556,0.32002357543194826,0.5639967110718498
-0.4568385699584414,0.5394206491605746,0.47803240021116733
-0.45860246138157595,-0.06813547442487657,0.5060023476965976
-0.45155573686834877,1.9723424623425487,0.4609323802748519
-0.45998875499399255,-0.3943289561330798,0.4641804680183111
-0.45453108220578264,1.202605226884773,0.4787819407422612
-0.4634279649362897,-1.5580299526993588,0.4048629271737789
-0.4622217791561169,-1.1288049945548448,0.5713494084536397
-0.45798409350924,0.1277105451767347,0.5232010584060476
-0.45989824601452917,-0.5737319161861667,0.42599515334227533
-0.4532039252972726,1.3121548091174458,0.5693038702588735
-0.45033874551074027,2.2413934270640055,0.5167476216692194
-0.4579143226634852,0.08871029555446293,0.5488999598512264
-0.4624338102529431,-1.177269211159711,0.5027762715294953
-0.45746149842614847,0.32516810232860494,0.52441202674758
-0.4555491462983633,0.9328971784045077,0.45163711976667403
-0.46285457503604227,-1.2729889429589245,0.5567009920341353
-0.4605339260676297,-0.6439305254530469,0.5933046915877976
-0.4565974601087599,0.41571906639695444,0.5396956015708086
-0.4578859383103768,0.004112667464410151,0.5860560644403128
-0.46083559819260894,-0.9979756794508633,0.5590929304895172
-0.4574420621656553,0.3424982410261327,0.46928373109541693
-0.46377831736525416,-1.6510051502710588,0.5975153981805141
-0.4586926212877327,-0.208173211477651,0.5751023805486191
-0.4577688997736597,0.1618275648504503,0.5089997759855952
-0.45914676775091295,-0.39702761502047,0.605658063011213
-0.4549568306965794,1.0053346911845975,0.4756251487745776
-0.4564787192062496,0.6118102736264168,0.47765621551671583
-0.46312479369120835,-1.2458292940406606,0.5502204054508024
-0.4647068385826372,-1.7218586718887756,0.5814780250321213
-0.46311348693300725,-1.3329157732163288,0.6243441264351371
-0.4576762733198291,0.12364638583481453,0.542670544093908
-0.456669847196571,0.6117287020946667,0.47894220146258487
-0.45438124332304325,1.164581432383028,0.43435016142135596
-0.4557358505172012,0.7535780281141854,0.4883157921585783
-0.4517856066297184,1.952298088645153,0.40253529413533923
-0.46425646680205346,-1.7045327817718818,0.6491517335364496
-0.45406246541718565,1.1148601159864187,0.5649317287419635
-0.457712749528815,0.2332366431895948,0.47773824150997074
-0.4590510327055587,-0.23369316091932205,0.4959277873936495
-0.4602474043884632,-0.6700171351840105,0.43697777141607064
-0.45845788892028677,-0.08879180053917701,0.4704763029495519
-0.4541762395363361,1.145969123532201,0.46434019479252686
-0.45965984021744277,-0.3404129551666406,0.521259738381878
-0.45967075586280726,-0.3548071020746431,0.5210082922141748
-0.4602069738097129,-0.4909528824394634,0.4908588033437789
-0.45038887324278726,2.133839982091066,0.48218195004310155
-0.4649264039897122,-2.0427828092684996,0.49047109534657074
-0.45320963287563026,1.5070880759349783,0.4845575828124968
-0.4576880500370349,0.09394913147961226,0.5648858750973026
-0.4560727014737469,0.3750623514602756,0.5142457989606747
-0.4632868485233192,-1.3865094207590045,0.5742415311354131
-0.4529518991550244,1.6132603217461308,0.44815493711942544
-0.4573923667825773,0.3070567453146961,0.529234953686624
-0.45613894756409584,0.46621244372739407,0.49872632625140884
-0.4625901101583812,-1.4376360588098618,0.5293793832038024
-0.46246934565897996,-1.2732429529778417,0.5562339981115596
-0.45906945618626993,-0.18160015144028743,0.4528131785220139
-0.46108505379770226,-0.6830624782716551,0.5277665252849055
-0.45790361436230836,0.2278361484587643,0.453596155237524
-0.3808878037779465,-0.8302670708319418,-0.9501253454759403
-0.38197505185697805,-1.1286119550467366,-1.002737233448691
-0.37648908451867147,0.5026706469739057,-1.0692930977846493
-0.37396252575165856,1.298948481253956,-1.0847958961344384
-0.38127621582310617,-0.9836681322372477,-1.024273293778378
-0.37626763047812567,0.5737750072594894,-1.043394435341151
-0.37639262991246164,0.4645015380872312,-1.1125269665490147
-0.38347105463304965,-1.5263977706097744,-0.9630288379504938
-0.38157929439092947,-1.07664779921311,-0.9662714474874504
-0.38163985285133206,-1.0087595726182064,-0.9321120149688209
-0.37669930976029464,0.32278005918820435,-1.0578495573585234
-0.38308500419658087,-1.503069418226587,-0.9559118654389359
-0.3766888288468006,0.34064304617523644,-1.0278601573294412
-0.37519531250488547,0.8419458265637512,-1.0558366740829959
-0.38484340319119453,-2.038206907281762,-0.9368056483653023
-0.3800267804990184,-0.5937884634416761,-1.0967297586642875
-0.38374860502530617,-1.7926571192252236,-1.0070992002247858
-0.376528913880502,0.2618676944657559,-0.9728475496630659
-0.3809300475192006,-0.7889328386791469,-0.9500115405267793
-0.3808046503874439,-0.8601407337906604,-0.9555009140495486
-0.38108538166344863,-0.8775005652470648,-1.1369754480031864
-0.37738354845678657,0.2681224718921118,-1.102666537584285
-0.38141185798691474,-1.0829807727775487,-1.1170877775974404
-0.3762717535586336,0.48322838150857267,-1.1132325778189258
-0.37657546900139405,0.3887747263434593,-1.0596024220196734
-0.3784090676533191,-0.05206513640558274,-1.033005881414948
-0.3775982235117451,0.039257436265771356,-1.03713210934133
-0.3799654258968477,-0.9986844084610429,-0.9947723351861534
-0.37771100402041363,0.014195228501903974,-1.0219142204330232
-0.38354690752602305,-1.8183931159501636,-0.9558611138494788
-0.3792102615115089,-0.3010519125673179,-0.9890538306741951
-0.3792056029806698,-0.3413083066683833,-1.0088778419050901
-0.3806983183872118,-0.8212025545477358,-0.9828770747416609
-0.3839103940625065,-1.7589191936137638,-1.133548201436794
-0.3802908580827514,-0.6617880068147102,-1.0100408754215882
-0.37277519099822337,1.5575867448428053,-1.1070828712200538
-0.37585456922677696,0.6034494559940329,-1.0838168236210097
-0.377408077910556,0.08430179703731751,-1.0433607319063558
-0.3813519196076447,-1.061484837755297,-1.123760115219218
-0.37298524983533565,1.4317941392734872,-1.0997904458286543
-0.375732425906329,0.7004173320610113,-1.0561701583086724
-0.38077928173298203,-0.7509575505183387,-0.9835064064140111
-0.3831386494360147,-1.579407071858233,-1.136154809187807
-0.377426299008591,0.09234511120670455,-0.9869460213975189
-0.3763445585683126,0.5200349622294678,-1.08446208707772
-0.38047202531790697,-0.7265735966740874,-1.0799793349589408
-0.3832117049767644,-1.4907826196568004,-0.9655307693296213
-0.3752235499718403,0.7856552873338982,-1.0127377032560725
-0.38089949014311064,-0.8787120146816458,-0.943852796552948
-0.3750805947092073,0.8047643875963758,-0.9172515273351276
-0.3728929518357883,1.4150141302748134,-1.030007245756315
-0.37718646086313845,0.01570913605565716,-0.961846585698285
-0.37613761844346355,0.568300832779819,-0.9865078124054943
-0.37544216391521845,0.715963787369546,-1.1212559870316028
-0.3787490701495815,-0.15974463099872058,-1.0307518398696818
-0.3838017600609076,-1.8638041737705813,-0.9254962241404096
-0.3784115536694937,-0.07536459081921368,-1.039231290366942
-0.3804452871113188,-0.6435840489613168,-1.0446789144334425
-0.37663280453296694,0.34017588905758994,-1.0491929391150063
-0.37527879688063864,0.7508976355416377,-1.1087186198587433
-0.3725306479555557,1.5223382635860443,-1.0032695759216252
-0.38280431789871766,-1.39293524991329,-0.9849253302507931
-0.3765156360820789,0.37482970084934863,-1.099955747763567
-0.37608403618307196,0.5571952967731931,-1.0435987410869452
-0.3731410314771283,1.4160745740703056,-1.021982092940334
-0.38018048268986615,-0.6306412693395141,-0.9672063977739652
-0.3700907270774237,2.205045697486934,-1.038784303064647
-0.3808242441204466,-0.7601900385018503,-0.9699937419421385
-0.3833936978276703,-1.3759103036615912,-1.0409805513438126
-0.38104961670203596,-0.811735207338354,-0.9501628083599086
-0.377748901100172,-0.07864383019595197,-0.9541521991643943
-0.37589815254006836,0.6267644444740553,-1.0963986701956592
-0.37666069776658356,0.43030580433540166,-1.0978526862040217
-0.3748141638625703,1.0388859561261994,-1.0453635185689558
-0.3727465264358583,1.5065481891374368,-1.0298801833444335
-0.37678762853019043,0.37554304685401285,-1.1123776160470122
-0.37515184114089045,0.859170102160098,-1.0693049697142818
-0.37899306453159765,-0.35649906308901463,-0.9738273685553145
-0.37723688506031294,0.2149972086877117,-1.082451788006602
-0.3767576520208213,0.4443762996284566,-1.0057731046751999
-0.37727620812574886,0.0934042512992041,-0.9543059631389573
-0.37742810092021367,0.1396094085990512,-1.010407716071211
-0.37816871142436803,0.036422081868271984,-1.0348388032731457
-0.3713524026017356,1.8382460413934034,-1.115293656661526
-0.3703564940452599,2.2540901625204612,-1.1331219069630842
-0.3772089735630753,0.11849748259508358,-0.9941095236614719
-0.3794111499057788,-0.3055402160992264,-1.020211246099072
-0.3731443736301292,1.4683646767395178,-1.0906956927455895
-0.3761338134648196,0.5906772115253951,-1.116216765838185
-0.3768245322502123,0.2301868045734433,-0.9504464102086119
-0.3802139273666746,-0.7401075988658887,-1.1317019825929249
-0.3768779996903018,0.2534693923870451,-1.0104780312157016
-0.37591818271561,0.5567706686359469,-1.0038451848824586
-0.38067730396732424,-0.7365647463285219,-0.9900149954660706
-0.376783258763047,0.2675096962760875,-1.078976259790542
-0.3816376089187615,-1.1604348806180134,-0.9449947375132061
-0.37767331126494147,0.10838153342245743,-1.0201815324260053
-0.377666535041939,0.06596559642284813,-1.025622806428803
-0.37976321344038233,-0.7402729639542561,-1.0439949539388405
-0.37493183796691465,0.9688334923568255,-1.0496961987998346
-0.3755958508135205,0.7531968002540456,-1.0743053168389807
-0.37977770253480175,-0.6629378982136157,-0.9259377836187122
-0.38049922249164675,-0.6971801412023358,-1.0607818137992469
-0.3765064039058425,0.43013235088590757,-1.079998556771027
-0.3764395226359475,0.38604549570706154,-0.9836333884605484
-0.37490373447466646,0.9125888747762305,-1.1101865228768992
-0.37904119034492423,-0.393464914928,-0.9787129163491399
-0.37111765298583554,2.006725284882701,-1.0126680789620137
-0.3832112377223243,-1.5637035436122284,-1.016946205148089
-0.3761436383464101,0.5919951638511601,-1.0573993625291411
-0.37337015925705,1.3258802908871823,-1.0576704402203982
-0.37346777003618586,1.303084094340108,-1.1493786101679215
-0.3848057997067516,-1.923471833302429,-1.1491377450712414
-0.37755236884750626,0.19786428967238603,-1.0345178942303275
-0.37480741312267196,0.9664145470282995,-1.0870719361849754
-0.37573176112233914,0.6626002798936139,-1.0791262952746148
-0.37853500228941633,-0.2343681295716188,-0.9847549349418191
-0.37579403419274715,0.6277948819028153,-1.0209216746920236
-0.3767914342904211,0.26894335300925204,-1.0410859387259523
-0.37628371334559124,0.4086361250502021,-0.9595925891712804
-0.3764478415566061,0.4303618232364391,-1.0359295509857247
-0.383722469541812,-1.8094871222116515,-0.8938599987334475
-0.38067095516157023,-0.9051382220017757,-1.141748007462765
-0.3764865361340186,0.4053083815847636,-1.1219364113047794
-0.38123559766715776,-0.9674016377761931,-0.9289726802509067
-0.3774045154243622,0.19650929695986416,-1.103023314955642
-0.37601417714673896,0.5914674022479439,-1.1183932634693543
-0.37280557696174904,1.576131728315372,-1.0533895541965175
-0.37696878072913964,0.15523791115569255,-1.1754674009466586
-0.37616129494425254,0.6104433205765897,-1.0614887418515202
-0.38018528282603337,-0.5934994461492527,-1.1194336110402892
-0.3763777334327972,0.4478421377782046,-1.0514710136641208
-0.37284462847323746,1.4120606116946686,-1.018834839280923
-0.3816974858885359,-1.2213388356592072,-1.0393224752778165
-0.3825747080613993,-1.402034085542094,-1.1138577516116335
-0.3832259952678403,-1.6865155785455306,-0.9864939239305252
-0.37829929708856413,-0.1256834071891351,-1.084984182894737
-0.37545043829376296,0.7693959475798338,-1.067307951957881
-0.379390662129593,-0.30457163503302015,-1.010327712193595
-0.37567903774846717,0.6989404613114472,-1.067676605293283
-0.3824122991238499,-1.3580234684530295,-0.9558610230404951
-0.3764650006789551,0.37794969392114547,-0.9897360557569689
-0.37551089490224593,0.734845654784694,-1.008643910028682
-0.38128577737647595,-0.9292889348925689,-1.010431079149255
-0.3823042211594749,-1.3276402613237266,-0.9667914353198993
-0.37567941179758046,0.7461752111776531,-1.0994359023783147
-0.3768221838991346,0.2877034610735085,-1.0072260618442006
-0.3794361577352029,-0.4813090361326299,-0.9958513206998482
-0.3807775691615164,-0.8044897076839038,-1.0406195473264024
-0.37008218232497997,2.168389532787571,-1.096530225769084
-0.3772104078832609,0.2867243813232012,-1.0325339147111168
-0.3827351845407696,-1.5075024088256166,-1.1085223829368605
-0.3744446530202309,1.0566282390287796,-1.1126989446949096
-0.3807309305703404,-0.8604556726609187,-0.979274809979432
-0.3778748520136789,0.020125278725036787,-1.0159043582150606
-0.37691161097942044,0.34097523796545776,-1.0589106187911543
-0.37882443418561534,-0.41423286769302287,-1.0810148653715856
-0.37922503153101955,-0.25302352553453633,-1.1066971705727258
-0.37958477648547007,-0.5198071857444094,-0.9714595549947482
-0.3706720142757786,2.0281658350306793,-1.0083188920280801
-0.37396136396017576,1.2358492362201654,-1.054981626705188
-0.372459694996789,1.6313792771729827,-1.0220784646830003
-0.37550077553699307,0.7336784941787644,-1.1075008276504223
-0.37956809550882,-0.41060534224932327,-1.0320991004239937
-0.3821657705936065,-1.4534575956683153,-1.017839692249844
-0.37798189134336685,0.07145251165799849,-1.0474348609480686
-0.3785316372957256,-0.042336499287689774,-1.0351486990461571
-0.37565261976520975,0.7502513080866949,-1.0423347944262276
-0.3785687671745639,-0.18425103291195655,-1.0987396681407087
-0.38066937560626074,-0.7328166167905508,-1.0395721287306754
-0.3839143735769413,-1.7388215444169737,-0.9555501206439362
-0.3784560990388156,-0.0887037558849415,-1.0702472147433513
-0.372000257055438,1.5973379795518516,-0.9763273809408155
-0.37225772373098587,1.618654516904341,-1.0367776108919577
-0.3782326384629397,-0.11258305991485797,-0.9551574098275485
-0.3780586870934948,0.01863762914348499,-1.0505415738427644
-0.3812339745018106,-0.8665044354332366,-0.9383031268612068
-0.3745550622839371,1.0390253868028452,-1.03282975878495
-0.3802864841254951,-0.659307678717097,-0.9799154063041711
-0.3789435030678343,-0.1659958728572909,-1.054362865534434
-0.37829810664360064,-0.19236767155967108,-0.9693988963443124
-0.3759684311562087,0.6222057666019409,-1.012809635139506
-0.37751563305203467,0.18013638389897577,-1.0723260071161684
-0.37428392692652745,1.0921230324732871,-1.0847367295107924
-0.3792010851962909,-0.44938011828289104,-0.989571605692338
-0.37724683070347564,0.25093068115460093,-1.1154215939219407
-0.3722467015601028,1.4476304029868365,-0.9482705653322676
-0.3751550751483928,0.7892864931026231,-0.9857273633922575
-0.37842459315073224,-0.15179915753620973,-1.04072039551583
-0.38063820340311033,-1.0226927360683413,-1.0420834312957716
-0.37734060710517986,0.2878626401923542,-1.0716109326349526
-0.38081593863572505,-0.8611462206438836,-0.9869224931169868
-0.38031922838465887,-0.5834610211755007,-0.964473155041715
-0.38326175026964654,-1.512183838610233,-0.972967731219589
-0.3756087230680066,0.7317054448212956,-1.06047036759487
-0.3741727477091354,1.1581554320934044,-1.0482454387823907
-0.3794808906091322,-0.312361516333129,-0.9846155659213743
-0.3748985151422027,0.8265076914503499,-0.9974242113955756
-0.37280829598145737,1.3453502502832544,-0.9998154861853452
-0.38259303684700985,-1.2112333402176854,-1.037562663053522
-0.37333915509004506,1.1851061294288936,-1.0722030758134329
-0.38201616973792446,-1.2074997258065174,-1.134780915451876
-0.3768171467299564,0.3948107073461632,-1.0681596040107026
-0.3783121921144481,0.001261171400219178,-1.0151772052539987
-0.3811642487269057,-0.950205047314131,-1.023717871402254
-0.37313823789286155,1.3779234838965844,-1.1244325091752538
-0.3817932063397628,-1.1082494016555966,-1.0152240851244876
-0.3786890249371658,-0.25018577766318517,-1.0789916333721665
-0.3751701317458224,0.8959607748969782,-1.0601130677397976
-0.37947350206968866,-0.48831141409920853,-1.042971982051396
-0.3757124787854825,0.5730228214636806,-1.0634635734621738
-0.3800404188330943,-0.6876552237668928,-0.9205969176309663
-0.3750527121777296,0.9146032203880369,-1.0424600311096714
-0.38276337412395384,-1.519544172440922,-0.9865033164912677
-0.3767731925325797,0.35783395826882036,-1.1164523270265096
-0.37496014235540737,0.8443224154160366,-0.9988760804491924
-0.37372431215171054,1.2142984129541547,-1.0548544763454764
-0.37353557831070666,1.306701599917184,-1.0785392663891233
-0.3757945360532853,0.5549737105973476,-1.040584246906314
-0.3747223152099688,0.8789386862087484,-1.0120660925263898
-0.3778376010493238,-0.017155793091519017,-1.0205896537717196
-0.37631200003290327,0.4848706393622077,-0.9749487919871819
-0.37771923873244667,0.12571021930422993,-1.0804115009956854
-0.3744853535001795,1.0413983114112106,-0.9966648242046139
-0.3825344224640871,-1.3105207773838592,-1.0929426261220139
-0.37473736749905573,1.020931347122347,-1.05670357598186
-0.3732317660573907,1.3619192296686922,-1.0345494386329521
-0.38188411671687295,-1.0949510773010465,-1.048967267483333
-0.37842223095987404,-0.14426870466025268,-0.9813998094255607
-0.3740524239318725,1.0941958939795637,-1.0055083976398627
-0.3832197097300589,-1.5061478320491377,-1.0994090697735475
-0.3827704162420738,-1.380111089472722,-0.9917430128673871
-0.3739660381957869,1.0768917730901355,-1.0070137298004307
-0.3734838879582454,1.2364831959625064,-1.0221325047784926
-0.3787589816251198,-0.3196958789817159,-0.9606027146617074
-0.37142457203504153,1.8262359589145392,-1.0873616623454747
-0.37862819484919447,-0.12272450452498793,-1.0306285589428572
-0.3820604135239588,-1.2157376424444941,-0.9285694646461331
-0.3754637578159254,0.6633336065648707,-1.008681358184902
-0.3761516579040516,0.5014017072548779,-1.1087083527086659
-0.37938306568222596,-0.43525496961515525,-1.0756295952478412
-0.37818087156560903,-0.12704110731737214,-1.0106323947834612
-0.3765000052820967,0.48387556562593836,-1.1098045732698996
-0.3757043625564393,0.7616432300954527,-1.0921184932128982
-0.38226450034987863,-1.318083855033383,-0.9541002189189743
-0.38192364652706673,-1.093390649644087,-1.062509712454349
-0.38101151157504154,-1.126358936654534,-0.9753319379211163
-0.3828480345074704,-1.4565219278724202,-1.116130101142265
-0.38035514019530836,-0.6242659712480644,-1.0348694150434607
-0.37737104668488536,0.14491748650332442,-1.0366907505005707
-0.3804020760592553,-0.6824047751896484,-1.0080072512595728
-0.37346392977518317,1.272888691018761,-0.9949772407368661
-0.3782757203691988,-0.17812177253714342,-1.043932783062708
-0.3765927360199462,0.2709536216207515,-1.0166238192523651
-0.3757649696993259,0.5178477601282049,-0.9788013179272652
-0.3802810655860769,-0.7505353499938855,-0.8703484009254476
-0.37341814319920047,1.2677181450411985,-0.9896465134352964
-0.38118055965302394,-0.8756977715937612,-1.0206545173361006
-0.3736881573862287,1.0410020999985978,-0.9618245563613129
-0.3756540023118761,0.8163980016764526,-1.1075892635353397
-0.3771456764278229,0.2878376640247155,-1.0212110628449436
-0.3706956579994034,2.0595610501589867,-1.0730250511744779
-0.3716001712126626,1.8084038756356917,-1.0619879632587275
-0.37053978130797977,2.1509074894605633,-1.012590944778053
-0.38412910467543626,-1.7984961484659339,-0.9575750000529315
-0.3814086456406398,-0.9739290763646696,-0.9305864619599471
-0.3771975701908354,0.031966147208765956,-1.026585378045876
-0.37501871010672805,0.8943683380290093,-1.118367797259545
-0.3827673142381956,-1.3002360425383928,-0.9673403704936789
-0.3747602572243012,0.9129038250662337,-1.1225715551174689
-0.3787343287501201,-0.21703656446235367,-0.9987669893201768
-0.37668404312542153,0.4489128014856247,-1.0358187438405841
-0.37488400881589956,0.8775723785719822,-0.9841456865661474
-0.37444769533326194,1.0555880146523675,-1.1022319334835842
-0.37521597551191943,0.8781161780427053,-1.072416821459841
-0.38356421165914245,-1.5064026089712048,-1.1139689304348035
-0.37212553832745693,1.665873941135015,-1.0710333274999209
-0.3780779905785865,-0.03854444386573518,-1.01365325839002
-0.37409743794586614,1.0390092693260617,-1.0033779641131042
-0.37432335101216146,1.053385862836052,-1.0841245048061197
-0.37316444000146604,1.4133441627986192,-1.126093932334689
-0.3775820217362437,0.054128660066970265,-0.9908551951057324
-0.38096179840933564,-0.8800561913328683,-0.9565207346968893
-0.37859790859216247,-0.34642744874088366,-1.1121143602568024
-0.3775269573950142,0.03758754338165542,-0.9847486001730161
-0.380482551251654,-0.7534072115078629,-1.0554596541306787
-0.3777602012005912,0.15436538148939377,-1.0940003396486762
-0.3707055597665283,1.9917366416338076,-1.005263888742746
-0.37413266263324263,1.0923601102600853,-1.0677272390112087
-0.37716358385500964,0.2869484831620934,-1.0248519606671633
-0.3756026016515299,0.7533392142216413,-1.0523317867800568
-0.383144406586118,-1.5807223547548748,-1.0688853408199732
-0.3749033122462155,0.9488795509867723,-1.0885103638421625
-0.37348712685082425,1.0742857389285134,-1.0074519521191811
-0.37507536198386865,0.9137977948129195,-1.0538994208514914
-0.37673111147335875,0.39335900168467663,-1.1170342290573236
-0.3762626448943892,0.5644800236226816,-1.114252668602145
-0.38044882131076174,-0.6602187170625569,-1.0216228927108426
-0.3770487850434471,0.4126456192636034,-1.037811934176666
-0.38031349881933996,-0.6118779059951743,-1.0356394947178462
-0.3773638322424544,0.21633456375468077,-1.0442012116931547
-0.3793286434533005,-0.42831576175542796,-0.9901605807596789
-0.3717287455532053,1.73644392336047,-1.0893490862588038
-0.38359977824708275,-1.6546729793965123,-0.9927655928101958
-0.3785619916123408,-0.1607022010363413,-1.0422326187934858
-0.37532008830902186,0.8234423105944964,-1.1134273562507586
-0.3832388855778311,-1.6190561009042646,-1.0103188533237089
-0.3789135564932156,-0.2729270885528818,-1.0835352522999684
-0.37691667659566813,0.3410422541507464,-1.0596467545220807
-0.3804295338099972,-0.7855580071481676,-0.9787352265135868
-0.3786999675089901,-0.339944419005202,-1.0691846789648676
-0.3778744987528165,-0.03527779145043174,-1.0568192435461408
-0.37994582216629114,-0.8244204619684569,-1.0553615883411196
-0.3707523711388,2.0247782972145867,-1.0457086340104884
-0.3803404200683726,-0.6775981977020792,-0.9529520305977135
-0.37992533974170606,-0.5527513871277182,-0.9595248575787351
-0.3703725212879678,2.1679306200009267,-1.0586921097486288
-0.3809281634978141,-0.7765065406392525,-1.0807110674725953
-0.3816213821782331,-1.112593412141913,-1.0964617051747627
-0.3753573988387249,0.8418633858780534,-1.0851369229656105
-0.3722707065186527,1.5941326121718458,-1.0426177019363105
-0.376408767979441,0.5377842795617037,-1.0891709249387571
-0.38095024387501497,-0.9456704227840076,-0.934378313609148
-0.3804341558649011,-0.6800853823428512,-0.9793141779797274
-0.37456356719539197,1.0207726245501214,-1.099863747696827
-0.3778500498316877,-0.09416935963201482,-1.0793364683047968
-0.3787232076278905,-0.3386945389290886,-1.0472264804715723
-0.3721580785769761,1.7194558526950712,-1.0594406909882883
-0.3742204763395328,1.0401452111313165,-1.0205070008583257
-0.37556549950385637,0.5292813231138865,-0.9553809828734886
-0.38228044180075654,-1.1507640961482772,-0.9271022110607631
-0.3778971456674656,-0.05372536066306373,-1.0162416162938688
-0.3740605530505448,1.1102744530725395,-1.0629023651597231
-0.380056559800727,-0.5944178349313034,-1.0253886230495752
-0.3755636678381462,0.7850007998417404,-1.0023229632704265
-0.3770790008376221,0.05473436146593042,-1.060807958910741
-0.3777633412428928,0.08894492261385092,-1.065318666791856
-0.37799518888729156,-0.05105981451880579,-0.9753662243819677
-0.37706606397563047,0.2512006154795933,-1.1050810607848063
-0.3759857850857265,0.5892381310378991,-1.122763406809182
-0.3763018347306413,0.48370408657549546,-1.0992581167395041
-0.3753625350444967,0.8616415634528368,-1.0649806696527224
-0.3735571573773242,1.2715256787460052,-1.0354952337293724
-0.37523609655563067,0.6817460975576044,-0.9880800578072926
-0.37610856067961773,0.44797144036625897,-1.0347710892339324
-0.3807858783429768,-0.8827716134643484,-0.996441224197102
-0.37434560812534107,0.9831196253574718,-1.0364851823105365
-0.3717227673714766,1.9159959684754748,-1.0588715430828912
-0.3800325370170908,-0.5549998654126214,-1.0678802075194056
-0.3820888501243818,-1.3224837194758092,-0.9170910307976566
-0.3754301092234632,0.7880837127652639,-1.0980083955116564
-0.37530265571093296,0.8782461107486642,-1.0618479143346191
-0.38004552016469917,-0.6252743417810624,-0.9738272930909277
-0.3789421410080359,-0.2673659145485244,-1.0387414335496719
-0.38353824177956813,-1.6899098156751666,-1.135739186192648
-0.3822155625737118,-1.063901367413347,-1.0327268018096152
-0.3807680128505353,-0.9115650379926467,-1.0335469457708064
-0.374346278732554,1.1099171238688026,-1.0911418887266742
-0.3716977258771926,1.8794163122410255,-1.0888825743016037
-0.37447641317927194,1.0198412657904592,-1.1271373407745873
-0.38335471042801944,-1.74041874837885,-0.9847808599415573
-0.3753282607821782,0.7294984035651213,-1.13604999493963
-0.37606237111826885,0.6242618491528846,-1.0012334779242091
-0.3825689486366754,-1.5433985467728955,-0.9919021157780153
-0.3771370295778913,0.23226316090340643,-1.1194609779543145
-0.37878184259108305,-0.21510186039612153,-0.9860716613465038
-0.37616387869418944,0.723609933519842,-1.034694975163854
-0.3807437656401488,-0.9287443457523207,-0.8879293172376006
-0.3838343346222153,-1.9730699947364512,-1.0093738506984056
-0.3760289233169687,0.5902329633359141,-1.117858635604598
-0.3738297724333831,1.0664575297331786,-1.164687080598513
-0.3759507866489156,0.5542105731507,-1.12018259866387
-0.37349895913403075,1.2900364055618863,-1.0506689525131416
-0.37214679622031027,1.6850223756906448,-1.0420436303767069
-0.37500734804825914,0.7134940193824049,-1.0197397876828709
-0.37358111055699283,1.217058751822463,-1.085055297528073
-0.3821066386842504,-1.204693789079371,-0.9785674569741556
-0.3829466381419472,-1.5633001605041095,-1.1111452767257404
-0.37726243557272876,0.12802684263940559,-1.0007120575919375
-0.3787590682943032,-0.1295224989478615,-1.0462465308761622
-0.3751399169251305,0.7127554017127936,-0.9787586066557674
-0.3782636840597439,-0.05421425092209448,-1.0571190043579524
-0.37492652350316635,0.8437237766327467,-0.9985071102156405
-0.3827411874170087,-1.4307923730216308,-0.9416050317220162
-0.38298576289335307,-1.671507805796761,-0.9834076304841196
-0.3819773138211907,-1.1815968540534207,-1.0662985095344302
-0.37769205488636565,0.1619968103155756,-1.047222042795134
-0.3804274866230356,-0.6431107166039136,-1.0200938119771645
-0.37563039025032596,0.5125047580073284,-1.0557719938792582
-0.3750532183069809,0.9311137889703965,-1.095775526939464
-0.37972651953975994,-0.45230362231670007,-0.983064462096085
-0.37813175767346946,-0.16615478102320855,-1.0379561126967183
-0.37675873843295726,0.3217143487237091,-1.1084134670546768
-0.3772669786743166,0.25150628518339213,-1.0177862318271222
-0.37988428794734874,-0.539309199513786,-0.929319640182435
-0.38248792413241045,-1.2449702388024964,-0.8982668016241896
-0.3784602894634293,-0.10906357630450929,-1.0276090872360197
-0.3787177723171119,-0.196445066053719,-1.0484997281227855
-0.3724030989322368,1.68235980827116,-1.1290802086427136
-0.38194136478291735,-1.1275934363606879,-1.051712519994177
-0.3701223121064952,2.1697525946889997,-1.0083721358814877
-0.37975358950118043,-0.5375326832367456,-0.9827400349849376
-0.3764684524774541,0.4781962110642922,-1.070659956798626
-0.37996126333720276,-0.603053585838062,-1.0630847083847346
-0.38318708734498935,-1.4904330907090684,-0.9733207651756365
-0.3744522699689227,0.9883796122635374,-0.9919930401319308
-0.3751043989649688,0.896463134304656,-1.0583311515828606
-0.37788271404883783,0.0854086664993148,-0.9889477682357126
-0.3745055830592775,0.9266897430343283,-1.0246785535456213
-0.38297983677920966,-1.332284749813542,-0.9176847305412342
-0.3768872378910815,0.3229161612472146,-1.0616584905874624
-0.37670249034957953,0.39332623338259415,-1.1093879916305036
-0.3806713927135878,-0.7545055907013033,-1.0598648254143979
-0.38434475698069553,-1.9272801841063887,-1.0202756196866234
-0.37417327017977725,1.0229338689904297,-0.975141224182687
-0.3752037007887952,0.8782892134726428,-1.0800809965749056
-0.3798425045289659,-0.39863990321371806,-1.052006912606278
-0.38227138162416224,-1.234433604261589,-0.9942328986659204
-0.3728972379863081,1.3812094914439628,-0.9981012425739288
-0.3770755698452875,0.23222502669982734,-1.1084202360965072
-0.3772181246750965,0.16481684995645196,-0.9602553462997205
-0.377960395140521,0.09013820555298403,-1.0450072643365855
-0.37526524814668005,0.6491299574513,-0.9441170559703029
-0.37916267705744594,-0.27394575858485604,-1.0589149634154753
-0.38326712971061605,-1.5245999300887356,-1.1324780076677772
-0.37687343373952975,0.15730292413609628,-0.9562382662786922
-0.37991661426463297,-0.5994870455575286,-0.9151806442609912
-0.3795103824350164,-0.4122000118343637,-0.9989630468470555
-0.37996222557694087,-0.6528875598962963,-1.0141084745341802
-0.37041975284084744,2.1870345338360555,-1.0458515563944095
-0.37928597143305876,-0.409511883532733,-0.976148915153569
-0.377280848034161,0.24965401175577484,-1.0253337618660499
-0.38065442542609323,-0.7162165405450148,-1.015025101470674
-0.37710305006430306,0.32327115866515604,-1.0863053130482712
-0.3739289788075377,1.1457883942756728,-1.0192864614689177
-0.3756373743015397,0.6988827055249777,-1.0377235188730065
-0.37749695868968447,-0.029337212151318875,-1.0475593328740824
-0.38197880165006876,-1.3332728649178676,-1.1010703223476135
-0.37614507430516625,0.609580182181285,-1.1008086284188032
-0.38004095782653347,-0.5206931276054828,-1.0496239396331226
-0.38035862365344214,-0.8075761276708,-1.1254876397738145
-0.3803893551597974,-0.6848121282825661,-0.9553247918590393
-0.375896994572299,0.5153798628544605,-1.0196163366206932
-0.37668623959424963,0.42965635329271407,-1.079228176711964
-0.3752538901542296,0.7355913132919523,-1.0236772295651497
-0.3778417573189062,-0.020379987122159743,-1.0126414446281864
-0.38026302879457274,-0.9824251922076807,-1.0067867909598085
-0.3738784078704062,1.0749258689160375,-1.008393742973574
-0.37230962048581084,1.6955795774282767,-1.0015791740928073
-0.3717626159691922,1.7559661102031792,-1.0062311277411353
-0.3780026307074965,-0.02209512065591289,-0.994264733803517
-0.3830253814441673,-1.4350161828778147,-1.033823673974699
-0.38361717855057464,-1.9481044726329486,-0.9542617057788739
-0.37762922784625746,0.14465462261895987,-1.059453143873441
-0.3801721105185128,-0.5904309215475462,-1.0997106185820238
-0.38349568860974,-1.6011636600691752,-0.9959630647340131
-0.37898164298904646,-0.09912912555285076,-1.0153199201363765
-0.3728293965858179,1.2726056020572343,-1.0244468184440223
-0.37935711349476586,-0.5682692468644519,-0.9578113839814814
-0.3756075877833379,0.7702471090449865,-1.0919732490195275
-0.379260024303999,-0.5533877443723505,-0.8761400872949877
-0.37986049202757227,-0.4884174868120884,-0.9951212928192497
-0.3811192662364288,-1.0404813242943642,-1.100665029324516
-0.3709999728777494,1.8949348699739395,-0.9948052125022417
-0.3829559030082761,-1.7205502983976264,-1.0021624144945562
-0.3805438732318839,-0.9212899214156346,-1.0473512501295643
-0.37975306279587956,-0.507597067789655,-1.03984311634641
-0.3766589182164932,0.16146409559904662,-0.9482749207999726
-0.38039618054746926,-0.5270498023157907,-1.0749784133443059
-0.38382568689770225,-1.7241313506618527,-1.1093938063213356
-0.380781686474286,-0.8427584219856068,-1.1142893293121208
-0.3727593237728002,1.485448441161067,-1.138924160530811
-0.38039129625389645,-0.7388380303176229,-1.0336315097495796
-0.3698490688306166,2.126967641797808,-1.0511945497970512
-0.3814753808517301,-1.071820878060064,-1.0238129692728286
-0.37703251753409556,0.2634719526932651,-1.114471139748134
-0.3738468144843985,1.2731648900769474,-1.0423712584513205
-0.38322738418637725,-1.5196599695851962,-1.0015900596648528
-0.3811135185988535,-1.0796063904816138,-1.0021142331711628
-0.37958025234176923,-0.44913845974565536,-1.0840429206845956
-0.3825386114091253,-1.291391851932447,-1.0281339729298247
-0.3767149944634719,0.43043446827824705,-1.037793084645701
-0.3741566100915783,1.003283800271768,-1.0412341659088415
-0.3817983105181551,-1.1893205214619906,-0.9804412059409303
-0.3767964159834247,0.269981749802129,-1.0169221911852273
-0.37729882103601575,0.26933050214133575,-1.0973700359896907
-0.3792207220712399,-0.4297147020628777,-1.1063435446265097
-0.3839825964224269,-2.0123274952709234,-1.031849219660809
-0.3783750900973148,-0.10507604187198076,-0.9729191600922396
-0.37915896831379564,-0.33805510777492304,-0.9833643230372908
-0.37642590035777657,0.443667826069934,-1.0002795908797413
-0.3830779126317762,-1.6277344468639994,-1.0018374011075495
-0.3796409421291767,-0.44601138302567517,-1.082521651684254
-0.3771628695723683,0.28805202485614145,-1.0388109072381428
-0.3837282638661047,-1.976328772736493,-1.0595783915781765
-0.37915819505367465,-0.40784939890651695,-0.9179833832164835
-0.3794563335622681,-0.42350940607519294,-0.936205261091779
-0.38366458157734035,-1.6886714410854569,-1.033322534658245
-0.3785193119694224,-0.0542832722457193,-1.032509896185737
-0.3790232408695725,-0.41434003943086933,-0.9520856093761814
-0.3812918109895787,-0.9490458186176816,-0.9484217763731888
-0.37495636553080497,0.7363322292873811,-1.051105339403622
-0.38135571372410615,-1.0370437997203967,-1.0171851632204265
-0.38030272382761793,-0.628762127533447,-0.9820471895022911
-0.37504475396335846,0.8081637132347265,-1.033325649298742
-0.37569311279292134,0.6455783867161289,-1.0808291866927542
-0.3776185148668388,0.14329424122906403,-1.0480061607927076
-0.370370997766906,2.131324565281175,-1.0657138779195352
-0.37099890093752075,1.8081851075882456,-1.0391571150692533
-0.37471613995141784,0.8779058612586199,-1.0457921128325944
-0.37821236795772656,-0.20465803488179166,-1.1113751485427534
-0.3785513718947356,-0.1429408572033728,-1.0787149336187567
-0.38013901611311335,-0.4820049509527299,-1.041020570603133
-0.3824577613465159,-1.254882785717705,-0.9892810348280728
-0.3770881927108741,0.1571209030854803,-1.0079827019115646
-0.3746963698364069,0.8570563143456275,-0.9400900571494083
-0.37757683381550355,0.05519852079956088,-1.0272646104962966
-0.3734126764028876,1.4146677998553665,-1.0626478681663378
-0.3704919674550589,2.042669249444921,-1.0489108316622147
-0.37878454420334745,-0.26574172763468984,-0.9693955363752134
-0.37639413023267926,0.4854418928781224,-1.0456629356442209
-0.3728618153921988,1.4666093027857474,-1.1492092414683155
-0.37223897716910015,1.5363490023673736,-1.0505831929279996
-0.3791671700046826,-0.4156487455737025,-1.0171527276829202
-0.3776850611343847,-0.1232045891094114,-1.0250080617292108
-0.3718993965207153,1.7180528753268978,-1.094302888689541
-0.37955208033535826,-0.4113611230128105,-1.0250519014182138
-0.3751230441662461,0.8061904128922588,-1.0552170809025279
-0.37757896861091717,0.10673334101936069,-1.0894677405114608
-0.37729250739349046,0.10188935184027119,-1.035863518252012
-0.3752979822430628,0.8050792283125,-1.0759997535587484
-0.3826077408831968,-1.3878285996589144,-0.9396857574989765
-0.3777803419238577,0.10595782090477793,-1.0702893023584816
-0.38132693183806315,-1.0595682624437364,-0.8725666198098442
-0.38105057368809414,-1.0584523970404536,-1.0111873514695364
-0.3806785591126028,-0.9009461999659745,-1.1078976140196868
-0.38048260510804616,-0.9298704682475671,-1.0413349149799875
-0.3757131154011751,0.7876274109926321,-1.0766442212905825
-0.3774828622811212,0.19610362766668998,-1.1236583755230767
-0.38349609920901395,-1.4934471444400133,-0.9607685124634797
-0.3791825483139811,-0.4859356604423926,-1.126847428198104
-0.3840521802796072,-1.7388328246560387,-1.061980627045978
-0.3799506851643134,-0.38703110735816465,-1.0579220362510886
-0.3831052833317369,-1.3856120319763368,-1.1218385024843827
-0.3777054339992569,0.12617991980088097,-1.0511063285678186
-0.3750216952494192,0.9774276224503156,-1.074034427503867
-0.3839830666625091,-1.8130922848689082,-1.0683993886832615
-0.3778025549215093,0.033050396657040196,-0.969103826513769
-0.3751679582118526,0.7234298756387,-0.9941183753399849
-0.38262990675016506,-1.4734869885566801,-1.0335328812530769
-0.38344902133072706,-1.579871877224407,-0.9696677890210286
-0.3784013969411319,-0.08919691009816093,-1.025007240962666
-0.3763962065448548,0.5160992531044827,-1.0737298479043575
-0.3778810139085306,0.028876433395315846,-1.014234148928223
-0.3713736113157547,1.7713609266362602,-1.1109936855146405
-0.37706150613774775,0.34090286295559885,-1.0613022823435407
-0.3768552925575666,0.2878026953056626,-1.0110705519573522
-0.37843186501762305,-0.1978340666076038,-0.9431236724120108
-0.37980280461425525,-0.5712544687700177,-1.0121026351743845
-0.37694579066233513,0.3229452069313831,-1.0421330864498175
-0.37698243787835795,0.2517601650999822,-1.0278904939403906
-0.3788547967484907,-0.3564471750571189,-0.9965886380945361
-0.38296833682755577,-1.2614058359891722,-0.9977902543153161
-0.38345576057104624,-1.7288534125267503,-1.0721306753047906
-0.37689054808189143,0.26405324493480986,-1.0690384808255557
-0.3828851871789742,-1.6730251150962878,-0.9800967924598625
-0.376521654247547,0.4450867282128849,-1.0153738879747682
-0.38061630222076254,-0.6992170939914789,-1.0791356163124932
-0.3771409808449664,0.024930766438363162,-1.1196599797498237
-0.3748520958796745,0.7526725689824847,-0.9931337348616001
-0.3745782383420006,1.1026239713529256,-1.0826301703323609
-0.38189592669134814,-1.1450157401483163,-1.0705187739219595
-0.3747929489470248,0.8041751190762504,-1.025366587606615
-0.38313846025531034,-1.59707240426832,-1.08423696416013
-0.37616589461401506,0.7287011853324729,-1.0434349439844581
-0.3727383237018201,1.5383084606953303,-1.168613115450413
-0.3775166839349666,0.17298752584420343,-1.0076913389368825
-0.38104017758361297,-0.8614359836939774,-0.9753575213101002
-0.3768148344197014,0.3343501263480388,-1.0195013550836234
-0.3772643796526818,0.24170586936485827,-0.9787880053838328
-0.38265627384992296,-1.2722307893465858,-1.1103273459129248
-0.3773633171013413,0.038028400105078256,-1.0598501012416564
-0.38159684760515605,-1.3933978975421517,-0.9692202945699274
-0.3780313979615833,-0.0719522786194679,-1.089296401336188
-0.37911781056959737,-0.4119265087369795,-1.0168560320825935
-0.38261530974799046,-1.3875991692415919,-1.027003201459723
-0.38480429001641264,-2.008841115039357,-1.0266954050844534
-0.37639489130429893,0.4151099303840751,-0.9632206552087883
-0.37697200454681634,0.39472616136159216,-1.029979283332112
-0.3774540284600535,0.014409955979702195,-1.0386339068930566
-0.3798580771250304,-0.5227614804680178,-1.0228037278724953
-0.3709654810694602,1.969492952838798,-1.089861578461379
-0.3764571385524197,0.5196773609105032,-1.090634564093862
-0.38118536113349233,-1.0197115682432167,-0.9286444039933568
-0.3841907663117109,-1.96243389095215,-1.044835561877343
-0.37768950266616713,0.020156426260901014,-1.0126385882188973
-0.37822506138272444,-0.0375444832424817,-1.1126473047143963
-0.38020703380657106,-0.7749620556425044,-1.1180667709118892
-0.37579129152563223,0.5550957595996345,-0.999068950064951
-0.3819116312342595,-1.2362828141316147,-0.941811978887998
-0.3700975781943325,2.2211687345081295,-1.07782759819557
-0.3789923857293104,-0.2008329925230629,-0.9940093305389011
-0.38246715879308896,-1.4368408103930248,-1.076133929975529
-0.37956996089301803,-0.5349412924620892,-1.0250715382007722
-0.37953519246910056,-0.3801812553112522,-1.0997830518041234
-0.3776326798276323,0.03751883115039033,-1.031426961522447
-0.3824259388863149,-1.394879163831739,-1.0495608731213408
-0.37500770763254476,0.80606656107463,-1.0711811035172887
-0.3789101604908432,-0.26758848473112196,-1.0590450255368171
-0.38212865840454746,-1.187768285683958,-1.029616621675694
-0.3780938919300938,0.04758417001024995,-1.0507458556367344
-0.3800695226819427,-0.6787436737786602,-0.997691027204874
-0.37849552712535084,-0.16606252787490705,-0.9918639477235397
-0.3794129382960509,-0.7713830618603068,-1.0449139237423628
-0.37918420990526325,-0.39187817801214675,-0.9834452682096005
-0.3742540912882978,1.123128463102939,-0.9736420880949068
-0.377241468584655,0.23412070980023292,-1.0240199965732155
-0.37566517755023154,0.5404365572861635,-1.0030026850103555
-0.3769845119231626,0.2862390830862048,-1.0372096866740077
-0.3785590612749027,-0.12529010086639014,-1.0735204174728439
-0.38454941011115285,-2.0422016134112067,-1.055274157148809
-0.38345160165924386,-1.6706255430924901,-0.8856337928706194
-0.37940351672090333,-0.4123641199044824,-1.0231318312456243
-0.37410039704166953,1.0396895061416849,-0.9919470313284258
-0.37917643631825415,-0.2012476145417186,-1.0063332345440787
-0.37821965723607276,-0.1584674334487731,-0.9678156019284931
-0.3818888895393897,-1.2917260092372984,-0.9534889740018502
-0.38275019134737787,-1.3875958238175952,-0.957159190466494
-0.38045871963491246,-0.5927777566534469,-1.0465314833610122
-0.3756920847031671,0.6989085512352329,-1.0830425697957176
-0.3762799913908921,0.4493048787872707,-1.02771340488187
-0.37397797581408854,1.1828431477675245,-1.0621009261094094
-0.3717150090680338,1.8093151803226142,-1.0899362964845025
-0.37292777632193325,1.4319945258952655,-1.1056839490160772
-0.3734900411632126,1.1820232720806947,-1.0543228100283317
-0.38151536653686635,-0.8471832077847173,-1.0026392283703873
-0.3785949391842316,-0.16348908305404825,-1.0652751685026693
-0.38009445714414836,-0.6128601797826794,-0.9342145474729678
-0.3708171196775981,2.1117671938201443,-1.1188428115476514
-0.37321363341919433,1.43310915063852,-1.056387212009987
-0.3783727198583268,-0.26555501876113746,-1.0537346275390713
-0.37985995988687593,-0.45189370259359,-1.013764664086333
-0.37341407622511036,1.2575916995978895,-0.9728853783392148
-0.37660293497107156,0.48516586037361314,-1.0493392584050798
-0.3764476783263542,0.5204467710687202,-1.0453794383047241
-0.37974807178694686,-0.5941179917095207,-1.1419944608332324
-0.37368056364207075,1.1988236979137652,-1.0698165979420382
-0.38150674521833383,-0.9891122799212689,-0.9689723558174779
-0.3802280692309038,-0.6487855177164653,-0.9644176825000759
-0.37780568834545647,0.10851277360183857,-1.0608266591702853
-0.3734994925280226,1.21977766760445,-0.9705486368246675
-0.37689342910578455,0.3019480767234684,-0.9395186241378622
-0.3763237950067105,0.536548037249064,-1.0935623390546383
-0.37458664997142904,1.0879626955920483,-1.1392509491593341
-0.38179492689059324,-1.190929991312771,-1.035080681650879
-0.3790213544406193,-0.2542479597706776,-1.0084515189650691
-0.3818068272401903,-1.1930403429806258,-1.1353459446936396
-0.3750958179710924,0.8059959381548902,-1.0521243332390653
-0.38144154315533135,-1.2033535921028187,-1.0670683894740043
-0.375669829077303,0.6454909737388913,-1.0914168451468875
-0.3818781563576077,-1.2022718363527682,-0.9904128749971948
-0.378561173255527,-0.12799789757411018,-1.0250822008945435
-0.3807941804646279,-0.7361040205379149,-1.071536282299331
-0.37533812727969035,0.7154087355297217,-1.1263517224685287
-0.37923726252794665,-0.48679925065139956,-1.1440630465330044
-0.37475918092399174,0.9753398636561725,-0.9760075470411292
-0.3851138190220986,-2.1254544069386125,-1.1114690902135371
-0.37957616555484636,-0.43428935314945,-0.9701917349374456
-0.3766754982481557,0.4461721889459266,-1.0675553864133729
-0.38210701236792205,-1.1117257292764848,-1.0914310634484785
-0.3806453842725232,-0.7509838695162989,-0.9704414284318522
-0.37844022999465154,-0.07041889164365797,-1.0225878729873226
-0.384284897212841,-1.9310548289763687,-0.9301636447103313
-0.3824927779474779,-1.455755587452779,-1.1497886048010717
-0.3810898096327132,-0.8602969242655348,-1.049540001661807
-0.3800650366058841,-0.6310359950569819,-1.0044480462777674
-0.382451599279888,-1.3575199748481008,-1.0034529475006042
-0.38066348502472147,-0.8969456746657983,-1.0996654029046302
-0.3742634421035215,1.1103470298826057,-1.106115153052975
-0.3812947765408467,-1.0811869352866632,-1.041277155065508
-0.38027232346647505,-0.7923039873195005,-1.1021562873562027
-0.38227486950655526,-1.1919203729087893,-0.9204621330249203
-0.38211089602765186,-1.2767785695495888,-0.969000654579101
-0.37686737233073725,0.37267605318818753,-1.0632214635685124
-0.37711358282853225,0.19270264066985276,-0.9958057126770707
-0.37515968232012836,0.8599080391269466,-1.0793299805770722
-0.3794905383410486,-0.44772853906756443,-1.0676988056625163
-0.37382783563968264,1.2882854528866725,-1.0957908419405378
-0.37814852765991197,-0.12249425294661584,-1.03291460661657
-0.37792318256758894,0.054130193115018446,-1.011055907797882
-0.3725625351876726,1.6117224820190514,-1.06059639820717
-0.3756549336066288,0.3876212919827428,-1.0553716061435183
-0.3818339348627021,-1.0090632628319884,-1.1121166524699622
-0.3745564948964678,0.75656084331093,-0.9935196474077397
-0.37582536353780643,0.5535700238359001,-0.9660009004769669
-0.3792285241904784,-0.3624586318863866,-1.0238551159538096
-0.37908391745002484,-0.3145451250061192,-1.0421491010392372
-0.3786664849207309,-0.23042637894995674,-1.0014690054581847
-0.3809984527409872,-0.9856919770976785,-0.8993451186831469
-0.379765350168236,-0.39815394627719747,-1.0076862646230267
-0.37974016479495193,-0.4101991336057913,-1.0142342444568397
-0.37585718928498074,0.5315191733225744,-1.0116722061366932
-0.3760695858108571,0.6451559527801767,-1.0402300294732119
-0.37899022940822463,-0.13171824819533992,-1.0925457754554364
-0.3771435832084435,0.25064524247583675,-0.9924477113521527
-0.38451130930360533,-1.9035236902270307,-0.9087598061873382
-0.38010916051889854,-0.44186394684403807,-1.0267857514195784
-0.3802784262498183,-0.5467229264619893,-1.0674177096559538
-0.38291421860514935,-1.6786069365070557,-0.9080742111943572
-0.38121725891250335,-0.9227243605658886,-0.8803497948254061
-0.37827770109406345,-0.08740031206020288,-1.0721469397635035
-0.3752101210683048,0.7528532753828181,-1.0032798477636609
-0.3806369326890325,-0.8084117203990013,-1.0892506236407384
-0.3824690467370806,-1.4208547373197669,-1.0960475113432362
-0.3785328886224625,-0.24890845654620605,-1.060900237194807
-0.38036704824207657,-0.555563617965744,-1.0602049125107824
-0.3756535353782038,0.5892311961277926,-1.0430070484887255
-0.37569197503760726,0.5853229449632582,-1.0338174384488592
-0.3762357485940793,0.3767971578692794,-1.006160853312694
-0.3815356145768976,-1.2387149171326644,-1.0549998855873228
-0.3803221440872301,-0.737873029644916,-0.9567395369881455
-0.3715253764593689,1.7712029241522704,-1.1052195675328607
-0.379596942417234,-0.5181239980999964,-1.012045221906559
-0.378240500376175,0.08320999343929796,-1.0161726985368598
-0.38026778742155065,-0.9889794660456,-1.0313434988843557
-0.38298749823927664,-1.7003401251893087,-1.010647173855827
-0.3788094110815847,-0.3077452023675072,-0.9564421032259923
-0.37004273519626696,2.2388788753013302,-1.0514573676508236
-0.38256678644880243,-1.2808250587105294,-0.9887254642494702
-0.3829401455817932,-1.5131112542031249,-1.136581988035975
-0.37974982190594103,-0.7831234148925392,-0.9019177210118047
-0.37793116480340794,0.07283312330460677,-1.0496464210739582
-0.3767264173066922,0.3007448726725516,-0.9479448012304248
-0.3756320789771604,0.5734815942560556,-1.1148877543915408
-0.3752332785225467,0.877539590316321,-1.0512990026790725
-0.37146591460433104,1.7128855930512503,-1.104558042759998
-0.37390885290253256,1.2533725349985967,-1.0818851975302664
-0.37742493160553486,0.12495882843194761,-1.1348317939016783
-0.37340563899438506,1.3971332776958727,-1.0410954741969392
-0.384360205433449,-2.1002113878348876,-1.141948234979044
-0.3800002799464484,-0.5213610322891943,-1.0273259836030237
-0.38370151731271623,-1.7539343145945478,-0.9496583495260145
-0.3832538423238375,-1.7633729888891219,-0.99298760162861
-0.3735220867261342,1.3615194862843367,-1.062865167819181
-0.37546596792270276,0.8414199135190655,-1.074595705865357
-0.37736252435096224,0.17490021741480083,-1.00786914223347
-0.38351197661570774,-1.6716265235017154,-1.1321458986806865
-0.3776464594541471,0.1252101741463611,-1.0866618126929268
-0.3807852800547319,-0.7572740365483651,-1.0113540683493658
-0.3706256375370449,2.080171807915632,-1.0158849471998828
-0.3767736797859285,0.4138273407738361,-1.0293360189340743
-0.377933360690027,0.029851897662445063,-1.025286130919763
-0.3806484136155816,-0.7193309851934535,-1.0593408469132588
-0.37798773510024075,0.05350576615862312,-1.108287320140943
-0.3770169242365609,0.15997227614339737,-0.9478326707622333
-0.38151329024384373,-1.1269875855855445,-0.9540867683367202
-0.383563725191141,-1.5955736789325932,-1.0970406020125818
-0.37621393223201655,0.4115758639657625,-1.0546626095689255
-0.37745417600594383,0.2864395937458249,-1.0884080287751818
-0.3792810739663338,-0.4484088291091012,-0.9651089615075806
-0.3774054690008348,0.2153918874183131,-1.0710565960358107
-0.38215061207065815,-1.2769141577969856,-0.885121986432832
-0.3781653017026156,-0.038188507321020276,-1.042760372113389
-0.3751945998852508,0.7374158786840531,-0.9965510822270749
-0.37729234956383423,0.22902615599714857,-1.0195710896290826
-0.38286204270915597,-1.4900716862807812,-0.923974304840307
-0.38013201918909734,-0.5761201778598092,-1.0401768104028315
-0.38197800599766135,-1.198581926759058,-1.045914669028122
-0.3785692793840025,-0.14336733200264615,-0.9815645477655509
-0.38131118315992824,-0.8908566914309203,-1.0359916085451157
-0.375511657243755,0.6951573553369992,-1.019135985784266
-0.38112411396245993,-1.0074391428635272,-1.0173984325704286
-0.3772078691987068,0.21486114402282017,-1.049382405211939
-0.38354396704857185,-1.657547266725871,-0.8805120406993371
-0.37400487190692483,0.8457361924168375,-0.9428972074710027
-0.38289645518541005,-1.5119425663659118,-1.0805708939102523
-0.3766319834485716,0.3921941456379015,-0.9764499310891747
-0.383666163878902,-1.7234097533911765,-1.052802247817229
-0.3784351014279506,-0.2732242247546956,-1.1265085099210486
-0.3805418891567635,-0.8464943600386338,-1.1368768005660785
-0.3781815649984637,-0.0952593848809431,-1.1231159486520814
-0.3714249443574312,1.7904259858147926,-1.0937579206193777
-0.37504702154314934,0.78820875030878,-1.049797114927079
-0.37242506165602074,1.7909330178231557,-1.105799937939811
-0.37665271648055004,0.4499804815001701,-1.0565307506154118
-0.37251376811504117,1.5405446313703675,-1.0096319412386416
-0.3801231868094391,-0.6092364823805776,-0.990434376084827
-0.3775454189642934,0.10943706169899281,-1.0593129051274925
-0.3805520038499243,-0.7541531177874277,-0.9636129888106345
-0.3770712530061985,0.2816925472710208,-1.0823281480435003
-0.3783122372223092,-0.0003874860581236091,-1.0367611838884063
-0.3762482201041153,0.43858235035331,-1.0191415241887483
-0.38363365278962186,-1.6349469157107461,-0.9678217233890686
-0.38373713345508464,-1.7707609078637931,-1.0089339103606625
-0.377640258036838,-0.08624987855151438,-0.9337937610784084
-0.3764831246070347,0.3439559727031258,-1.0321561996600628
-0.3761560345799087,0.6282459271628871,-1.015636494323039
-0.3832932559920371,-1.725015841888076,-1.097099085552441
-0.38180710407971247,-1.0903955250691428,-1.0220853666117424
-0.376619231108552,0.3371292594298398,-0.9828204871749936
-0.37967691000055875,-0.5583374310472375,-1.0058900067824212
-0.3796792739120679,-0.5016527269647602,-1.076018428411434
-0.3783117502130054,0.0191587966125638,-1.052676359560803
-0.3784559637435287,-0.09370652185715853,-0.9742699469903614
-0.37783761974836877,-0.10796032339540448,-0.917643391535983
-0.3812705256716279,-0.9156726965327207,-0.9915866173655471
-0.3795808708320235,-0.7885268965541489,-1.0691933799427085
-0.37871337822771844,-0.1827514046330344,-1.0140949270891955
-0.38196992139057245,-1.1341719451124377,-0.9444532446326925
-0.38099563388140906,-0.7783088858757063,-0.9575880924113375
-0.3779686376575123,0.054623732633375485,-1.0421633613959265
-0.37641758769672495,0.3426966831148812,-0.9522065873834693
-0.3782557702933306,-0.017070314683922984,-1.0797000208392937
-0.3768496502974091,0.3857603157450047,-0.959027991708687
-0.3791768670964729,-0.39359578979943655,-0.9960606346775991
-0.3810397811665545,-0.9030360518083622,-1.0561723772640508
-0.3728291828851509,1.5203292311156091,-1.1293054422070075
-0.3756284289050253,0.6617862581381785,-1.0890128660892597
-0.3774437832631596,0.14396474187462277,-1.0281779948669576
-0.38403155732915256,-1.8465782816079872,-0.9318185602586004
-0.38375943149999625,-1.7493281001864458,-0.8875488919116391
-0.3801716717033696,-0.7512575697731491,-1.0249768663586376
-0.37717834391047955,0.2832484622788774,-1.0101489085858995
-0.3810698886831498,-0.7228691890023313,-1.0337051375430228
-0.37471305434653396,0.862297384305209,-0.9912823663217433
-0.37758086006197517,0.08997572797944377,-1.0854467551309053
-0.371124830715333,1.9712688006624646,-1.078038542010903
-0.3794665784019034,-0.3804057666519849,-1.0383865273303436
-0.37421959471947663,1.0928815185353868,-1.0461731799138514
-0.3803389917184659,-0.7017939799907852,-0.9838833173293959
-0.3778379533739582,0.1079403702369679,-1.075503918113401
-0.3771721437047102,0.30439314188279304,-1.0869322388424343
-0.37897892046202614,-0.44517551393091265,-0.9519405346460724
-0.37922522849580326,-0.45129295534185,-1.1381438222361686
-0.38074896807396974,-1.0191268385620507,-1.0417970597978163
-0.3795715367951321,-0.4331973262928855,-1.0042101739044444
-0.37283685937856853,1.4857864843060105,-1.1068237131125358
-0.3814128108142827,-0.9215258338093474,-1.0315360359477537
-0.3770128151930301,0.3038978488509836,-1.0430253165149632
-0.3782519568161741,0.0016938200720269133,-1.0318103340288187
-0.3807129484863581,-0.960253640129645,-1.0613489552718467
-0.38252448809686534,-1.358175438290022,-0.9664096027016821
-0.376912068702326,0.15668619250840055,-1.1028900861283
-0.3845983926495901,-1.8939847425361458,-0.920020141861086
-0.37528371778482156,0.6469343928244036,-1.0386333741340699
-0.3777747236481444,-0.2858737833163895,-0.9432345576310082
-0.37786772572117877,0.002557448005454951,-1.0244751015461364
-0.3846331478560396,-1.8684920911822747,-0.9653467160347904
-0.37161979679529505,1.687055218509759,-0.993748751746725
-0.3800042396762372,-0.6656842105257587,-1.0092386126973152
-0.37281344151109846,1.4166593125880373,-1.0169640145512029
-0.38053542884414143,-0.7017589200448758,-1.0284919731689506
-0.3798595378570811,-0.4168346183617162,-1.032366744701168
-0.3718573741402779,1.6308739553454716,-1.0215286909906338
-0.378559350378818,-0.14301427490876417,-1.0665750024422709
-0.3790640265070537,-0.5101333433291745,-0.9641931779439662
-0.38172350177366754,-1.0740619787875192,-1.051779514612606
-0.3782231602407345,-0.07268613087535392,-0.9487334287880591
-0.3729774493254969,1.431174339661755,-1.1079454164681661
-0.3760626664220619,0.5199835972700286,-1.0112648006995315
-0.38069698531779667,-0.9763074358181909,-1.1162167999944699
-0.37938168971843367,-0.48706279533885977,-0.9536564953289806
-0.3782467420752354,-0.14237924121019263,-0.935297025144204
-0.38247208604405697,-1.4758623816815482,-0.9974117171804054
-0.38149272547042706,-0.9855172671484912,-1.0408890146809209
-0.37956933443437846,-0.3412443074381504,-1.0521513340118638
-0.37302578517891516,1.3806173038403773,-1.0026241993415912
-0.37371288571675376,1.1636736144686155,-1.065672663797586
-0.3770067544940241,0.25065107532371117,-1.094210308565683
-0.37823017210687165,-0.05283318689892792,-1.0813459601567905
-0.37484045267483784,0.9145334513179598,-1.0524625762207098
-0.3733857309225711,1.4151768280115997,-1.0635102539784262
-0.38110832899562463,-0.9365953557989525,-0.9601744142674484
-0.38426050514011817,-1.823040734560181,-0.9731841188789484
-0.3831950335787366,-1.5739605686425127,-0.9633873076535534
-0.3815069046557297,-0.9577013970531917,-1.0175927474111728
-0.37012444915204884,1.954694385768783,-1.012191981698953
-0.377771784582057,0.09860080537752348,-1.01625531560481
-0.37615276425606425,0.4117492163670659,-1.0337605706602417
-0.3760904396019972,0.41582934744914374,-0.9737165533941351
-0.37674456146410146,0.26560225733749787,-1.0540146260629533
-0.38436860412843776,-2.031223641692708,-1.0006454222049823
-0.38378327391980466,-1.8417891617481472,-0.992752710686432
-0.3778567930270349,-0.15833963456692876,-1.0544936852200524
-0.3774311777312925,0.09300233288585456,-0.9562232969231399
-0.3788971544691976,-0.21933366289588188,-1.0661371099206154
-0.37845596447027663,-0.2394976662764955,-0.8914239070590093
-0.3795219493065113,-0.5051378562111967,-0.9514933621853445
-0.3786440362908222,-0.2501502144692933,-1.0518248937327381
-0.37559356882898715,0.5575505659918241,-0.9683551678347198
-0.3784119935607132,-0.14121042025159786,-1.000969913110539
-0.3749972569655023,0.7147620449045292,-0.9979286616381969
-0.38456120249090575,-1.986793249436233,-0.9706363488010729
-0.3799425210003436,-0.4854316864924175,-1.0720237668790649
-0.3737036215205668,1.1303659644961914,-0.987383576942752
-0.37810667142643173,-0.05310132985387627,-1.1135273942088677
-0.3803287019937608,-0.7397935419367311,-1.0704531953275451
-0.38293447471557585,-1.7082530022136175,-1.0399514932916945
-0.3750392875436804,0.7851757960271217,-1.0992321624614916
-0.37768310674252115,0.07329414666387528,-1.0303502919585743
-0.38092463073827004,-0.9831038794432532,-1.0758110249326887
-0.3807468913878411,-0.9200348331708252,-1.0607877447459837
-0.37396230318377527,1.1994158110164905,-1.0930755344613627
-0.38411813679595985,-1.8667452452953115,-1.072745844845091
-0.3789237201378958,-0.2024914780626488,-1.0086638623293007
-0.3842030679733459,-1.7541107236961906,-0.957993854776448
-0.37385604376662407,1.2342102499984005,-1.1343979090809022
-0.374031463015097,1.1811229164982846,-1.1083023096193239
-0.3799268204721138,-0.5954742213170603,-1.0546882627721772
-0.3765884273771992,0.2821370450803641,-1.0349480880937836
-0.3756026464789851,0.7886489716587944,-1.0695136212832954
-0.37790843212520797,-0.05429753946884386,-0.9624292146613972
-0.37996498364582904,-0.6281918904631476,-1.0561621868127613
-0.3789668566810134,-0.2849047772125338,-1.0791290806200755
-0.3802601705793366,-0.6305562751715358,-0.9983782108451371
-0.3759530975383761,0.43043572568911326,-0.9873465776255345
-0.37767775792776714,0.1808740974370345,-1.0333906719186539
-0.3806146798576386,-0.7176958404933089,-1.0088760700769102
-0.38084501125089254,-0.7913063377591553,-1.0444795619183966
-0.3827832601394499,-1.2805885878654863,-1.059491326154976
-0.37628678694458256,0.43182094942936977,-0.9914193635716597
-0.38363579811861165,-1.707721378141893,-1.0686410253364174
-0.38308178094958567,-1.558832575513909,-0.9554934463590643
-0.3815050326748245,-1.008250105535072,-1.0715979321907936
-0.3704788593003519,2.0196613015585987,-0.9896475978435977
-0.37957766494738177,-0.4984907432411928,-0.9968395236391115
-0.37455907150740914,0.9134721994421745,-0.9585258314840609
-0.3780169241153924,0.019436757840869134,-0.9747454545484385
-0.3828547376681393,-1.453315572579312,-0.9849044601050316
-0.37901828203737153,-0.3788844307720029,-1.1311463469929766
-0.3772386315859251,0.09259969386967835,-0.9581672968793584
-0.37503154202369043,0.7164536440851007,-1.0651009962446905
-0.37805435533740345,0.01796110369387648,-1.024545324473595
-0.3813231348160436,-1.1551015954563972,-1.1106168262969944
-0.3754697171654605,0.7170079317426551,-1.0223811132835112
-0.37551203050462817,0.6624886925864069,-1.0607845269747647
-0.3739837972579985,1.2362839601707676,-1.0528530308733035
-0.3748120993491646,0.9434703012377071,-1.0819370405768027
-0.38041714649909253,-0.7856645029794374,-1.0310690288469915
-0.37564139187754697,0.575961607647049,-1.0652514319473487
-0.38089393980508124,-0.7947156910501113,-0.9846144099600946
-0.37853766431061714,-0.10749952536610392,-1.0532829173353926
-0.3800321104501552,-0.4542848170167494,-1.007696425829469
-0.37746945113187375,0.021316378809645757,-0.9600347667909978
-0.3769453065795125,0.2793197446883639,-0.9832139864548044
-0.3757578508238717,0.6795412898722858,-1.0909309443479234
-0.37826531617153997,-0.05163498755763117,-1.0103386838805426
-0.3769823488386681,0.3058609583217267,-1.0108769860868394
-0.38454953437677286,-1.9665799907871409,-0.9559971048278454
-0.3789885586703857,-0.2314188294230951,-1.0283682606316031
-0.37982615367532385,-0.6084122055162837,-1.0003471230374663
-0.37042813251254764,2.186798231149811,-1.0695958257188076
-0.37844534787899253,-0.12458074712602464,-1.0607936177993311
-0.3793468491619227,-0.41523967101518183,-1.0097853659358293
-0.3742085600697407,1.1093763558661305,-1.114812838250988
-0.3833796015635529,-1.7243631155917838,-1.0667120331506812
-0.38417491333608056,-1.8504936073429865,-1.0683812069738472
-0.3791850367140941,-0.4909181273588396,-1.1295948326005076
-0.37536455324546175,0.7811087376260071,-1.0055538547352738
-0.38157792268815827,-1.0458226336875815,-0.8904660508522284
-0.3744930564654711,0.8426163577884614,-0.9995847493866098
-0.37346446888528806,1.3608120635241903,-1.0976277353697068
-0.37230720323508676,1.4821707664280315,-1.10307631459692
-0.37966191804166594,-0.450217973354153,-1.0956110129494412
-0.37988309601458103,-0.4881324230490038,-1.0380522277299535
-0.3777539063435038,0.0696717035022029,-1.1133377673401879
-0.3825605338992143,-1.5800313975241815,-1.048900857644939
-0.3769720561532227,0.3412269471972189,-1.0239433159760565
-0.3769399648935074,0.26800345737560183,-1.0751410203717744
-0.38234069721169206,-1.3450718732945597,-1.010209377968311
-0.3812806387286212,-0.9709167742242306,-1.0249407354544315
-0.38252949694281213,-1.1525115176196992,-1.049013592958498
-0.37937660434760595,-0.5224770622440583,-1.0902214271947548
-0.3753277358064962,0.7894745509973938,-1.0153245708863694
-0.3783007286250753,-0.3044725843854577,-1.0545243840951777
-0.37468424015874974,1.089031945958402,-1.0717805885117881
-0.3749860752377715,0.8766354453068858,-1.0771735991745597
-0.3817730336332258,-1.0452984666482537,-0.9372919630028811
-0.37660618813567037,0.26863275792735064,-1.1038424927900188
-0.3775056908126799,0.0841162006247371,-1.0495851677948078
-0.3740900839471819,1.0755838708349317,-1.0175143585660487
-0.38098066488991394,-0.8399605627548705,-0.9911692192643582
-0.3778412464593494,0.12780415647455495,-1.0198540251417179
-0.37977524462151313,-0.48040897189625387,-1.0243582420829345
-0.38460463327291217,-2.0807275298608734,-1.0595804201008165
-0.380385827731739,-0.8064063639895245,-1.148560038857845
-0.37300303569305276,1.3065546204955094,-1.0534212391242648
-0.37950450450904083,-0.4167344564103598,-1.0655485368126514
-0.37956254677311063,-0.571467752158569,-0.9394876898947967
-0.3790451409848618,-0.2168312775208839,-1.0540194398817133
-0.37711311437043304,0.12740182495625557,-0.9467911046380632
-0.38458125552218375,-2.0616112920483167,-0.9534978432091639
-0.38014890113155647,-0.592729102621259,-1.0721735560823762
-0.38291338466562846,-1.402071557504544,-0.9342594380907319
-0.37782410367330593,0.0419894083840293,-0.9531176029119373
-0.38060474522349974,-0.7144245895479914,-0.9804520094230529
-0.3799664120259933,-0.5193941746548704,-1.0552078884840166
-0.3756699230752206,0.6280549900675998,-1.0531327995445525
-0.3783868748972668,-0.09717273090595652,-0.9621552628786844
-0.3746030139025276,0.9145456024271549,-1.0030436274354853
-0.3773903023887579,0.19650927400829007,-0.9458705918408287
-0.3724133172367385,1.5772421133986798,-1.0087784582184465
-0.3821247968519725,-1.2208302793411003,-0.9912136316866639
-0.38065523919214694,-0.8062879831009716,-1.1188639656005954
-0.3734370925100746,1.3420311993558507,-1.1175936378929137
-0.3779885915546816,-0.09140476358561485,-1.0812136345888426
-0.37968139523671346,-0.6967765484460282,-1.0174250164439018
-0.3758135684271151,0.6439656936889142,-1.0643382548459697
-0.3830208833562895,-1.364957418746508,-0.942280515382173
-0.3802182990099605,-0.8414798943885421,-1.1108469177791642
-0.3812869832512637,-1.024619989478583,-1.0003461305230785
-0.37747172407781343,0.19434813294136813,-1.004646553680157
-0.3774542122469122,0.08148133501454144,-0.9835794316482337
-0.37457489287266665,0.9497239424941109,-1.0552126314256087
-0.3713754727406285,1.8819084001866404,-1.0084506579898447
-0.38315649848305294,-1.4549592159717177,-0.9711405596739872
-0.37699351174009404,0.2705039888658578,-1.003037619471909
-0.3773122631881855,0.21107834529098377,-1.0616305631307992
-0.3787704179511992,-0.1599199025595917,-1.0360843631157066
-0.37991631568299966,-0.4867247117902762,-1.0475485475975055
-0.37961641920362543,-0.4137842123070928,-1.0331727753187436
-0.38264466899696203,-1.484771604560575,-0.9748112439209117
-0.3801160925051155,-0.5948560599018404,-0.9834651582633381
-0.37517294713170174,0.8083225466860116,-0.9961972448062013
-0.37603406344680407,0.5553193123679261,-1.0409236867267426
-0.38080020498348116,-0.9141047882520792,-1.0194604529907474
-0.37666385712035916,0.3593731969571486,-1.0032716128074348
-0.37538669067123465,0.7113476757895525,-1.0442668249494351
-0.38176824322941566,-1.2380598956746502,-1.0523549329690478
-0.3807936470757004,-0.7449629150700056,-1.100630341353863
-0.3820147277964661,-1.1518353826844532,-1.0814556236771993
-0.38079785003382405,-0.7684362257305104,-1.032988575538964
-0.37485463658203866,0.8783592281586337,-1.0305699212905874
-0.37846192938919077,-0.07060735060321148,-1.036670055041729
-0.37464456898024673,0.9645368108324546,-1.0736256579608257
-0.38438877066621835,-1.9378468153301087,-1.0890999120712146
-0.3706855062319707,1.9902823988958103,-1.0090421347267386
-0.3782966328376588,-0.1715927897961613,-1.032431135147326
-0.3702958166604672,2.0956820493377313,-1.0841486050149458
-0.3792914519032701,-0.4457603324040635,-1.034988324481811
-0.37459886619533317,0.951905627936659,-0.994662171898923
-0.3795570640861481,-0.4640409887955874,-1.0680766868643496
-0.3815775902773145,-1.1494504735748505,-1.1025727024617082
-0.3831968501245003,-1.37042513475653,-1.0261865795195486
-0.3769000362767607,0.24856677222369084,-0.9408622743640468
-0.37566140928429087,0.681853544129175,-1.0594794026181396
-0.375639024543767,0.6117809142930458,-0.9866153045015635
-0.3726895619624951,1.4167722222429757,-0.996334189152975
-0.37656510113220354,0.28163008421519875,-1.0300794516312022
-0.3781679037963678,-0.05528446931963241,-0.9767782759935477
-0.3788157262117635,-0.27268981632097355,-0.9413756377567436
-0.37814111640985204,-0.1116845157255685,-0.9900139239366659
-0.3755200477163558,0.6659406807628261,-0.9864632573229668
-0.3793894955374467,-0.414541036200302,-0.9922156921482265
-0.38113980402360165,-0.8123236571934231,-0.9939732775791599
-0.377837130707228,-0.018426509887645756,-0.951772703574542
-0.3822174328677973,-1.2384397439573687,-0.9778354841131893
-0.3838694683359881,-1.668135077725216,-1.0246788006570628
-0.37242631482405236,1.5920539904751057,-1.143550407590983
-0.3712828845043592,2.0708264442338313,-1.1089720551499445
-0.38305474378855764,-1.6031293174714614,-1.0713149375269082
-0.3710066380553022,1.8626607722416975,-0.959324677307947
-0.3782480252192708,-0.12738157446597206,-0.9537509952230219
-0.37340139431723623,1.3884204320426188,-1.055092271419017
-0.37430128588499706,1.1287058928893317,-1.0673428113730372
-0.3776815558090333,0.14238848888377614,-1.0425200039537321
-0.37403935016756445,1.0226159238263894,-1.0058526152296394
-0.3764679382972838,0.5544892668669247,-1.0790585144961176
-0.3788636050970651,-0.21893886586998174,-0.9596919670593514
-0.37822881951925613,-0.1469062479878425,-1.0257328446179725
-0.37642397601258704,0.4137575231033885,-1.0124594822376356
-0.3824913339999075,-1.2513008866491482,-1.0578712257718135
-0.37052642228076255,2.0950323883195647,-1.0516191431591992
-0.3805776801305275,-0.773984300062946,-1.0649287473950861
-0.37578702885936677,0.5761110538792207,-1.003749429847801
-0.3791736572295161,-0.39279413503426386,-1.0452977014617115
-0.3807650661792865,-0.6849264341195324,-1.0328534947657158
-0.37195268398427056,1.7185863881906873,-1.0692238373212044
-0.3824219618372948,-1.2558842865471274,-1.0380778246955598
-0.3762191124313508,0.6392631895905065,-1.0882911006397682
-0.377594970105013,0.07198711883933577,-0.9753531925097471
-0.3805247534077511,-0.7564870187915265,-0.9215865684158362
-0.3831756480438604,-1.7205805112458614,-1.0354613688836232
-0.376915599644906,0.1777664446321144,-0.9476039082770364
-0.3801519578044743,-0.5801180332838947,-0.9082317894410256
-0.37854359237229185,-0.2324260827738517,-1.0037189856653188
-0.3733453085209555,1.2562660307260376,-0.97810749850322
-0.38148139984492196,-1.0768981486084086,-1.1806102566681633
-0.3796766763908819,-0.34130599245546334,-1.0972652444219946
-0.37733232093695523,0.21638865569455873,-1.046584302423983
-0.3718033668549891,1.7561163795568366,-1.023173891776134
-0.3750314450616919,0.7673813662804803,-0.9994511191630229
-0.3740429367355967,0.9669628571912466,-0.9714343526368142
-0.3807133230387855,-0.7532911849302469,-1.0891789703945647
-0.3772856102573322,0.34097236334420766,-1.0805415211615745
-0.37685891729598037,0.3943757717811936,-1.0352134830794733
-0.3810928014698955,-0.8216292256577036,-1.0032947714530451
-0.3782898722106732,-0.18436471229115356,-1.0358555241351317
-0.3805589852811826,-0.9519900766170636,-1.0513458131271514
-0.3707133700472904,1.9343558883487275,-1.024838261444348
-0.37638947903581754,0.5343347391775901,-1.0162601978948944
-0.37870191976500855,-0.08835223372618017,-1.0420409393852699
-0.37985330473086387,-0.36725422139581226,-1.0257231475293704
-0.3843479542846345,-1.9865292639126266,-1.012784844758816
-0.3707614312264986,1.9290353858673004,-1.0663648979654738
-0.38368541969846315,-1.6092059882872578,-1.0199443805515416
-0.3735958064999238,1.3065597881682074,-1.0889631234834525
-0.38371136914921733,-1.7053675317897898,-1.0607700075653022
-0.38336929060347574,-1.902056518957393,-0.9850775641005244
-0.37934450581029405,-0.4935058276263894,-1.105135789860161
-0.3835510668378899,-1.6498873672011583,-0.9999728730046298
-0.3777967309703168,-0.03966711501207121,-1.0680093405519184
-0.3829083672135603,-1.3889101048962642,-0.9580184420137046
-0.3719330313007942,1.7558038280427644,-1.0278447164352542
-0.3753850905357247,0.7186189231551984,-0.9884481175269924
-0.37549229214675617,0.7310891922071782,-1.1141109865997008
-0.3773541041368876,0.07425785332446644,-0.9759840234054321
-0.3823628388501219,-1.3027209738874392,-0.9607454062345341
-0.37703811444260604,0.3404373340888127,-1.0740036682135663
-0.3808949753078074,-0.9111741858932202,-0.9153968036022548
-0.37725251197419574,0.1290034721682267,-0.9631408014313184
-0.37620519542839803,0.5191603693974155,-1.1074436418408342
-0.3788426914330131,-0.1775477515674292,-1.0274131321137094
-0.3751215137810802,0.7528462889924601,-0.9917156479591368
-0.38502172759571174,-2.0863679417101006,-1.0880259293124077
-0.3805766026740038,-0.8799291654591004,-1.0708685110608898
-0.38282798065290685,-1.669544623710758,-0.9985936302542253
-0.3827225999153272,-1.4778061683692814,-1.0135569638015876
-0.38015155659513417,-0.6286793990635803,-1.0296687514179428
-0.37770536606191546,0.10835223797328081,-1.102349446185322
-0.3776991702772935,0.2282080932264839,-1.0099971272525314
-0.37825949495487027,-0.46260388825418103,-1.0363874225081018
-0.3721766700182317,1.6491144167487013,-1.0619323287414288
-0.38086709692921566,-0.9460701931729119,-0.9572451841568977
-0.3814998315726372,-0.9920692411029992,-0.9166592110249532
-0.3803946284111501,-0.678887275623894,-1.023726735417402
-0.3796255250698829,-0.4826982808460188,-1.0248255665466701
-0.3792195590837045,-0.5767275708384599,-1.0203437308429728
-0.3762260943492382,0.5680141295989445,-1.068159721881859
-0.38165109865648755,-0.993318623797879,-0.9670231878608059
-0.3790917834804412,-0.2737590637939161,-1.0774162315505103
-0.3734238810362319,1.4141608969979071,-1.0745701234056708
-0.3819484240102682,-1.2194551069101593,-0.9600260344987321
-0.38165193151306287,-1.1105941105912125,-1.0348992670485815
-0.3778580527591247,0.0070590054041002066,-0.9497842721821214
-0.385059116142798,-2.0294641546769907,-0.9216390830267089
-0.3741224011043681,1.0403260472454519,-1.0030198397508776
-0.3772608129971644,0.2278070774945685,-1.0509062607963335
-0.3770552662407473,0.26837199987724775,-1.0792800913041103
-0.38053498339143166,-0.8977973950593892,-0.9711191992995796
-0.3811889362297794,-0.9180543986696921,-1.070533848725937
-0.3794297501743829,-0.3218559600081306,-1.0349633105509977
-0.3758824307545024,0.6805301363431279,-1.0853800714680868
-0.38126882839527665,-1.01910270054989,-0.9608791866853402
-0.38216261970550713,-1.0935896099173463,-1.0651445026795947
-0.3732996651532784,1.1979957065289217,-1.0069336290645792
-0.3801435540366768,-0.6081719488385695,-1.0673650147575517
-0.3739315042451552,1.111802844488963,-0.987559115837322
-0.37557847981277614,0.6619491065551351,-1.1194727918726324
-0.38044273579672827,-0.6674794242814602,-0.9807063474827655
-0.3748194664867463,0.8791530069742012,-1.064820751881507
-0.38234422549700803,-1.4230686547325206,-1.0627046273278462
-0.37557844365041343,0.6600841181637127,-1.1163647648619328
-0.3845353997702555,-1.9938453846247972,-1.0414007679689758
-0.3823491921247948,-1.1786614972087417,-0.9906021316401374
-0.38127266116141256,-0.9509424206207351,-1.1361370022590405
-0.1753418404378075,-1.4612306246941127,1.061685013780124
-0.16586722593884945,1.3413045855169856,1.0058162731270368
-0.16860864600213374,0.5319734433618709,0.9269667528672735
-0.17357626345445656,-0.8468690301570022,0.9733550328503963
-0.16994125845361782,0.21193192526953986,0.9575254011018568
-0.17630000072520832,-1.970339588391433,1.0554007628464124
-0.17317368355275392,-0.7737782132080749,0.9374886087587685
-0.16848838302527475,0.6423704177201564,0.9754842504956648
-0.17336622590482353,-0.9167864784938147,0.9666100766685299
-0.16961063762554013,0.2658463547394416,0.9309157556744496
-0.1708219612400495,-0.12610990122007817,1.0193388495102507
-0.17113039952631676,-0.24124988426828717,0.9141946824417326
-0.17083199775617142,-0.15600779720644817,1.06289805444127
-0.16382089968195226,1.839946313987907,0.9286400635281484
-0.16378831010355768,1.8589517214806408,0.9600620115544078
-0.16659669849001088,1.0537010281962085,1.0319738076071094
-0.16909285591763673,0.3556312655581528,0.9531987565134149
-0.16915764638203634,0.36728242987814297,0.9106735792536551
-0.17552401451707383,-1.5819717256194943,1.0221111688490412
-0.16812835009346727,0.5368907123506365,1.0569357676765185
-0.17647848985510195,-1.670409430920612,1.0482494065564383
-0.16787880049362355,0.7140065344706077,0.9613022265866844
-0.17085500530833686,-0.09580746549931918,0.932576061717891
-0.17248817047078502,-0.5557924153243181,1.0214661693735763
-0.17420450911292357,-1.1177296789890203,0.993761932005131
-0.1633431204005926,1.9675822790989175,0.9610353295270592
-0.17695095461126797,-2.011036761169358,1.0025416368235904
-0.16630625741344704,1.3201593333576163,0.935584391707163
-0.17397521273663952,-1.0267757788763423,1.09625195700192
-0.1674910106971412,0.7875395657580418,0.9890631905668577
-0.1710193029333982,-0.19755801741523826,1.0770053031166587
-0.17082396473251216,-0.179588255489819,1.0031935588830472
-0.16979850918154643,0.17739141482667065,1.0148918107230638
-0.1681804474582091,0.7317032090369903,0.981999731739117
-0.16910309861736733,0.3686953192326195,0.9832068395232214
-0.170110266750369,0.15609485573057916,0.9810445290959835
-0.17304299417876118,-0.7911808077787527,1.1008809002108335
-0.1690411069762239,0.4269997814031171,0.918628877943006
-0.1712009303241081,-0.1091868733257442,0.9607372491922819
-0.17668180947981804,-1.8526819153812581,1.1044745271964598
-0.16678400435169868,1.0705729959147132,1.0123554475327403
-0.17094094207599397,-0.16259852122200835,1.0455638980957815
-0.1755431738228396,-1.7276981368744713,0.9932558562944336
-0.1688638336225878,0.3275757711015382,0.9789700535111365
-0.17038093964194012,0.013705203398265722,0.8914713068188842
-0.17006170036697163,0.08230177841977493,0.9942071913971238
-0.16698361356581087,0.8765829744670641,0.9797801209301874
-0.17500407150877884,-1.5141402186384847,1.022699447417047
-0.16410705497258868,1.8750401217297916,0.8703035078353418
-0.17158133216260943,-0.2993703509799737,1.1166073687860256
-0.17361569388683967,-0.9221833301408916,0.938508997478618
-0.17040492970773496,-0.08977714136544117,1.0035379209280921
-0.171023495874971,-0.27576970867846773,1.0159968895711275
-0.17359137830884921,-0.8812728665903937,1.0034682539691644
-0.17229526815536997,-0.5777689750950541,1.0344868355636654
-0.16435896802407593,1.8200623045289726,0.8843064844222972
-0.16694104013524558,1.1015052543239754,0.919596524233849
-0.16549713302375896,1.5177050172717605,0.9490952003092745
-0.1710056185702194,-0.1457670932093198,0.9835636042652597
-0.16619879155590353,1.249550825478536,0.9334468323641036
-0.16690080824073736,1.0422716428722691,0.9328366207970754
-0.16877837923725614,0.5329684180320791,0.9473313985665052
-0.17011996855021141,0.1495644446715571,0.9701985352215042
-0.1696640285627384,0.2110927005664718,0.914288542131243
-0.17358328452894153,-0.9884483956940592,1.0750805043871963
-0.17128999874392953,-0.18634510871394255,0.9751003172429431
-0.16663756307804853,1.0538407964227856,1.0364357422670243
-0.1723570279862429,-0.5414039609174831,0.9654195151890894
-0.17362290165615962,-1.1106497488603089,0.9416612835446222
-0.1716271760803199,-0.5094826958987232,0.9524138566363399
-0.17007712008317855,0.05168287683748625,0.9774458526418676
-0.17254345898287074,-0.4896451312157217,0.9853615090350893
-0.1681249115783507,0.5844344504653085,0.9358016912659906
-0.16809072402303196,0.7500703050144099,0.9554937946277269
-0.1751332919251788,-1.489154815718073,0.9933649389009247
-0.17206528678600336,-0.5601149982083015,0.9682903553729132
-0.16640606155974091,0.9787132813904238,0.9928120624364548
-0.17095465623047856,-0.10992562214156897,0.9820040594623128
-0.17426658177781695,-1.1365322848531074,0.9207964107369835
-0.1678084376706901,0.7150478976064776,0.9716485800606672
-0.17240860216724813,-0.5772122230716528,0.9575695193928202
-0.1724516296523284,-0.5101618394789672,1.0239654997049812
-0.16407273702672054,1.8573508398369123,0.9070635832069077
-0.17093182714458266,-0.3043884391455705,1.0110215401617728
-0.16795329600612088,0.7476724781147304,0.8998601578868511
-0.1684566308515225,0.6587497860969475,0.9458076563602933
-0.17545294200975073,-1.405794758315856,1.1013718546504645
-0.1720414257845197,-0.5208607109704863,1.0036941222749682
-0.16812515387521557,0.766972125555524,0.9473229246351845
-0.17182463940668868,-0.3159083168315412,1.0107891593486023
-0.16857161492383668,0.42643811415372085,1.111382638021556
-0.16793635639720986,0.5878473596828605,1.0503552524845872
-0.16897840245108794,0.46420460481769354,1.016245546921637
-0.17047872849075726,0.050885148649664334,0.9417621980589616
-0.17398772723536254,-1.0764277152709385,0.9599501697608942
-0.17324334652094628,-0.8280162357093359,1.0660714512574507
-0.16573423802688228,1.211160403912174,1.014572316466517
-0.16577755574244538,1.1938851407229532,1.0033930370306428
-0.17642295098263933,-1.8988163406926437,1.0343802519457566
-0.16540020634999397,1.4638837922818313,0.904547058225275
-0.16796756384853434,0.7123536414042024,0.9965946869080031
-0.16814973847921763,0.6034417979722053,0.9493558770014554
-0.16276166075855156,2.147371082088168,0.957411386935705
-0.17285141334961412,-0.7068815461255498,1.0694560155957118
-0.16734589487201304,0.945225578000704,0.9104794063699527
-0.17152574343477234,-0.4057869248337848,0.9395032974532572
-0.16774765003364706,0.838209159935103,0.923559129197834
-0.1664532774278398,1.177264107333755,0.9142626963587499
-0.1692331248317367,0.42584394504973505,0.9336827296141974
-0.17111126378774455,-0.2857384305365918,1.0436269931479385
-0.17618571328810997,-1.76221396084779,0.9631619471560308
-0.1774090448249923,-2.1078681435368867,0.9348943022713352
-0.16791824865177288,0.696377849650576,0.979145306299429
-0.16763148174328116,0.7507068442262985,1.007867427800956
-0.16824581050714807,0.6899500166665481,0.9849489742509375
-0.16834316888774722,0.5120220467477901,1.0127137113077682
-0.17205870782583604,-0.5601254687198328,1.015378225121651
-0.16942978309547801,0.1930112579473864,1.0043284106932433
-0.173360260109839,-0.9400885581759411,1.0409362854005408
-0.17049156231531973,-0.03948654730804338,1.0489476504818105
-0.1635147427634388,1.8765449013831148,0.9102762978080665
-0.1735969877462385,-0.8973348930198348,0.9738080556555901
-0.16379221549967848,1.8612568109756558,1.0001591550783233
-0.16835056138338383,0.589906129838806,0.9964452160726157
-0.1717029984550243,-0.48894960371175766,1.049749866744623
-0.1699341104262088,0.18904020062164253,0.9780304327748434
-0.1745130985783652,-1.20200248973163,0.9496531981784261
-0.1624541297691777,2.129560615350196,0.9435647384509763
-0.17546803543100084,-1.5448609544586263,0.9751852589725066
-0.16955501881144952,0.13640583819026106,0.9558535534397797
-0.17390629497454654,-0.9359339546264747,0.945885355908191
-0.1698046802985514,0.25124170762364406,0.9214324047839962
-0.17154735132632015,-0.23701896017790036,0.973396837899476
-0.17271088786979236,-0.7743100271571822,0.9875145669116455
-0.16829461083051697,0.7134124544146937,0.9248382185373728
-0.16548767449869375,1.429551851454153,0.9771209587451343
-0.17011917161202803,0.16921135605022525,1.0395607897399222
-0.1754668647240653,-1.6895888226257034,0.9911605640218658
-0.17281356599538591,-0.7062794766501279,1.0329381797693935
-0.16889301904467943,0.4052359950937063,0.943176839032095
-0.1676338453482404,0.8912870596647309,0.9470719767917253
-0.1711335526322669,-0.13508786746306548,1.0133128983786006
-0.169490456568525,0.3002008556419715,0.926916454684098
-0.1638228140872459,1.8941365137593376,0.9337542445811753
-0.17640711790844887,-1.6696103513678635,0.9607803935310731
-0.17275685623960485,-0.7064294250885027,1.084798037698063
-0.1740844996857413,-0.9622320586533337,1.0824560731712345
-0.17099454968309694,-0.2168427373461879,0.9730830835731601
-0.16556759293382856,1.4637733648334956,0.9161411743836335
-0.17351129951366895,-0.9142088899072921,1.0402668996750777
-0.17323999077285523,-0.8127592370029377,0.9991627508595183
-0.16574351627426362,1.3946744377039277,0.9987920676910302
-0.173761097177098,-1.117147556393666,0.9091978387560069
-0.16909798406836835,0.33965954052858266,1.0382670601411395
-0.16785640003696636,0.7492548898459592,0.9103738045868816
-0.17155359237523,-0.3270488994948822,1.0486374519629253
-0.17656943761556299,-1.694001367096514,0.9916936538599734
-0.16365116878069097,1.7717538852082513,1.0193287159680098
-0.16737648146870177,0.8167304351042597,1.0253015896073028
-0.1763642996818962,-1.8684606962743366,1.0443905869461432
-0.1687629327459646,0.5330469302138064,0.9973898690849832
-0.17034430506995726,-0.07522065442124952,0.9359239432080471
-0.16990254979424307,0.04010699650957819,1.0007613390549304
-0.17188855302067527,-0.5217092804635028,1.0007882753600827
-0.16369074156128827,1.8571896366839997,0.9382349481304724
-0.1625956979883011,2.3399540213224923,0.891726847342153
-0.16471785028618183,1.7152389250739064,0.9038740168596646
-0.1657540455212541,1.2527466519467532,1.0315876968718103
-0.17005197112897916,0.12382694917169554,1.0246800235859779
-0.1681664425477465,0.5891755897791805,1.0293128421348527
-0.1704661016520766,-0.14757784293230633,0.8948757314513841
-0.17448354538617958,-1.0649125573511842,1.0104975800761387
-0.16685065008657637,1.0736176579975443,1.0049227223114499
-0.17196014558394818,-0.4907721771857084,1.007069864321531
-0.17110995038877191,-0.19923545582752528,0.9516604938124381
-0.17246372724881393,-0.5425506016045656,1.0483378007366702
-0.17171555071979647,-0.49130329712697585,0.9390121718587943
-0.17224610642713245,-0.6129199407443973,0.9576444838777058
-0.17419920051044024,-1.2380918307783093,1.0409326246492412
-0.1690967250522786,0.3561881286547989,1.0533462471194976
-0.16792280790204378,0.6965362413629994,1.0165112383525785
-0.1704991260391361,-0.06230588787123142,1.0144925604210442
-0.1687354609560308,0.497929773072888,0.9666422885444556
-0.1750909196940795,-1.3650442410072696,1.0330170411043809
-0.17372069501149737,-0.9453015675307185,0.9335523370848889
-0.17715605517852986,-1.9423290893092262,1.0980189679339554
-0.16816536374828503,0.6587605313926148,0.9011511166744625
-0.17005518431579963,0.19406672424821914,0.9421756456860982
-0.17028505501868127,0.009920554038804076,0.9380143487826503
-0.16768610143890786,0.6331475433533829,1.0696252386656562
-0.1742124400778619,-1.1732741269132758,1.1367362847003308
-0.17024825954072023,0.051150212008753596,0.933632503113193
-0.1669902898810426,1.03559213530994,0.9234284126635381
-0.172544850254181,-0.674479834202769,1.0736693547180092
-0.17542155867499654,-1.58655191430366,0.9397728142499852
-0.16849501919064797,0.6601325045701765,0.9745275448264247
-0.1670595529697532,1.0160993626386812,0.89924639808157
-0.1685526681945057,0.4275478283180884,1.0118080944799912
-0.1708343167109508,-0.10851984513310846,1.00556043125665
-0.16743493759935565,0.9110409725158285,0.9911597525334416
-0.17244464992948422,-0.5300286212407276,0.9841100988450293
-0.17220402193357642,-0.4738307489860047,0.9611797418129377
-0.1639521363810193,1.9250954577416328,0.9359594256016799
-0.17667071204065252,-1.9011697823247353,1.0966789474082161
-0.17360613640962255,-0.9695837082408694,1.0970704680456802
-0.16797764039276541,0.678890086178447,0.9914890395708991
-0.17591579587359246,-1.6294627141086142,1.0859284969547565
-0.1760149886565815,-1.6016004463008051,0.9991803180998472
-0.16870446516305904,0.5333759443071754,0.9351250621037999
-0.171620672491487,-0.26584136046320817,0.931400172568849
-0.16770635030543563,0.8017090967720698,0.9266524713507336
-0.17145692965023407,-0.27394097912765847,1.018928247105103
-0.1672152625985359,0.9097682925733224,0.984037928946769
-0.17389312906599544,-0.9723541624648653,0.8845271918234925
-0.16323057025454688,2.075359757637757,0.9519205426219454
-0.17436969207729838,-1.1930568639301307,1.0364353833313842
-0.16882300603482153,0.5122355717910987,1.0125031153346755
-0.1699330005917133,0.19344254814252418,0.9799093457245123
-0.17144645908257797,-0.25732981178359776,0.9458875758141526
-0.1673281498376518,0.9085147405166407,0.9115090696362013
-0.16938236204276189,0.28428023918718415,0.9896292018564787
-0.17639210708587355,-1.775673780762749,1.0750815405182121
-0.1677270702604704,0.8744681923366608,0.9380705170056721
-0.1688179402442738,0.4414903485426405,1.0241717432618467
-0.17352554312478433,-0.7640503428998093,1.0458433058963374
-0.1646382071562338,1.5673832480456968,0.9506139935039098
-0.17343424560085485,-0.8424763589277281,0.9629372347381078
-0.1733259686766925,-0.9148511285147629,1.067940322576831
-0.16920072743159537,0.3722317647154886,0.919098685750757
-0.1675416151346466,0.7506491928665904,1.0066430604376586
-0.1724694268194293,-0.699050568123584,1.029777698425957
-0.17426152662673275,-1.2236820507247632,0.9702360132164065
-0.16833550580050452,0.4989778530757549,0.9619035327737939
-0.1757970835165532,-1.6968553142717868,1.0089786855035203
-0.17070199367149136,-0.07529097395049482,0.9114513385181608
-0.17042161826537341,0.031186121984684866,1.0482096798969307
-0.16975646942141193,0.043609214674990744,1.0231270658783564
-0.17083829580964888,-0.05686862483003771,0.9513041499034648
-0.1727126226719636,-0.7359479803404408,0.9971384377973392
-0.17364074322887355,-0.9153277215052225,0.9656948918263214
-0.16615461096567247,1.2506127525709394,0.9820113786566844
-0.1679616437700744,0.716206619856319,0.993213636723116
-0.16592144076793358,1.3546874286236774,0.9017178155581121
-0.16712813198781193,0.8942885272295136,1.0011146069868893
-0.17285876739499034,-0.7926901454959902,0.9924289435716173
-0.17142888719986618,-0.275719621016038,1.045190117790167
-0.17569465491180358,-1.6884846242180416,1.0546605221369956
-0.17124631048035455,-0.17255506294167278,1.0019351432475598
-0.17012885201105166,-0.0005149423986985356,1.0517867049708245
-0.17381179215534004,-1.0622974131496423,1.0784015508987939
-0.16278502803361353,2.111589165430881,0.967097673157405
-0.1686940262686236,0.49721730249206325,0.9332695000255512
-0.16596723841193073,1.1789405475967731,0.9900798104063941
-0.16853507149842128,0.5478686583239324,0.961038289613754
-0.17441382740310002,-1.1994558106050761,1.0470143447082312
-0.16934295324034834,0.3349721473035638,0.9178882183780268
-0.17236662876047876,-0.6999392200582948,1.0442498721458255
-0.17010548631623748,0.08504543228949588,0.9270087698917144
-0.1685260174169439,0.6406474114992692,0.9245999586755693
-0.17261908672525306,-0.5381075506403363,1.0169948929824566
-0.17370317642385594,-0.9333169736411022,0.9853944445953576
-0.16968186922547626,-0.04134662953295266,0.8698034529483164
-0.17543154781834225,-1.4384558965475867,1.0122003778327526
-0.17049360218352008,0.01683749674116349,1.0187783412777376
-0.17167696362629123,-0.3146757924478891,0.9507727033414901
-0.17412472782759178,-1.0434239073962455,0.9829468718320369
-0.17160069326459076,-0.3808704998742673,1.0279428528665284
-0.17257683010287897,-0.607678390364324,1.008369530533376
-0.1679287233038279,0.6232753496122195,0.9557238422283482
-0.16895074578852584,0.3559454914982172,0.9871046442959672
-0.17681974816970325,-1.8911236097537916,0.9809299740207448
-0.17279213616412387,-0.7418540619022208,0.9270374286319158
-0.16805435463096463,0.70849368667622,1.002877077464455
-0.1620812059641962,2.3076258196141906,0.9523710465787332
-0.1748180976266763,-1.4769037171684634,0.9573066217344398
-0.17435774411672011,-1.2412779336559798,1.0044492155036582
-0.17451306410372225,-1.1335132468146478,0.904114644215352
-0.1669890862775856,1.0162570717327313,0.8892999513622489
-0.17261504417314366,-0.6352192149671853,0.9942499254549856
-0.16761621653853365,0.8382684328175873,0.8926085219446394
-0.1665310006156404,1.0688327007082303,0.9929849176023863
-0.17103016957719122,-0.20265635222874673,1.0555283288293558
-0.1690061924501487,0.45679971063821895,0.9814351653633155
-0.17127915839892785,-0.3467597441527018,1.0714705576253998
-0.1762160379764172,-1.6554287471371143,1.005944607616129
-0.16613954016208404,1.2623823411737147,0.9322263531705905
-0.17494131418189413,-1.2338596191224143,1.0990248757396468
-0.17478945328766496,-1.2406900056308776,1.0624034981380275
-0.16995760233763338,0.13813148672584416,0.9445343864495948
-0.17337407949642444,-0.9409331581955217,1.0360738795092097
-0.16387993120401717,1.9468414653450425,0.8774494811728968
-0.1691078308882102,0.3556953305103616,1.0215619083454672
-0.16821475941837866,0.6254845927146868,0.9618317491411947
-0.17012935422588282,0.10784050193499625,0.9659939892739052
-0.16396859068865355,1.7671112071747743,0.9424052174569288
-0.16778320890461093,0.782825142437978,0.914589209025794
-0.17075088740418742,-0.05730800597210266,0.9371110803356911
-0.17161539944218085,-0.376734287468675,1.052794397358686
-0.1675190985560247,0.7671416534790527,0.9891243412879189
-0.1708620886224894,-0.09842571203701281,1.0595829487483106
-0.1747603199862023,-1.372644293246941,0.9777348611267618
-0.1668264576032026,1.001654469870941,0.9886971038690097
-0.16644249658028482,1.2150015426986862,1.015839350169975
-0.17520560137532734,-1.198582393694346,0.9771817408302376
-0.1730473028123401,-0.8429423297086293,1.0450435638120743
-0.17264456478070098,-0.5754028294408272,0.9821833610097781
-0.16807695733563882,0.6354400835687483,0.9851172961629313
-0.16952210046924293,0.28209818613140797,0.9339139980766412
-0.16763037929997524,0.7493929317279936,0.9600165540482775
-0.17198642864389663,-0.4199814382668276,1.0089089594508596
-0.17134563077464565,-0.23477354689554722,0.9502620551064996
-0.16712883534819764,0.9808759636644349,0.9546216514962899
-0.16623169702055277,1.2429067017196018,0.8921818303453497
-0.16723256950094548,0.9443263590604629,0.9282941789244531
-0.173882064851369,-1.0405688336677013,1.0173189395123186
-0.17089519029061212,-0.0920937258707293,0.9618916769810044
-0.1671955752148756,0.8565438233898941,0.9915636811943975
-0.16885756330391866,0.47424853237665177,0.9227374275090614
-0.17150931878420464,-0.307727853757212,0.9130858477580318
-0.17465382611243965,-1.293701412962112,1.044191690593713
-0.17756671658775325,-1.9895387433585443,1.045074750036843
-0.17062351733820397,0.05048232196646421,0.9432340852474476
-0.166963420805464,0.9072698593348406,1.0769381358120103
-0.16342523115217628,1.9318173199742716,0.9423901672846005
-0.17291332645950727,-0.6645212205466395,0.9973973322428329
-0.1747175201184036,-1.3648806907124824,1.0715144822660965
-0.17194392860679045,-0.3786488566249664,1.0190128905578257
-0.17178907801685803,-0.37895899567378255,0.9461687871821012
-0.17223099026535024,-0.5085510051558936,1.0730037335064535
-0.1719534692600578,-0.5060700538407774,0.9931880930947867
-0.17196410534743778,-0.3145554730321395,1.0200191244320904
-0.17525805708473663,-1.335838593186317,1.038607751940494
-0.1642961120549618,1.7012532070577597,1.0000105024613517
-0.16851687556815792,0.5856307453674362,0.9854975128133417
-0.17212529109510494,-0.41339015383276007,0.9946930254673738
-0.16344732860371214,1.806565262009739,1.0785275835614052
-0.16926255607451807,0.2749045298482431,0.9118807059045039
-0.17196722372466972,-0.347565611042399,0.9342723625458821
-0.1646012803555335,1.6438459986422063,0.936189751337568
-0.17353038982852562,-1.0034472210814687,1.026321897448931
-0.17515048520924512,-1.3612198723213669,1.0583221155273428
-0.16676617109219294,0.9831229102345966,0.9754649093462716
-0.17125818066881218,-0.20192827550712963,1.0287737462056459
-0.17403923101590565,-1.1653138829036873,0.9886545232140319
-0.1673686415191719,0.9101523257786032,0.9262162611613037
-0.1741543553418738,-1.0436054105340624,0.9660658706245683
-0.17226477856334488,-0.48417984271556985,1.0202847201785066
-0.16996875317479643,0.19362946351146812,0.9626672360746081
-0.17201735812988883,-0.43124940631817366,1.034116968359749
-0.1738204345484499,-1.0055330328478238,1.001038900527671
-0.17310173143307767,-0.9236933416170051,0.8740815189598891
-0.16461998506303688,1.660172470556535,0.954792605156741
-0.1698083772402389,0.23052731728825304,0.9966923275892289
-0.17039169891580205,-0.060310230128134946,1.012387036621031
-0.17448871202790175,-1.2596513981869168,0.961786713020536
-0.16715750303469637,0.9084890186498195,0.9740203361886602
-0.1721109224427136,-0.4487774991095084,1.0319865446688083
-0.17141593946423386,-0.23481685475359249,0.983795424195988
-0.1650328228006193,1.661517512988755,0.9557847581426504
-0.16534750326884282,1.3550151079233064,0.9514867928597177
-0.17271817937995596,-0.6921598659420745,1.0399787829794709
-0.16812317239145472,0.7622925012405205,0.9217545936008362
-0.17519837873620453,-1.3285918745946803,0.9314729168506883
-0.16753080911373616,0.7687622900271868,0.9996343130851153
-0.17466252421130543,-1.2827986963938398,0.9234764146826716
-0.16993412466086658,0.21169556731547856,0.9386537735098526
-0.16972927111830935,0.22607526172163456,0.959338683148686
-0.17395303150422015,-1.0572684856207302,0.9851005624940923
-0.16879262214922017,0.5162826629975343,0.9182594959079603
-0.16551028312622623,1.5366557118261484,0.9639287737110207
-0.16700340825243598,1.0164703450212655,0.9213096621492206
-0.17012979345714357,0.034553676619231095,1.0097643058734265
-0.17010148256974683,0.15635007736579778,0.9554344447868777
-0.1748216959810393,-1.2907173760530704,1.0560130183821097
-0.1765818983766579,-1.9608157026686757,0.9540139814181207
-0.1748512320797769,-1.2190751200514927,1.0144643433839828
-0.17278518603636744,-0.5952926896821886,0.9738129331310105
-0.163281917378197,2.0733381488910254,0.9073706108422153
-0.17516865597553075,-1.3558215988081739,1.0337977490017307
-0.1654908659292343,1.3743852880581882,0.9568804249401759
-0.16802107993381704,0.6426590105872396,0.989095864593114
-0.17225065994598948,-0.4430440858120392,1.0220590939072371
-0.17250158339132585,-0.7596388389353748,0.9527713825056949
-0.1750456058592132,-1.459605323879245,0.9084943402331347
-0.1721030719161433,-0.3839992357290303,0.9974701328607297
-0.1690949531406713,0.2860200938767323,1.0038026890321035
-0.16604587295883036,1.3572083167635014,0.9549436935177417
-0.17047914681058002,0.03175847518663017,0.9307237977465738
-0.16964824729044184,0.2464749296843776,0.9160947843865394
-0.17601193501245171,-1.6183769511471673,1.0623796425403742
-0.1759460947660756,-1.7401835893457172,0.9714468731995594
-0.16957964988988644,0.3378711761154912,0.9849691028717565
-0.17752956172835258,-2.0522547889165126,0.9845207838387715
-0.17487064964394528,-1.4188214321449022,1.0764562307293548
-0.17234197374986648,-0.7006653876305532,1.1076696968292574
-0.1631242938041244,2.0557283123429495,0.934702637049789
-0.1693940791479184,0.37295474269318696,0.9605303668321762
-0.16842955661859876,0.6766312757556742,0.9695729217509629
-0.16811646654763207,0.7296420002398062,0.9306349898148004
-0.16570654806101376,1.3742968343455282,0.9027976073633561
-0.16677668217574823,1.0875372815081479,0.8983167787377264
-0.16930579055816233,0.3501394093841085,0.9065192683394571
-0.17537264995816307,-1.3527282042345607,1.0853631760558877
-0.1624751657684262,2.1663563399894348,0.9785592267104101
-0.17219334088710764,-0.4878100295777051,0.9568187091964503
-0.1678340828257535,0.8569884059634505,0.9838841102005599
-0.1759677235674479,-1.5124941452475693,1.0304042287929653
-0.17128635545585352,-0.29094576834218056,0.9486553913060723
-0.16923273789035037,0.3486288813263566,0.930438314050408
-0.16953967341885784,0.24617197317141326,0.9124656200261319
-0.1733529443298379,-0.7767545697654499,0.9608450355467416
-0.17332079829157218,-1.1283152251793955,1.003823796519694
-0.1767795709427372,-1.9198061007143563,1.0026425539921917
-0.1695616776173604,0.2835305981900598,0.928418645438766
-0.1695754111895754,0.2665307910323257,0.9534217350968908
-0.17451207762490012,-1.0803949916474838,1.0562749830313665
-0.16944183582801473,0.20390387355808964,1.0576765224048377
-0.1694315813714128,0.33740164012155915,0.9320224226474404
-0.1734173136050093,-1.0320879331581576,0.9303306214547132
-0.16689949789138916,0.8575366029098951,0.9853113511250868
-0.1723373501882449,-0.6270701663704787,1.0721257596293507
-0.17139105059687476,-0.2532013269745739,0.9825186592843898
-0.16850065890061025,0.60498305598428,0.9322595265096743
-0.1742497734980822,-1.168853548328378,1.0466135303914281
-0.17469214179477224,-1.4348383637339686,0.9812426661426764
-0.1728913638977424,-0.7782453958456376,1.0453715375944568
-0.17057784454033353,-0.040388496981896754,0.9152557432698453
-0.1737404474110039,-0.9555587529621824,1.054602324668222
-0.16485327891574805,1.4078267204493975,1.0067650386501918
-0.17275471984869403,-0.702758987496454,1.057547563453479
-0.16833847010152814,0.46395155799835774,1.004167242878966
-0.1641033485211442,1.8229434963093238,0.9704917338346801
-0.17611180570304624,-1.6220248272738484,1.0512513380920878
-0.16784786529009557,0.7672522573639199,0.9560259701686081
-0.1692444728344395,0.4262001217983207,0.9302203938077888
-0.17019888872518932,0.013073156744684284,1.0870050254407162
-0.16899177899532047,0.5171640178229909,0.9933669436450973
-0.1739641907090863,-1.0845588697006487,1.159898143887179
-0.16924819125130078,0.29944753325182766,1.0184862182988539
-0.17048959883427373,0.02335612239589205,1.010721058968773
-0.16271364920361425,2.272708649830982,0.9735603315613435
-0.1738835826194337,-0.9358674280615408,0.9365311535287212
-0.17091795442111335,-0.16187704843521927,1.0473708960110168
-0.17293298681880948,-0.8112710002724116,0.9275296366753145
-0.16565113129932446,1.3666705052233703,0.7883017872124186
-0.1706725190149825,0.03359295415189304,0.9860699582878544
-0.17232522905007888,-0.41572545959086094,0.9756888306465807
-0.1755553652862403,-1.5370850401942526,0.9528135704705146
-0.16553845028135486,1.5002712875166189,0.9253178980572538
-0.17510475069577164,-1.2120566436091238,1.0537138038889875
-0.171776033695086,-0.48791376527205527,1.0832160197954273
-0.1700332863134021,0.14069958527314133,0.9305592355513427
-0.17777432658486678,-2.0867543549240306,1.0878345432612806
-0.16827671126175986,0.694976086827589,0.9434240128499213
-0.1733407854463973,-1.0736110518238824,1.0267102072157015
-0.17425168423949808,-1.1806584175176904,1.056672379988673
-0.1702419541963844,-0.021165191882781514,0.9630619597569438
-0.1703354329968284,0.028715319433631932,1.032511827985451
-0.16785772932588863,0.764435959328251,0.9149389969931753
-0.17017784240706232,0.06869461637538078,1.0286279752280134
-0.16688722361953354,1.0003136775864654,0.970909122685061
-0.17376678747216243,-0.8125942389668409,0.997702975477951
-0.16930993390290167,0.24751075436469128,1.0150804554114528
-0.17266413313042822,-0.6492869133417042,0.9431254010145667
-0.1743907721127217,-1.363921587510278,0.9567442416981585
-0.16949031420974267,0.24581254129982244,0.9319329178077015
-0.17035275139200212,0.06764714868730987,0.9357462036034109
-0.17096791431076233,-0.16381556268702302,1.0010964757546974
-0.1688412938498676,0.5146900753709518,0.9321873733140802
-0.16429976547202133,1.7299782977784504,0.9475382584770594
-0.17271451271050772,-0.8177621723590563,1.0257476184403695
-0.16827214427821144,0.5161758478078232,1.0253940987550927
-0.17107413372302707,-0.22211585216446447,0.9807361197482292
-0.1741436318982646,-1.1473309266679015,1.0209865330559675
-0.17496059200284986,-1.2113688752310405,1.0440870661992134
-0.16842097237033,0.659883046133251,0.9700616054276399
-0.16958105617185132,0.27970158205640616,0.9731715638468418
-0.1728796482485513,-0.7721403503144376,1.0160992410933947
-0.17689609155441735,-1.977244408130609,1.0016304981735293
-0.16757844317375808,0.837379115913334,0.9217882663381128
-0.16772423598275069,0.8023296111675404,0.9464235887266005
-0.16842703486262323,0.47949173355434566,0.9774834317660914
-0.17359910751631574,-0.8128285787750879,1.005275222990876
-0.17190930629920087,-0.4164529011260551,0.978958170041632
-0.17140738979454637,-0.41893059138049915,0.9887943858235667
-0.1695432425666178,0.17856144526302484,1.0535150919036247
-0.17696161199110336,-2.1027212248610065,0.9411174234187071
-0.17632054942487274,-1.796545441167966,0.9863220881434924
-0.17120617492738935,-0.20230306264555298,0.9407408342854401
-0.16927647111857153,0.30368341318237985,0.9765184364939226
-0.1732654776983733,-0.935907572512201,0.9429056408771355
-0.1760056988583003,-1.5759854759530183,1.0494842619068943
-0.16878176122340516,0.31993802356635104,0.991471307295939
-0.1657667802604717,1.4474650786847594,0.9546619568905627
-0.16682194434448902,0.871416225116979,1.0798744561512654
-0.17245639302966365,-0.7051699821859357,0.9040221862512571
-0.16846351374062174,0.641530256747797,0.9546854302986536
-0.17314564773865573,-0.7204454286278444,1.010170475264619
-0.17102160222025584,-0.05690976452453595,0.9485348966066932
-0.17108883825506202,-0.18547106225216892,1.0125557730804726
-0.164217122970588,1.6094525433206264,0.9833257834144938
-0.17330714690748933,-1.0479199889824737,1.0288804139712173
-0.16651628245747346,1.001813492270688,1.0153759500244888
-0.17151105523332916,-0.41241035384497354,1.0100522819377644
-0.1693163430036291,0.26667717791459067,0.9969012540384212
-0.17313211349137508,-0.8459488398114012,0.9273810866186208
-0.1657874643481543,1.2956836159249412,0.922424016079496
-0.16903398053986046,0.5134339616279621,0.9897693812561457
-0.16306024950194487,2.0199860353238055,0.9557587203513545
-0.16792887189471425,0.7246305750846166,0.9313588864558259
-0.17080723619396906,-0.12978112613925324,0.9138397903762102
-0.17213381872756406,-0.5114488174898736,1.0675667197760876
-0.16803931328825006,0.7307838728887236,0.9221370844873586
-0.17254827606185721,-0.6346741158256152,1.0062893460055484
-0.17164005724213394,-0.3246066617961478,1.019437693790357
-0.16568315265295117,1.2699047856697592,1.0009070951231445
-0.17168241712489699,-0.32792399176982906,0.9861839326988717
-0.1710991524666417,-0.21595605884633567,1.0094687042409365
-0.17145467846070395,-0.41810053782076784,1.016514496810921
-0.16567271897980979,1.3915759413958622,0.8732728739366474
-0.17061301984514557,0.0337776385057058,0.990029020836195
-0.17487715686720626,-1.3334407890365838,1.087902018773924
-0.17116763386622322,-0.22845445863829494,0.9356762862344825
-0.16707633337959846,1.0290084655393525,0.9240408179579966
-0.17503102722601757,-1.4739556665864366,1.0233675295731597
-0.17123105257962448,-0.2539866672836719,1.057612885407217
-0.17003286830751024,0.03174910655360004,1.090652122126453
-0.1723843168259871,-0.5584124562492924,0.9540487508082709
-0.17298885640288578,-0.6996774301963108,1.00254514414917
-0.17449818879196669,-1.1391265349575566,1.1092963538749538
-0.17114749043115435,-0.21610412694072068,0.9904672731317602
-0.1712761658203771,-0.292131431662097,0.9898735575902866
-0.1733723823379072,-0.8606127244061628,1.0487369821041073
-0.17388610997067797,-1.2025421714452833,0.9883150783315083
-0.17407713468685232,-0.9641448626586793,0.9637102403191499
-0.1749882683701078,-1.5119506054625198,0.9281115686472449
-0.17163921449204952,-0.35158189470233886,0.9286992587614955
-0.17266389815285843,-0.5288509833575529,1.0504911390990626
-0.1714180207315826,-0.23498578350819735,0.9598250750628198
-0.1723125883727494,-0.6454584572441142,0.9611920256831625
-0.17005983992323515,0.12211735248130239,0.9539522958309651
-0.16737154674731092,0.7850048063378223,1.075980236365399
-0.16957684045464225,0.2633435046558887,0.990353070197393
-0.16633969902325169,1.049711494486787,0.9669496453632661
-0.16743708566746784,0.8221813417937854,1.021138909090483
-0.17155864151200304,-0.556153758326514,0.9749469709207543
-0.1754069496934935,-1.5290690923592416,0.9321179088676194
-0.16943233059218746,0.31544469012924026,1.0130731522513199
-0.17511924935676845,-1.3721660515327043,0.9752628643639688
-0.16704172928633987,1.0345806690277226,0.9246482361403279
-0.1753422453522311,-1.4533444772872839,0.9421225818353767
-0.16938984793302744,0.12481400652784903,1.0248839661921798
-0.1692200517818067,0.29589875774510643,1.001950099232593
-0.1752253976621496,-1.175975895447191,1.0162386686036806
-0.17682356618441097,-1.7430240662605871,1.0216415909067358
-0.1635221012779888,1.9683259550671295,0.9741718623935433
-0.16891452374107993,0.4806644810196166,0.9640081349528227
-0.16841528939296196,0.604650666227368,0.9282879441531181
-0.17528137615501244,-1.4218676034695819,0.9920356709462477
-0.16440813255771478,1.6611049972609708,0.9397362673057083
-0.17421696923781324,-1.1960781350728977,1.1229353568780294
-0.1676067503554487,0.8539220394331296,0.972250930650083
-0.17125967953138083,-0.17405558385400013,1.0154265896246972
-0.16973710975420406,0.2065214373413945,0.9758795947657086
-0.16846286236633268,0.6429585361080292,0.9961645745495791
-0.1713826039776711,-0.21669105212026132,0.9946881413713671
-0.16894285687626132,0.42836933735045135,1.065911581758825
-0.16369649596866134,2.00137327755674,0.9186866228831171
-0.1687088865204626,0.5327679184313576,0.9309281199932163
-0.16388635444120025,1.841026652814646,0.9488666276811042
-0.17548627160851468,-1.4023193718370652,1.0764672153680872
-0.16249011262161608,2.2706419939257936,0.8932208791113831
-0.17515027677985728,-1.3671152624250205,1.0615077911191182
-0.1705719039561765,0.0296491933035111,0.9803383599089559
-0.16629293908524737,1.2129823343390114,0.9124500611758488
-0.17218028019967957,-0.5276268825423738,1.0156645096498875
-0.1777705840136887,-2.110267190395535,0.8865961941029453
-0.16942572214336407,0.31895997500245976,0.9545748088369215
-0.1700596021416201,-0.04272838917624922,0.9715956035051588
-0.1713614549361445,-0.18130195469069627,0.9832418486057855
-0.1735377498381902,-0.8980645631007821,1.0847004510439242
-0.16831152208787842,0.6405640704101278,0.9407678868199713
-0.17606232658260434,-1.6109247321798603,1.0267176553509303
-0.16297895773314275,2.2317971388589437,0.885320617309557
-0.16929228369715257,0.30231743937076055,1.0520714813338568
-0.17183225346532618,-0.4303726977269215,1.0429641410012278
-0.1678922195161932,0.7492813865366517,0.9722607879037665
-0.16364077564872131,1.9141327199706886,0.9758194777460243
-0.17171882399603508,-0.3131842399722547,1.0193009570805567
-0.16636751454180632,1.1456282179415056,1.0317842929466736
-0.1729947410227657,-0.7543653635572894,0.9723531192589402
-0.1763089280948572,-1.7250257880383828,0.9759754155023429
-0.17251966606531194,-0.6517385029617639,1.0890501952611902
-0.16437294108664435,1.743196087656266,0.9046289742593929
-0.16991582002748865,-0.026753888102798367,0.9808545966543453
-0.16263544114356102,2.2183044617932643,0.9463120693122156
-0.17726826867205628,-1.852346578132012,1.049015600940038
-0.17347027294954329,-0.903365401735021,1.0272023565496962
-0.16586403110579995,1.2329873135638596,0.9914490810349305
-0.1715658115746067,-0.23364051995865442,1.0087272140786467
-0.1677005357536035,0.7309762260451856,0.9982685367153871
-0.17042958321876767,-0.05534882724186206,1.0210835628474042
-0.17156389741521158,-0.41900721581392497,0.9980435687677777
-0.1671729087893473,0.9441957345217764,0.9092535469696896
-0.1706096210286908,-0.0389756565678667,0.9369200038183334
-0.1694700836572774,0.3188288357129326,0.9375288104455667
-0.17133029070261865,-0.34200130536654094,0.9415991935524999
-0.16530747889446257,1.606731286152596,0.9018621671367715
-0.16814196753942634,0.6212218138646036,1.0233378864717109
-0.16656621653339226,0.934483061599313,1.025973262478775
-0.1751334120002156,-1.2288131632406674,1.022519447147
-0.16702100093096084,0.9983071833848158,0.9101825528158747
-0.17291989759597565,-0.7068077032165393,0.8352113219081858
-0.1707879305901027,-0.07584763450596245,0.9089550213431931
-0.17002836723573464,0.10060389863375782,0.9970789410142944
-0.1725998877883528,-0.5749927623198083,0.9859265409508026
-0.16984793267796744,0.24374982071440618,0.9258438932698869
-0.17493681107973041,-1.2309806537863146,1.0989900743914178
-0.1731569503973261,-0.7587641571270377,1.0498136828030982
-0.1720784211302556,-0.46631462535969875,1.0272420708499124
-0.17041732894984118,-0.03992963279759856,0.9513874622529628
-0.17696654394974498,-2.0385065621375995,0.9479813555173304
-0.1693543550142728,0.15573672398623578,1.0018620985519564
-0.17051263038027464,0.051252503734386036,0.9684581027277432
-0.173648610325618,-1.0269211043337378,0.8727834991036637
-0.17568991467545766,-1.406498690620974,1.0637296231818267
-0.17174616119937255,-0.3282488079220547,1.0038282702269414
-0.17191549662991454,-0.43756989583300615,0.946776460673635
-0.17139130413328946,-0.27634305119815494,1.005062486614071
-0.17427845700705588,-1.0462350802494502,0.9965691901522461
-0.16944110224328413,0.1906892705707372,0.9734982021381682
-0.17230811373456495,-0.6103084567724869,1.0164676480691843
-0.16756623890464414,0.7673651578719338,0.9756607942323875
-0.17341467462485904,-0.9043865153599756,1.11594503302492
-0.17040880895363186,-0.037110726342199175,0.963879551561964
-0.17380278452193854,-1.1247690928281469,1.0304668493007245
-0.16929638680702458,0.28089936373954005,0.9291366143204735
-0.16887443195113735,0.584948697385173,0.9519155767345407
-0.1679235510773874,0.6217048228651407,1.0479168314467142
-0.16987128579883018,0.17797845334511989,0.9722181702722725
-0.1676861518336814,0.7450322104160966,0.8503910641630645
-0.17224294355663294,-0.3508666828053333,1.0230716587346045
-0.17305676825294586,-0.7256938430140744,0.9560286297433146
-0.172620619129496,-0.8501321501282645,0.9381029821855225
-0.17108100947887248,-0.2345218231233257,0.9999303161560124
-0.17506923212312062,-1.3886914693033496,1.1418176908891713
-0.16936924938417655,0.24788413830178457,0.9849370069561488
-0.168464511551294,0.6589319289227681,0.94251829747235
-0.16706241367195265,0.8956986658583816,1.019083851354073
-0.17172924385920862,-0.4166561310470552,1.0448776999123965
-0.17018402242474195,0.08657509916836563,0.9588904873832687
-0.16898399633652006,0.4626659451121706,0.9549555866482347
-0.17599241050364411,-1.8195327527055492,1.0409985585930628
-0.1773093991182825,-2.047397925277493,1.035232105239945
-0.171078283385906,-0.3106087613347563,0.9850899438216192
-0.17486027668911716,-1.5050258525911793,1.0843633260303898
-0.17056108735091255,0.03295215600839802,0.9398457723485368
-0.16330682554097256,2.2432453132685706,0.9078671018746086
-0.17117135407377163,-0.16709423669537585,1.0598187559136818
-0.16991485612562002,0.17670554642010505,0.9877432939080385
-0.16776164327502172,0.714161095767286,0.9994381270326895
-0.170034744579771,0.0506909582171381,0.9864881487929079
-0.17255703173216183,-0.46015632853311506,1.0448341188594608
-0.17137939694398652,-0.13391537294344283,0.9709783103447525
-0.17103637425956966,-0.1975361333345994,1.033177408657069
-0.16491094840731355,1.4507871735968416,0.9938773361645433
-0.1720713860285683,-0.6122174738188114,1.0345165975755501
-0.1659988583661535,1.2336255616553171,1.0145226205927027
-0.17251326439275713,-0.4894606177960941,0.951765028791174
-0.17301403425790873,-0.9073165883074237,0.9646156451765917
-0.17412101709717664,-1.0802738276409543,1.0076243306596633
-0.1763222137369999,-1.856766933217024,0.9304182782631403
-0.1755494475729485,-1.62346290653368,0.9086969014174426
-0.1749472219934213,-1.3461307461620842,0.8999408788658088
-0.1712893532171054,-0.11818883435574824,1.0012700806622516
-0.1716612594835916,-0.49452187083850246,0.9277855201663028
-0.16967967847664725,0.22720834343339075,0.9911560668840279
-0.16832863768448492,0.6042671577996689,0.9061213055346324
-0.17571800336135424,-1.6745048384464594,1.0089721751765677
-0.16951016570348726,0.0366007697892656,1.0161562630308385
-0.16993698086972478,0.21219494065712838,0.9319285474671285
-0.1723879246784066,-0.4856289446348379,0.9975454049202949
-0.1697100255371147,0.140596846700557,0.9619432827913673
-0.16648474001025512,1.2248174004630517,0.9301427454263418
-0.16742959485961975,0.8922602724022003,0.9388624661458395
-0.16983361941657402,0.0855079412007151,1.0804764745861684
-0.1696864031248978,0.23043724730142143,0.9930361113576374
-0.16915120909885653,0.4268455201901438,0.9462582482711023
-0.17222964299024907,-0.4871963595985801,0.9738359386542287
-0.1689351063119676,0.5474214170446172,0.939854696951
-0.16670999325194408,1.1065721635539494,0.9181877984393099
-0.17571132562599326,-1.602557502868923,0.9671781510168458
-0.17243959694930666,-0.5212770636899561,1.0206589680810085
-0.1699509094658701,0.2246005709023869,0.9572659532664046
-0.17069910820869433,-0.1265011939704501,1.0162748484654387
-0.17051874981994442,0.0033974937207324383,1.0553106363637463
-0.17651450377389127,-1.7430944180798453,1.0282005619541634
-0.169673808098666,0.3371728533113892,0.9782588399127717
-0.1726271132328494,-0.5072883001487501,0.9250776003223536
-0.17650847149023358,-1.6206892900243335,0.9694992352039348
-0.1688804348527827,0.47942976411464133,0.9281497970750145
-0.1700996955335761,-0.041327993438710894,0.8786346187172054
-0.17220629306351934,-0.36975147584711865,0.9669303318579724
-0.17015654165166486,0.08535484122414676,0.9145941076070093
-0.17196778386060876,-0.4704404049460693,0.9363274258853781
-0.17434001667064397,-1.1854535810320717,1.0951387257227958
-0.17150920277339243,-0.4216243502424915,0.9699274814595822
-0.17499153280008278,-1.2817709774622046,1.0818087506165845
-0.16265095321968218,2.2006115384410965,0.9745110551022151
-0.16497710079976083,1.572209062390494,0.9446327241451179
-0.17014557865713711,0.14012876567426574,0.9589318159615228
-0.16989021217196068,-0.04142633354025157,0.9941988043381083
-0.17233974521816794,-0.4496069401886223,1.009626106644026
-0.17172734314330648,-0.35988075087168425,0.9996374636623169
-0.17210164548564996,-0.5073642302621914,1.0173063331661754
-0.16855156160249224,0.6543474698178042,0.9448896859358128
-0.1716260518402262,-0.38262636513232323,0.9820218992742725
-0.17536540966332823,-1.4357359253318147,1.0683469310968239
-0.17004405990233157,0.15331767766171414,1.0299508266842927
-0.17187365754594786,-0.3648781696328693,0.9802403858499926
-0.1756721684435766,-1.5870384177825902,0.9134611639059765
-0.17438036152918787,-1.0597172801054078,1.0045594984669002
-0.1730503063038013,-0.847827944158509,0.9108698959571254
-0.17240024120290579,-0.7074712243013627,0.9128990150707034
-0.171695464970322,-0.4761409646695867,0.903374050914729
-0.1667637993255996,0.9994377664764929,0.9739536174930554
-0.16512429701032424,1.589285056333914,0.9131644307093375
-0.17029973310757573,0.06666210859766515,0.926873527124151
-0.16447393953497863,1.7318910953276887,0.8782440022156336
-0.17273813013263709,-0.6866052662673893,0.9973626305783057
-0.17391365375545242,-1.0562768094154813,1.0022165219422916
-0.16766505663602604,0.5698150736580875,0.9497455491564205
-0.17337438692823484,-0.8454973240298238,1.0369089237994715
-0.17559245648816066,-1.3510048950194469,1.0812159816060005
-0.17167785742690816,-0.393861186859066,1.0838155433635437
-0.17198847651923116,-0.46348951263604954,0.9240154067350924
-0.16895753061075422,0.2995168556417088,1.0848575461228058
-0.17572491911844285,-1.784960319665729,0.9537775897498751
-0.1715447158862857,-0.2697789332829346,1.0028405807938618
-0.16965048439579108,0.2835612384994561,0.9409885965704289
-0.17481517909810168,-1.322376055303433,1.0225202322783242
-0.1667760092896669,1.1023508695707007,0.9341671115525031
-0.17306931850962648,-0.7959635608089415,1.005072451480378
-0.1634170192392375,2.090209440515169,0.9392872409264715
-0.17646735231897162,-1.9955017373637998,1.0416562042800084
-0.1676113686157398,0.6728851810947772,1.012365837831551
-0.16886197963955873,0.4996360227337019,0.9631583424207893
-0.16928791592920556,0.3727849861944625,0.922809139891982
-0.16726040953410737,0.9457614022997549,0.9287842208433861
-0.17555462945218706,-1.4412746944569346,1.115137114030865
-0.17111172423191406,-0.2520013623724589,0.9802727499352742
-0.16219315681324448,2.291910567897991,0.9949511456821941
-0.16925563779701489,0.3455366740941782,0.9793127438556435
-0.17169242044537594,-0.3062949615028182,1.0101700589259024
-0.17378466856376448,-0.9339212999244948,0.9678429518782335
-0.17308979859885182,-0.7371204095461601,0.966911501719597
-0.1760103755285423,-1.638964293463218,0.9481879988488799
-0.16238119698509915,2.0910405465506234,0.9721853404225155
-0.16772777604598507,0.8138505646038543,0.9138218090338619
-0.17136554620266212,-0.2415956183351664,0.9843321621427411
-0.1709976458192122,-0.2533711319949163,0.9744815389968278
-0.17627425770056035,-1.673998105344768,0.9198857273304981
-0.17272723859748382,-0.7037721828037473,0.9331031986058651
-0.17495334371619625,-1.1761778138923429,0.9621897310618986
-0.17429048598733193,-1.2272339085544537,1.0527101973429218
-0.17581165625686163,-1.404846864766167,1.0642523340983392
-0.16590051495882424,1.407886082197356,0.9576701627557599
-0.17473122943120986,-1.3987827586072679,1.0048700461941147
-0.1702501927233733,-0.020776272991206275,1.011126561388953
-0.16398893550064408,1.9736094411456746,0.8921806047498422
-0.17389852615656543,-0.9856311101248626,1.0625185389070637
-0.1692881252789982,0.3393918262195285,1.0090245421936668
-0.17105176110910936,-0.20061791656829528,0.938201191718562
-0.16702587806668795,0.8752361629616734,0.9752895458119308
-0.1688586789141127,0.4778511373253218,0.9969731570184001
-0.1711727835989918,-0.16365299748865508,0.9480471559466447
-0.17594227814334565,-1.7058445334358106,0.9941735801709655
-0.1771970705559833,-2.06486172170135,1.0955219724109022
-0.16966257577936011,0.19094257836867753,0.9951418446617633
-0.17565254280588175,-1.3690582582574173,1.0655591375807996
-0.16909300690287443,0.29777066814476605,1.0022527979697353
-0.1670532531330698,1.1046187088434067,0.9804751136030646
-0.17108543794703066,-0.16813120955728128,0.9819324789474002
-0.1722210324718917,-0.4937828617987886,0.9766823999239309
-0.1721569245185166,-0.5046598924942164,0.9587961578405167
-0.17090614511605878,-0.2750904320689288,1.0251120554115092
-0.17684928401773264,-1.884655855024331,1.0481753002841923
-0.17144697553730304,-0.3829969388369964,1.0125794586948234
-0.16612948487992354,1.2157975824960983,0.9915228856541054
-0.16765829274425043,0.7667346910761993,1.0016982658174032
-0.17299450076437753,-0.8306991839668441,0.9911023184384553
-0.17431097342413365,-1.1884297521809317,0.946687221195762
-0.17215382437241955,-0.43298960743085274,1.0217680109296423
-0.17548516985174634,-1.3701284683396435,1.0181413623818714
-0.1766037581346671,-1.8994719691781874,1.013458445529983
-0.16960462642856858,0.29992042325346524,0.9329875386269407
-0.16657457962864541,0.9793599794938088,0.970807716517182
-0.17079905551146488,-0.020882092573549116,0.9503645614995516
-0.17045061787710553,0.06591657381693822,1.0446440157691337
-0.17310760035649547,-0.7404725237444476,0.9954926117926947
-0.17288614493436663,-0.7065025643468524,0.9973918728296088
-0.1690399662551413,0.4408063191763538,0.9813386255806789
-0.1638725484625308,1.9774301220265582,0.8715479345564217
-0.1736386301353494,-0.8837216476019703,0.9894184501512744
-0.169597691047225,0.3001123692263031,0.9215006677881026
-0.17622961965974981,-1.7993531572280705,0.9343105774897109
-0.16805983001692834,0.5369975067703194,1.0145881197307764
-0.17355252912271926,-0.8669105998372986,0.989873974776124
-0.16942295143309863,0.2302523681358679,1.0100641863544018
-0.17157878847973043,-0.15759758062129686,0.9885443236168063
-0.1704496292716418,-0.026351096769901404,0.9889806964637621
-0.17006931292426783,0.08423510368110418,1.0182780430445806
-0.1682324843977294,0.6934639545191494,0.9010067777092926
-0.1724194083574126,-0.4808527524690573,1.0307493518843565
-0.17175941568307135,-0.4547368599428822,1.0865321122597489
-0.17735188892702075,-1.8580734309962497,1.0963113445301393
-0.175688331065889,-1.603654488482446,0.8820838995408334
-0.1647155581430142,1.6265736827800357,0.9307687824533507
-0.1688203957810415,0.588713854826744,0.986905595734064
-0.1694824426187101,0.1730210764886516,1.0003960026787138
-0.16958947891371545,0.29144418968156466,0.9167973160882522
-0.17384763662895927,-1.0646887920138235,0.8897360948231755
-0.16323028972346143,2.0571592101229905,0.9540051020517397
-0.1714451898792872,-0.27198110856433655,0.9272335305327047
-0.16612930178707483,1.3014125144083546,0.9376770616935848
-0.16425565089949737,1.7872622383921064,0.9598916676523112
-0.16893060300729007,0.3720905454950901,0.923057934378061
-0.16630151118345027,1.031497249477709,1.0079076248429284
-0.1716875463807702,-0.4180724566078024,0.9895735427343894
-0.1759605815304008,-1.8140433527824147,1.1284300235114106
-0.17323113321785158,-0.8113795986875422,0.9608702712585064
-0.17550047080827988,-1.476057675414701,1.0201638166812663
-0.16924416885553759,0.3526622893314957,0.9073339688497455
-0.16638307674822134,1.2322611490177047,0.9670131279085195
-0.1731526464789507,-0.7981573818138379,1.0237085578462986
-0.17137822417487342,-0.27440786059650335,1.0025989696981994
-0.1748640537139356,-1.2962035942437748,1.0340532960127071
-0.16761776135909362,0.7331021265139532,0.9614811389551909
-0.17352536663325507,-0.842466730869774,1.0298393070854222
-0.16966489114032907,0.2279974740919429,1.0336709666506554
-0.16404722019911802,1.8362076233615938,0.9364061110698165
-0.16970897074138896,0.33137265187476345,0.8996648014779648
-0.17268986839208744,-0.7164238195204202,1.0747392171648542
-0.16990202074604,0.17183374541943258,1.0439579196468505
-0.16851171446259225,0.4838026931330037,1.0244809669666866
-0.1683441287712259,0.5127741176099444,1.0414782391514643
-0.1696098405394634,0.3012593268837268,1.0006409053576715
-0.16975615959877238,0.12305923772181976,0.9695932811213217
-0.17351058809452924,-0.7970449390296921,1.0341329567736741
-0.17265780855603205,-0.6107333524914497,0.9972383821305688
-0.17261138387353062,-0.5757312899374778,0.9819662811384796
-0.1719645921229755,-0.3264761539720753,0.9543957989229908
-0.17159435882648005,-0.32680940856457374,1.0760334077965004
-0.17197838222530135,-0.4008514712668713,1.00475205483648
-0.16603565093009143,1.375945032475517,0.9238192933468043
-0.17296379205914592,-0.7004723337392085,1.026276340334939
-0.17163825793041762,-0.32733051981548217,0.9929196337968641
-0.17437703711835206,-1.174468344713017,1.0550865669732898
-0.16664316694648504,1.0170766017148396,1.0134634940132554
-0.167336129986082,0.9470841257377184,1.0055398468095167
-0.16918543865462976,0.44263548044246104,0.968112080083318
-0.16787859222311816,0.6265561878585998,1.0383261759545181
-0.17380754225744469,-0.9547260530312827,0.9884151222191127
-0.16782852501494155,0.8037597082276727,0.9663410727489082
-0.1678009303163615,0.731826897803745,0.9545379449503173
-0.17625118786528024,-1.9228361755753265,1.0161467273333082
-0.16759003580039578,0.8039074997960679,1.009929620328823
-0.17074127280706058,-0.02658384625406739,1.0240471152351196
-0.17285265515802503,-0.7383611026055128,1.100063410903207
-0.17050814580969592,-0.002418262632767586,0.9660251478903884
-0.16996163389306929,0.19427225133816092,0.9482091368555379
-0.1760789513674538,-1.583852032034561,1.076623216285694
-0.1670332925156845,0.9284215455444231,0.978341606612599
-0.17305167245806347,-0.6839677447006477,0.9696224790778875
-0.16767953802117397,0.8373371665483706,0.9313130635882806
-0.17254469106535705,-0.8248286902964289,1.0377068577172914
-0.17282016240287662,-0.717529261254794,0.9749965319955096
-0.1751577661595038,-1.3469950064820486,1.0304620862702507
-0.16832969391869354,0.6579614332356081,1.0146822081046714
-0.17387414403622484,-1.028976746805735,0.9192771920599936
-0.17642214255469701,-1.9117550860411945,1.002139635022158
-0.16855174073563173,0.46399058086537565,1.0183747845174782
-0.1698768738429464,0.012579616823333688,1.048688819488101
-0.1664765987423484,1.0901274084476615,0.9611900565792583
-0.16865252705510642,0.4829311475688401,0.9926216140398705
-0.17340664829999253,-0.658079236281789,0.9484841975011875
-0.16739605442905744,0.9467556752278362,0.9504175195017389
-0.16712637285138385,0.8572346901541147,0.9383043502799777
-0.17115504875268706,-0.19912231679122536,1.0016251031959493
-0.16739974998802537,0.9586605225821003,0.9064330227083309
-0.1669323714324215,0.9826663517448192,1.0020488013494913
-0.1699084471076693,0.1018239133105157,1.0163392500416222
-0.16514642541347632,1.518999816628467,0.9056888876605079
-0.16967270698806478,0.35838992943794934,1.019410777161777
-0.17321435013864997,-1.0404276453401955,1.0057563063558563
-0.16577586209990466,1.3548014735585447,0.8990735553766955
-0.1693338533935826,0.2646893805889686,1.017711444761422
-0.17430021760756106,-0.9989354551703525,1.0419029653647225
-0.1692776862825047,0.27431671173288896,1.0240442074143232
-0.17570976804806743,-1.5438147787367507,0.9513107168336914
-0.16861657186758564,0.5871710201409586,0.9758889875325909
-0.17148528290193693,-0.31034927127049244,1.0077726308535362
-0.17440240318130815,-1.184147333531548,1.044000985452877
-0.17353013787087018,-0.9333676532660545,0.9510544872859211
-0.17277515019133,-0.7036385126677324,0.9337929390367051
-0.17183746214149168,-0.34453656740509814,1.0116854303061973
-0.17073052119717763,-0.0572919083238358,0.960800751757967
-0.173893523906709,-0.9040322475383205,1.0611764838002615
-0.16867752093515279,0.5836497669133153,0.9800732595564244
-0.17293317686013748,-0.6475390396247327,1.0349048449678007
-0.17091679674157473,-0.11780336217174035,0.9877290476344076
-0.1729953058467132,-1.01232809334289,0.9796717935050022
-0.1730953598013749,-0.8105845601220872,1.0491755700763017
-0.16675087895600027,0.9820112836942058,0.9676244847556391
-0.16936105430337983,0.39118007202873345,0.9342727566777904
-0.16533281530050675,1.430286703657453,0.9664272108306353
-0.1719902700697287,-0.49666791392094606,1.0780743795331336
-0.1758678499691717,-1.7633200445400914,0.9458459302471387
-0.1720459186476869,-0.3842716013087879,1.0319480436074602
-0.1635115313995861,1.9057521478356256,0.8497935627477339
-0.16877681233408232,0.4094487565862735,1.0159302909309094
-0.17174021795207634,-0.4687558185306304,0.9751794840977359
-0.16466892993381585,1.6095244973730647,0.9695177960331068
-0.16749903679144304,0.8196174208072156,0.9405451010020087
-0.17053987241986135,-0.3255373249561595,1.0345961459445594
-0.1691681504281194,0.4460970343425258,0.9879720159733377
-0.17345411653287535,-0.8982181624348919,1.0263826518108239
-0.1714296844969904,-0.20068805912553092,0.9141298191688995
-0.16814249384457475,0.5880834361656235,1.0169936623367257
-0.16280731975799564,2.0744038012819264,0.9559933463646989
-0.17483796494638865,-1.4202532896586957,0.9844340259391042
-0.1728044073302545,-0.8709860841408779,1.020227476955623
-0.17346808833827204,-0.9186842681564802,1.012470635059436
-0.17191872049001788,-0.5241793073216311,0.9255400081659322
-0.1756386161582977,-1.5663630402042092,0.9495330558226305
-0.1681271890713578,0.600204627469493,0.9842512138923837
-0.1741985246659204,-1.2206443751819402,0.982120691298645
-0.16954274482767115,0.2836791474607245,0.9512677839952921
-0.17439242684104078,-1.2752192570583536,1.0527538645931411
-0.16899324032441068,0.3881141346201004,1.0749466227865923
-0.1645737116998153,1.5552092033286344,0.9431575597017756
-0.16638899357612671,1.1943459575111626,0.9749807285368977
-0.17543214426032483,-1.421780300327943,0.9693028577754024
-0.1661702298025043,1.1268792152692808,1.008552484914634
-0.1719973565154307,-0.4555017603330758,0.9813076507054952
-0.17026208651860916,0.1182054796006687,0.9724805087913849
-0.16754857298704648,0.8386814050724187,0.9386126522006996
-0.16908615993732065,0.4012946355533134,0.9720799886083435
-0.17593678030556056,-1.6546951479969918,0.977511517933236
-0.16706382345432957,0.9287651585840392,0.9916460738298776
-0.17267123757880776,-0.6466872315276039,0.9524558194462648
-0.16952313910922298,0.23216901028073753,1.009346712773968
-0.17177623241372025,-0.5598219721113726,0.9696986668102846
-0.16788555735672095,0.6786871230542595,1.0358851144580692
-0.1677474281114589,0.8870111217040989,0.9897608532373137
-0.16780462794951673,0.7278359548021203,0.9906136935791203
-0.17410328930022742,-1.0683892502851,1.006585381061455
-0.17212260065866927,-0.5074563367300651,1.0055698307486598
-0.1734219581003202,-0.7993739129696267,0.9479140513154097
-0.1714597177261242,-0.4495739822588271,0.9504772197922297
-0.17128215506471633,-0.16505003710888827,0.9632605774435655
-0.16771653337851253,0.7863269492327171,0.9916897926835923
-0.17089852495284863,-0.1366782108108483,1.0293063410579133
-0.1744086414012889,-1.1522472811913649,1.0286853260300108
-0.17116589380997094,-0.09150391552814217,0.9804287718123661
-0.17403154522113443,-1.033072533665394,1.1088126979734139
-0.1758759180077493,-1.6031543796557362,1.0171177723730034
-0.17242398219029448,-0.8102131497579333,0.9808350108019614
-0.1672559748448796,0.9084008142688055,0.9711130659287158
-0.16874016005104867,0.43536367368655565,1.0963978930758016
-0.1682457233211893,0.7118436695629049,0.9483387663562438
-0.16894185249620342,0.37339635396237864,1.0127108641496707
-0.1650185419086166,1.4989925560157622,0.9896238481874648
-0.17750235255261412,-2.0803554780005173,1.0858188236472848
-0.16976972614673058,0.18772354058754673,0.8721078232661594
-0.16601039474740506,1.1957409323552817,0.937356505724542
-0.1713274643229261,-0.16533679730688616,0.985655867411235
-0.16845223192190786,0.4440110227447854,0.9669913510032749
-0.17002164270801093,-0.04460520221170233,0.9206697348520658
-0.17493101942388858,-1.2672466341346875,0.9531202089005308
-0.16938651599335336,0.4246051794396731,0.9613042051928173
-0.17274156474949207,-0.7895385716252398,1.1003252642643058
-0.17489019395423624,-1.4956969209284061,0.9732552213842347
-0.16858071704637775,0.6058036309468395,0.9535886189591485
-0.16812339042798005,0.6024523928466647,1.0338719904362381
-0.1728439526714884,-0.8937950479877793,1.0572876432785725
-0.16993742322417416,0.08292616709041373,1.0097219354455247
-0.17294539826600455,-0.8163376650802587,0.9735240969283658
-0.1678907069548513,0.8213536814412083,0.9742579235417752
-0.1670564616109804,0.8940742546594682,1.0005053642088153
-0.1662291788160249,1.0991697955487554,0.8524571606774538
-0.1795203810725669,0.0119282611884098,-2.006358453535456
-0.17547444474672397,-1.6357932200480896,0.9640879264300543
-0.17692498679305357,-1.8822682179683858,1.0311742634837235
-0.17075113855782617,-0.09115805452341343,0.9702260439506684
-0.17349389631444445,-0.9017155342795915,0.9386303437583999
-0.16322970593380157,2.1798764850030303,0.8921703124663519
-0.17125834890298766,-0.36030527300416165,0.9883903164281129
-0.1718520230060735,-0.2416685915430591,0.9716013560772528
-0.16500962883131567,1.6619135081558596,0.9087411920554034
-0.16527531037850654,1.4818003240567208,0.9074787690009636
-0.1702771468686376,-0.0011532569682915516,0.9684735050312697
-0.17367654472184024,-0.8957696729536304,1.0264401976457165
-0.1686931067956056,0.443472110446024,1.0440134221337913
-0.17477809753704615,-1.2582100169059698,1.0539630374998004
-0.17308325054641235,-0.6522590851794989,1.03070803804509
-0.1686253076671793,0.480028791198333,0.9747211518114846
-0.17582830578823744,-1.64214540925389,1.1265457277966586
-0.16709086616169103,0.8055219034239355,1.0182242183838865
-0.1729439704744834,-0.7530628758473058,1.016912270583887
-0.1691883861740645,0.2994730189234802,0.9409408446710297
-0.17440774287983404,-1.0931386108960446,1.0244667146477207
-0.16859507593514986,0.40433161597657485,0.9782245130360933
-0.17672561460044892,-1.8212498336611642,0.9554366374641737
-0.17022339254436455,0.13902280897810493,1.01419992723597
-0.17255361689672344,-0.6476173117250889,1.0021152924617645
-0.169807123532041,-0.05414592413805634,1.0543715988772875
-0.1670282080868784,0.9975175203712581,0.9105981306174286
-0.17698455739829666,-1.929815923978237,1.1328394518362739
-0.16577244352806286,1.3889983554059047,1.0049120438266177
-0.16674101358773868,1.0878626981168278,0.9035351210438316
-0.16908449421219493,0.18877376214166242,0.9476927233265228
-0.16546577241144694,1.5005232272952032,0.9085114158901019
-0.17010646838981827,0.06470546475880899,1.0121138290425413
-0.17010858597454545,0.15950587818693657,1.002690127222432
-0.1708131808584377,-0.06140627136059329,1.038536577792901
-0.16966925266334093,0.10414097304331195,0.9406990469502813
-0.1718667942671911,-0.3454885619264767,0.977943864744232
-0.17295052248419984,-0.8660092600437306,1.0381148253608625
-0.16648213511736906,1.1083350668821936,0.9768757813437996
-0.16882622423759158,0.420551405348977,0.9198928298113555
-0.1761289165329432,-1.706160490081925,1.0673871602481313
-0.17446831466533058,-1.1919306950135649,0.9325569663857601
-0.17397398538828998,-1.0237585921950025,1.0238204205079005
-0.1693641965303273,0.17146192961930676,0.9228061665681939
-0.17422792978808874,-1.1860298584440438,0.9407020744093133
-0.1706598267738038,-0.03933203273603128,0.9249659413817525
-0.16979065728361828,0.2834912665538013,0.9513380673873685
-0.1679853182121783,0.8200989820390171,0.9112623398544222
-0.17101924083150624,-0.09066880893593186,1.0080509503308441
-0.16618284162278404,1.302817029326302,0.9133679057024717
-0.17603688668890374,-1.7550565139813825,1.0267874129668082
-0.16612757741570428,1.2847442815940926,0.9143257605879693
-0.16813746972158558,0.677549181900596,0.9226203488416862
-0.16894358101116683,0.23278529706338935,1.016686135230761
-0.17468901368053558,-1.3312000163447464,0.916420518881805
-0.16736023816020407,0.7793483456516149,0.9762765220072761
-0.1715426426959047,-0.16916833091003117,0.9803664604323074
-0.1691224241024537,0.37158280520406206,0.9190025977618654
-0.16782905218656347,0.7840751854211472,0.9331403378613936
-0.1730205930720912,-0.736695307430781,1.0419111771897498
-0.17521257468798362,-1.4330938866432186,1.0873348301773564
-0.17438756666595523,-1.2788647657268104,0.963905537635814
-0.16649243340926442,1.055935109510305,1.00587696640836
-0.17108759932582723,-0.13812273384361645,0.9215607067217797
-0.16913088762634704,0.40439201249447554,0.9607991687013427
-0.1726377479872278,-0.8875247022132075,0.9799270347073036
-0.1790934034812654,0.014655261729981679,-2.050754128060831
-0.17359031008251463,-1.1154407785199234,0.9655325148939375
-0.16675893189683136,1.1067953214582684,0.9226647917901918
-0.16557567814671692,1.5189380584023457,0.9306606739022086
-0.16836114120689022,0.6228093494480544,0.8995743366281289
-0.1700597130297582,0.10396619279655714,0.9181725828351451
-0.16488446362294795,1.6255647597823244,0.9350048846843348
-0.16698162734677832,0.998457896999978,0.9103447994739767
-0.16959586806467464,-0.061256565307320925,1.0730954973484117
-0.17387449868157476,-0.9821308975328544,0.9408283373539678
-0.16549047391514288,1.5361938679701586,0.9452975474463846
-0.17540497452757634,-1.4979769793844384,0.9214129807539772
-0.17026796722708448,0.012912058849676566,0.9279506268446808
-0.1770541154978009,-2.1250344144996904,0.8890694260788095
-0.17014938120000536,-0.09993755753388327,0.9026389740311583
-0.1718809976227193,-0.38363785729283184,0.9880516040887447
-0.17366026021329592,-0.958886307590177,1.0271202631599947
-0.17243423006411365,-0.6138340115135179,0.9592427835503022
-0.17445583835718503,-1.1423585375987628,1.112871537350211
-0.1719101004462559,-0.38049392974867846,1.015801956578816
-0.16707937936938086,1.035647913670224,0.9451710539423956
-0.16793425227549216,0.7666718896190348,0.9293625531635054
-0.1711701314600312,-0.23981359897769117,1.0456483362988909
-0.16580686326501382,1.268395880206246,0.9520610115486426
-0.17220825899776263,-0.4075580849672236,1.000213126258285
-0.16937346657794797,0.28483429473010263,1.0050644877712553
-0.17651444178221115,-1.8909516152955663,1.1200480274296027
-0.1715229755986166,-0.32925039133413625,1.060532329121202
-0.17096400575044163,-0.23486755717935487,0.9600674018766799
-0.17194340670660205,-0.4141123851727256,1.0110613093002214
-0.1742133004263913,-1.140747759496013,0.9797999358072627
-0.17520394024325642,-1.5280786196907583,1.0277794235375257
-0.16732282785380864,0.9463318385375783,0.9480571524961316
-0.17082695762839437,-0.11115190306342378,0.9188447491602456
-0.17061995281563724,-0.020678962674342306,0.9900288101773936
-0.16888420805955284,0.5187894382254675,1.0017186202182287
-0.16346718393230056,1.949825732382855,1.0359732093881013
-0.17382257928635952,-0.9738374988855888,0.9997737203336393
-0.173462458624554,-0.9233132276843952,0.9982018089237186
-0.1661986064068116,1.2022031959911275,0.8720608713572963
-0.16921530686935146,0.3455219172601539,1.0181620711579265
-0.16414363805078153,1.7728876173799295,1.0200684344735882
-0.17141121113030267,-0.2620449526996694,1.0870734470123686
-0.1709280067032226,-0.19791269076054324,1.0320698985885768
-0.1671777874850245,0.944603555228048,0.9761924746879717
-0.17338099341479912,-0.8804033791037722,1.0191244956767957
-0.1704268824318108,0.03345917993186764,0.9515139655190292
-0.17219986574846688,-0.4858333547584759,0.993995429812605
-0.17253132652029493,-0.5793739562463052,1.0383995016455707
-0.17327945806972128,-0.9791411611981463,0.9367243637061073
-0.16294205091074326,2.038438278414751,0.9654746802541787
-0.16712868818083587,0.9796251338482338,0.8871729492612025
-0.17250736100212785,-0.6128232391433934,0.9599195271749911
-0.17586279187010687,-1.8311448218985733,1.0128122002323057
-0.1721564489394904,-0.47001306053491415,1.0166317937829856
-0.17033776734802072,-0.0070670200481433455,1.0116351277012572
-0.1699155247760202,0.22995783529270486,0.9509710802342081
-0.17297192970402048,-0.7396328296874943,0.9501167169828518
-0.16956657644540302,0.28265311339206933,0.9294628629614874
-0.16513843977521664,1.4293892670943014,0.9423643630730572
-0.16816029361179843,0.658072337260635,0.9012384264594825
-0.16877153148150353,0.4455668648443991,1.0332598594539275
-0.1695248924994546,0.30237092016984285,0.9616493099189113
-0.17255406807217488,-0.5613200995166091,1.0495720592888116
-0.1751666393433438,-1.2627651952377357,1.072955203477222
-0.1757173694989303,-1.4593423235668024,0.999038103717416
-0.16817412840168325,0.6955677776409465,0.9385898943816421
-0.16413048479787365,1.6806770813050882,1.0139235863944716
-0.1621080747636339,2.3252496335226254,0.9814392327403568
-0.16676481639316662,0.930686887532622,1.0078022450676671
-0.17285115794824746,-0.6358208416056056,1.021445949974324
-0.1749743631427482,-1.3881849541297475,1.0791656990391585
-0.16700669030648294,0.8725176755372117,1.003155042992653
-0.17653143545110447,-1.6930937479116095,1.059719347953358
-0.173657260332004,-1.0930514778054756,0.984617484428787
-0.1653823813950212,1.3945141010981414,1.0066110502531456
-0.17390349774503733,-1.0133328710124052,0.9398452635749386
-0.17304162017570154,-0.7438209600210627,1.006570613514676
-0.1686759300468574,0.426162566434083,0.9577249903532551
-0.1736309203722435,-0.887204291471353,1.001402954539852
-0.16599262839815776,1.195851502457553,0.9288339339997204
-0.16699671460014703,1.0720981721859721,0.9534924514313295
-0.17197797078076132,-0.4694165922969173,0.9314102705053965
-0.17090466869618265,-0.23732992302923805,0.8873242061853575
-0.17104149743365984,-0.20097078740998858,0.9799224872103728
-0.17389912034117264,-1.076151463654318,1.0089419721177015
-0.17359205247264017,-0.7996548735746257,1.0263866514543616
-0.16735870810998318,0.9995649280494429,0.9305172333362859
-0.16638186206506483,1.1630485730538214,1.0031052417175064
-0.16938090271289805,0.15174009432590738,0.9155971218254426
-0.17312709497152878,-0.6910659747084125,0.9813086452644431
-0.17007075383063516,0.10382803947444574,0.9082930980111366
-0.17221156010526642,-0.43110893290454444,0.9914878250804487
-0.1698682263126021,-0.15994249904839739,1.0591507675313045
-0.17418677300514704,-1.0356548391862932,0.9936886711975542
-0.17220818187695175,-0.3448464360885325,0.916584626511016
-0.16904744458955326,0.44587962427288014,0.9647498894454344
-0.16787401447783296,0.657642792933532,0.9864513678093297
-0.16678245586030346,1.036238238156905,0.9945422037011087
-0.1749470383705627,-1.386001219185265,1.1076713039265154
-0.1739412297932579,-0.9721356745039859,0.9774830223012151
-0.17190482239105365,-0.4202097472663293,0.9509778241907901
-0.17030864411476998,0.12220518852680559,0.9598634111631805
0.06001970216866923,0.5786736955031087,1.3215410185501586
0.057042521664708,-0.39972638895460005,1.3429765831488667
0.05559162963151207,-0.6721332986202032,1.3728198939009595
0.0519553178935379,-1.6617514616552898,1.3819876949087615
0.06010190649141654,0.6359425536712555,1.368307303717216
0.054819588215542454,-0.9753777684137643,1.3472781170721666
0.06233302306058524,1.3350764795033152,1.2806559107013837
0.05706885340085276,-0.3110302945937376,1.3872383707415814
0.05640643461702447,-0.4551895191624309,1.4252334894125347
0.05665816316746604,-0.31360755709290034,1.4134955191942444
0.05893588598627894,0.18991217328005194,1.290285550382244
0.053594999707310555,-1.2953961717229008,1.3489244498642239
0.05778982742881821,0.005213500430662564,1.4584483718308143
0.06005759630549115,0.7098028057177518,1.349077238436541
0.059393973543005206,0.23931522328810037,1.2562196326006396
0.05914143808773063,0.405213977147137,1.3406372342488222
0.05696176221848536,-0.2914624112648889,1.3847708482414884
0.05588332049009231,-0.6438882440585146,1.2908013553429083
0.05533528875720165,-0.6424857194850238,1.3671300213870632
0.055937761436614344,-0.7224095339397757,1.3304454003361341
0.0559939235696718,-0.5296882273539298,1.3701796064989138
0.053074415479065516,-1.54577902566268,1.3702851917439216
0.05704210677179618,-0.20325405096049373,1.3303289374211538
0.0532376662127097,-1.4976280534004038,1.2962353208999091
0.05805096713086586,0.028577693862235153,1.2534635806147478
0.05198413244681969,-1.72999477595,1.3515225950970247
0.0644976262313972,1.81492096410141,1.3761444529858577
0.06163380972561242,1.1030926120081064,1.3171299340916838
0.05490101983788837,-0.7672923935314702,1.3257144199601045
0.059487728128144075,0.44117524004287084,1.307018897313127
0.05599887050119164,-0.6169017338734865,1.3448918331397575
0.05833300979135086,0.1696712994393474,1.3487315458889593
0.06087345449415959,0.9058881380113961,1.2946173720893568
0.05615928551764411,-0.5072854387691913,1.339530356269139
0.05269292172342658,-1.5512675736560886,1.3310011156758184
0.0618943279380174,1.1928184642040194,1.333170774963935
0.05446801176802983,-1.0834496996179193,1.475871668287226
0.05959661510367181,0.5636035945902247,1.302257646200587
0.061200647362484865,0.8901232783775321,1.3551482986335837
0.052611874112025045,-1.4281223557360017,1.3669830650641894
0.05703300243855625,-0.30985043907841747,1.372610023482735
0.059941892214887174,0.6733646127342549,1.3150003352927286
0.06048779405947473,0.7805870222578928,1.267836039244444
0.051647543826888485,-1.7307880987025526,1.387354392398965
0.05787442483968703,-0.0069151114278197465,1.334876619693452
0.060698812122116724,0.8001945806164378,1.3909521416939599
0.055244432625085375,-0.6566988080324684,1.3756711863654827
0.053146922848589906,-1.5348213161087456,1.4705580120362747
0.06030870159173679,0.6943634073734941,1.4120915173620388
0.05531157197524305,-0.6053979602085304,1.3472037013874505
0.0579913603196937,0.026651149290605643,1.4134356211868802
0.05288597441505348,-1.5198676615854356,1.504496504702773
0.06004765007727763,0.7410979268663217,1.3780268976074923
0.055176260449539834,-0.7613092180623746,1.4219807774745656
0.05321270607672353,-1.4026228904355955,1.4935091220246988
0.05900277060997687,0.3056941946521598,1.3003973555966866
0.05417415504678796,-1.2623912034450542,1.420841503720082
0.06049007256408947,0.7979401559116931,1.3580711139251678
0.05888068719621804,0.24004636881105265,1.3921297602666056
0.05386755163300727,-1.0835452486484587,1.306714425504623
0.06501707171489024,2.0183971544883765,1.3737056520848911
0.0602159044325367,0.7052671650193704,1.3275103954428102
0.05146858539878486,-1.9884347630766361,1.3503759635338686
0.05038212021169797,-2.04998887360566,1.3236022878688123
0.06081765607065032,0.7220150324246225,1.3900420132862104
0.05623625181025658,-0.5795316365475438,1.3664427133282806
0.054178084020550174,-1.046615347699145,1.3417680811923878
0.056666950598548836,-0.3102381051074994,1.3536514302649432
0.05450393617978996,-1.0063358824291058,1.4519266513093008
0.05859555775854289,0.06575989786478362,1.3380931442587953
0.05454071531385577,-1.0173916235157288,1.3726191307916973
0.056616407294073516,-0.3633206929404493,1.4161783045540295
0.05818512371890072,-0.003793031206687435,1.4467869369657966
0.06115438431751144,0.9972472581772125,1.361308074432549
0.0580838341376005,0.06046384992634151,1.396253528063266
0.05317861775708101,-1.5008156119881622,1.2791258579232447
0.058661287562921896,0.27945815468057533,1.3357869557916462
0.05736717328126564,-0.04883947913163525,1.2681499674290897
0.05570384805962569,-0.527145802926378,1.3321363954869676
0.05373865435256278,-1.1378845899997088,1.428484753719544
0.0553624240536035,-0.9001249484737722,1.351167128896013
0.061634217578152725,0.9927752658792254,1.3540387181884763
0.05345498070811199,-1.1439001140358744,1.3606041331460739
0.05956550845323938,0.6015344356397454,1.3002390981349816
0.05802051675043613,0.06592085856464333,1.347661185671259
0.05861711063794693,0.2097859455792706,1.4163432553621658
0.05836293575880534,0.19316561751738598,1.3960041588950143
0.05670960485659446,-0.43610078109412864,1.26679894807217
0.05671634855179737,-0.3283670035395771,1.3584655447909448
0.05802169977122934,-0.006961256130634457,1.3373530502667559
0.05601779262912587,-0.5474089443884067,1.385266248265177
0.06157233054294981,0.9951206165383465,1.3421395867966697
0.062185809684639104,1.2299111575583648,1.370919852813516
0.06043046713087716,0.6575500841862296,1.3839419147912848
0.052908100379237245,-1.4225380141362514,1.462261413628593
0.05902282854892222,0.38185068586825266,1.3098669695500598
0.06072028632912042,0.7279377651823145,1.3535607451109213
0.05148729582761777,-1.980009655563655,1.322764932893387
0.053241598922628613,-1.3731046809903655,1.485059632586871
0.06377323238729043,1.6571787428045437,1.331934083371142
0.057207452283130775,-0.2561919159960486,1.397706493141975
0.06041981996132813,0.6552962346110389,1.3228498725309836
0.05717049068094667,-0.256140657719719,1.4271694205642989
0.05258075909735174,-1.6223172789675018,1.342395869229048
0.0621192089532439,1.281608036786654,1.2972107914987796
0.06120882252503958,0.8892501759324707,1.3564723577097508
0.054977185053230695,-1.0348788318984317,1.3171862324608132
0.05896515083391599,0.2447218633296736,1.3480118385662758
0.05689508348837404,-0.1635116182194085,1.424448312403094
0.05233801177120233,-1.7239267140265229,1.4094435361557607
0.05202418754976156,-1.8957015909608979,1.413361185997715
0.05916685624545037,0.3125383779987318,1.3902079857326628
0.056714421002780076,-0.3156909878709261,1.3281131369101213
0.051672788292557385,-1.901423109511795,1.4665645100337665
0.06163633318358143,1.1579211630424442,1.3626899585749872
0.060057182378589015,0.4957386167579239,1.3424682476908953
0.05900186454902193,0.40592519718874187,1.3477592593610275
0.05970649552909464,0.5680849791302867,1.3439693044440078
0.06436390034511794,1.8544662237883638,1.3088663724656033
0.051387372259312,-2.1252212146076,1.2609104605889037
0.055661321627357783,-0.5012959433734894,1.4197046024018045
0.05600794728273914,-0.5496028299216322,1.3860959031502509
0.05861817944107309,0.11778205906811565,1.3495066636271396
0.06277094045849435,1.441871762041046,1.277696873704627
0.05533139840126506,-0.6953369279903181,1.3786730750826925
0.06568020966374312,2.195384644150031,1.322714681947613
0.06490562177536963,1.998255112983065,1.3170778717138092
0.05979008373501798,0.5839219158846379,1.3135672203899702
0.05963070371350709,0.36993748738487225,1.354452717331142
0.06478768076457175,2.050424203977274,1.31363862126189
0.05496264055448518,-0.8659359922221013,1.3693732046431113
0.05295570877006386,-1.3728703670380236,1.3761617791174074
0.057113685010172985,-0.16576853643489445,1.4066802808346686
0.056466783151189366,-0.40111743057326615,1.333361284389083
0.05765433973884875,0.037091105513227404,1.3934555016189905
0.06522247352403555,2.1255442244088383,1.3673039023637015
0.06167489351869818,1.210620277898037,1.3458816294549185
0.05654635917928294,-0.4175920600424245,1.4001836577026627
0.06082096941536754,0.9068358476693021,1.3470381594798082
0.05240461516867332,-1.8359748688298896,1.3808034143440637
0.05934296175474641,0.4411594989416758,1.3526107682241955
0.052731069801911674,-1.6180708739489906,1.2892654719088594
0.06032031818635702,0.7261439499155077,1.2851239248494732
0.06606281765084893,2.303582953719573,1.3558616570915216
0.05867316934324237,0.2625918179741772,1.3300778926367287
0.056815090749904464,-0.27819672803385403,1.364778028340362
0.05951093317056152,0.5142431229805867,1.3530261373689008
0.05806626610271876,0.06562745323745628,1.328214551086054
0.05562639214880793,-0.5456876145924612,1.3075967657865446
0.058611641761043526,0.2396821420621065,1.370277022458091
0.06108966858324966,0.978211742717829,1.3254283710996348
0.05136385794187797,-1.9374283000681067,1.4597833297034377
0.058309828229060424,0.14823459296258884,1.3028782974698239
0.060121697860766245,0.7271703955826953,1.320255796184999
0.05322502888517411,-1.4961862003657194,1.3337486497769562
0.0571028523184079,-0.15300589726080585,1.324656985785928
0.05135879758837916,-1.997375652836346,1.3647778235792856
0.05184967962187602,-1.8660043009704277,1.3978067223021688
0.0526204369278376,-1.4937008854809681,1.3242880499804537
0.06001287438485256,0.7043068511979514,1.3361773702773236
0.055996258663468294,-0.45001469072920103,1.389444850473514
0.05689774333443914,-0.4562236242036677,1.2948596030073594
0.05849638121650133,-0.011139169410748485,1.3289959079656755
0.05688914938600211,-0.3849836865054142,1.4034487309054204
0.05869903597305163,0.32937666522587644,1.4013595880033862
0.0555450609418322,-0.7976946646208511,1.2968078942097008
0.059457383601440275,0.4559448039886519,1.389994710749648
0.0555318587287495,-0.8174314780067995,1.34990996554678
0.052245047714975394,-1.8176555625392068,1.3696188756692058
0.054376392758507294,-1.1516398631377318,1.3290487289583393
0.060291769441555815,0.6396259542156215,1.3840976530699973
0.06303914216540772,1.480179386579662,1.3809854516597133
0.05852411067341081,0.20852201728770392,1.3238158072833768
0.05634468804975881,-0.4930832057543069,1.2586492380090717
0.05788393853309501,-0.02332924284672006,1.3889778041448761
0.056870036686335085,-0.22528026713851143,1.4313777513668025
0.05422034808668526,-1.0621832417821224,1.3647959823250042
0.058424555228157905,0.15253427357281257,1.3663906279655438
0.0553875852944561,-0.8062422882706182,1.4380747925782202
0.05727465850264318,-0.44299969675595063,1.408503967230677
0.05176330765482535,-1.7530399772004912,1.4943948253727204
0.06110666463328629,0.9968200945696615,1.3096005080381163
0.056592819512314395,-0.36710489253472717,1.3811189452459087
0.05739019353824203,-0.18961856906978505,1.3622865848528194
0.057741698717724936,-0.22457779849402837,1.4003355950554968
0.057977408421846593,0.09881752287275596,1.3649719160904015
0.05774702800786448,-0.07905820667117411,1.3983102969307148
0.0601241883592885,0.5266406678830152,1.4430314863215123
0.05436591221216838,-1.0986240368288993,1.3067258415655834
0.061733019994849106,1.1232450877635816,1.3994816741981106
0.05531634899950536,-0.685190347122906,1.358195416775473
0.060490346238028264,0.7984799494560846,1.3157314365545518
0.06603766465102355,2.3043288023322135,1.3580840393684126
0.056596737665133186,-0.3462344955087384,1.324857421652435
0.05850656106807682,-0.002690598123360793,1.4291961141218446
0.05196176382710035,-1.7373762790659735,1.2629653530503862
0.05317711546173664,-1.6698453440740204,1.390321703656128
0.05493339650958041,-0.8472870126292281,1.3511243142383287
0.058872174293350614,0.37029485546635027,1.3561562809799643
0.05685063644084674,-0.3190688715313694,1.3942295235825335
0.05958856825075099,0.5493202917615089,1.3564843559341573
0.056186799935631054,-0.4355896036668986,1.4086796051235677
0.060598990557379336,0.6422552350989919,1.4752778341661779
0.05952063075675784,0.44210857933885034,1.3789613580905717
0.058176294868235126,0.05541906896239953,1.40525538616017
0.06290907413140283,1.5325061816140746,1.3048184558992615
0.05914431852390072,0.2989381013837379,1.4031194955363753
0.057893254439865705,-0.04515455446764153,1.3854403293235347
0.05312870477708765,-1.3063111125104594,1.3346375941320003
0.0584174427064751,0.20373100213182385,1.3231145427667086
0.054876271264652825,-0.9725028565359928,1.4044349509339746
0.056082800215174235,-0.5956894551904413,1.3731686998891932
0.05484047137933149,-0.9569272019318595,1.4504776202965306
0.052638733232642725,-1.7223721045776177,1.4392995107997544
0.05333142705751562,-1.3670833068119017,1.3465666883061236
0.05387016169219786,-1.051203150840622,1.4381429210923191
0.05993222483788358,0.6022374591728687,1.3276316552138987
0.05607747508347566,-0.47577632455846647,1.3539101018807538
0.053835272979804324,-1.0897968920428955,1.4289272392552352
0.05297273372666361,-1.6080946374137037,1.3094554382318346
0.061848286261939694,0.8659782643301822,1.3624276671717814
0.06103088982275044,0.8703856829637184,1.3528857206776401
0.06252643458628844,1.2996591065693248,1.3278953490344205
0.056696525161346954,-0.47578188623352646,1.393114031529742
0.06246696579761231,1.369931284765217,1.293541018121294
0.059068276527656845,0.4041996436475795,1.327440584696964
0.05585982991054009,-0.669271883384854,1.279126135355737
0.053283060995997646,-1.2717448680125236,1.466615666269694
0.05507684948169706,-0.8493716556867791,1.376146562205852
0.05217195900212613,-1.7830640029619018,1.3038168033018414
0.054457498914904756,-1.2076291026819532,1.3573578816635843
0.059055444093867385,0.2804837106015116,1.3521042047457321
0.06026818167627813,0.6377685517976461,1.4002428390738983
0.06040955984968238,0.6928123839414568,1.3853968398731282
0.060799106044335874,0.9592979466132039,1.3603498124872748
0.0595332819753791,0.5213980466719039,1.356647886342827
0.056975826428463175,-0.15812656682780327,1.4149115986228094
0.06399117045324301,1.8029532196856446,1.3312508513463683
0.05518674636422142,-1.0147859713856267,1.3401831741596204
0.05996099518377997,0.6755752943235058,1.3729154641827415
0.05713453518454228,-0.2783217938603666,1.3798181375862892
0.05181457023665739,-1.850410973425926,1.4174794985943726
0.059581127646931194,0.5842588195624644,1.3355553479362585
0.05721160585287501,-0.18596737304325403,1.3259490309092787
0.05988423481544948,0.580891363326656,1.3979867557929495
0.05903024379038249,0.36982948904540064,1.323083708478127
0.06241455385338534,1.3356834282304502,1.3039024972271667
0.05173766561670738,-1.8911578300581684,1.3194032303629883
0.050464055839168256,-2.03685799778385,1.4681782267830084
0.06102134252559595,0.9245374140981384,1.3464787720608884
0.0591186298103013,0.33058531901756727,1.322666239561429
0.061415223426911324,1.029637493407814,1.3439288939641125
0.06497538485163074,1.9628997768878977,1.3176947798438203
0.06061594294492943,0.6752665966433554,1.3888073358358588
0.053840319885177575,-1.1264267451526961,1.2781350462241294
0.05869124403553369,0.27386933767352756,1.29943492729621
0.05619728177816778,-0.6345131780476849,1.438706183386855
0.05384866616621126,-1.0550616053312079,1.4368770314333938
0.05572380654352453,-0.5481103844656218,1.3946396722252528
0.06415646701898221,1.745468294909528,1.3622317169142966
0.0631688148493999,1.5270518977493654,1.3714376102412664
0.06064482482669125,0.8342720241796442,1.3073719244908661
0.05910815414801885,0.31616598043092503,1.3608258693049327
0.0590642189328469,0.2248253393239329,1.4226880028876572
0.06378077775502768,1.6516942594515578,1.2812196941249734
0.05639925404180884,-0.43997312687549917,1.359645686709457
0.06568551763094344,2.2143079886809445,1.320806221616832
0.05607772039381781,-0.5115194299797242,1.3301624601362878
0.04801259285159809,0.01212499662853572,-2.0482056582886403
0.05562825696252622,-0.6721390439924556,1.4625724502513504
0.054704799881613884,-0.9214475277802837,1.3956151778055639
0.057033095506246564,-0.29698200038397027,1.3119132032345535
0.0564963408519953,-0.43875084609172643,1.4632201925951092
0.060888917164163836,0.9228602222454572,1.317895650261714
0.05604471392782056,-0.5836801889972942,1.3551830814488388
0.05402154636261392,-1.2217274118903578,1.4073821664818917
0.05802463850370966,0.007656528286087849,1.421318147212242
0.05778252118514985,0.024492324141604595,1.3816277986430676
0.051853119928529035,-1.9964879977396728,1.4077611444298257
0.055152513754704445,-0.7987862424755517,1.328858119484454
0.06165780053287338,1.1561824064672586,1.2761048619342978
0.06002855497654104,0.6377849461469314,1.3117720642262805
0.05372865049843792,-1.2052389426152275,1.4230156635903393
0.05212271814107191,-1.873345662134773,1.3429954375484647
0.05504032788031675,-0.8129353211794608,1.4108337439893548
0.05825796823794938,0.09547412675535139,1.402827998388019
0.05581384993280447,-0.5814620133303681,1.35117845439432
0.05842777088423402,0.054388524683051484,1.274963139219099
0.05516126728177802,-0.8501644005039466,1.387255070860896
0.05987007839063135,0.5293584322292736,1.2799588053915463
0.05621311307060348,-0.5053599932266685,1.4151828258332335
0.05746594478222998,-0.05966827412761874,1.3488263691486113
0.06095080517844178,0.9429377201047323,1.3510428637105778
0.057023906126391924,-0.20393675713781587,1.3626116530046364
0.05168583906354697,-1.8198589811663133,1.4961426723117854
0.06403680800213306,1.831512219021391,1.3647883455338092
0.05485990317003582,-0.8346958597999015,1.427134385614583
0.05747980581310554,0.005981650282360696,1.3609721085526136
0.051610446606236926,-2.002936730199044,1.308737512311005
0.05447303966219002,-1.081544751830989,1.2810213620722108
0.05948379353755404,0.36788981380856406,1.3194298870706727
0.057233436262844266,-0.15028853328143735,1.3205484501912166
0.05789551099298643,-0.07809877568341962,1.3712313670675054
0.05380236144907256,-1.1184380960530993,1.3719417124404965
0.06253668902225662,1.4067419027404306,1.2816850762728316
0.0632852200313155,1.4574785586951853,1.3200317568946627
0.05442197407637454,-1.0132395277911725,1.359854234681562
0.05381431128480709,-1.109702783275775,1.3086625098953992
0.05414795649462933,-1.1569403744508024,1.3283210245228805
0.05771738816201854,-0.04039395046953521,1.4104801694304308
0.05819173400946333,0.11356131404241798,1.394550722868831
0.057313773315393994,-0.08127831873713957,1.3544377439630015
0.06479885230507623,1.9446416007710534,1.3308376154800756
0.05922401399298104,0.43911240221926284,1.3497443851757835
0.059372417384457137,0.5467724791182539,1.315466061704045
0.05259514103835447,-1.7482468577407784,1.4325876569826657
0.058689304499948296,0.22586833474157947,1.3187712909666531
0.05840694945598594,0.19148782590326843,1.3874430288331143
0.06575890061942029,2.1792660237875143,1.3423594077325136
0.056592512827767755,-0.327356799681517,1.3791632675878702
0.05485177722321275,-0.7938011134437728,1.329976495232365
0.054451021732146825,-0.9446178880888009,1.4577660410801165
0.05768709326028706,-0.046292052126003756,1.3961880443576768
0.06063744763670621,0.8501862503354738,1.284982741947199
0.057606533083172366,-0.049237127606651616,1.3010777702826462
0.051925383661376334,-1.8037432754187706,1.2744406591383615
0.05773909011445791,-0.09513158537864955,1.423764257019618
0.05926404579187018,0.4367837594453001,1.3498215763454608
0.061007772706659996,0.8819791559805543,1.2841713117041804
0.05443650387825029,-1.1404153145490061,1.3859515365591961
0.06146247543505897,1.049743058065977,1.3726458655135583
0.060270786235317085,0.6926139600062252,1.335709149310252
0.05106108653065831,-2.075146358062105,1.289818170613049
0.06559415014596481,2.1416471583510397,1.3241034852899367
0.057737701230669236,0.030064994499358108,1.372652420398241
0.06041783834414603,0.6926080349316696,1.3935563241607432
0.05708911563201937,-0.3222377978121475,1.3380704510149797
0.06236234551339421,1.2282483062006135,1.3483665536861187
0.05927596717138391,0.49501230101984994,1.3365899431374229
0.05686599381388163,-0.2666481434106993,1.4166667025866717
0.060238037518597055,0.6695744774961754,1.4008691887856897
0.06205430922238477,1.1595942705228774,1.392828853761988
0.05386279097228434,-1.1746746239096757,1.4725177605642212
0.05396470215507029,-1.1328201710744632,1.4104712003541244
0.060606785106827585,0.7634098868424626,1.3810145641668106
0.05183499616219639,-1.9131605757068542,1.3399981099992715
0.05656735703507074,-0.418160630066065,1.3803203051902544
0.05728235211068009,-0.22164487447655914,1.3489760039056797
0.0590715157760004,0.31617809059023005,1.3281849047405614
0.05700502083832113,-0.1845362477205359,1.357413643957525
0.059904363547435016,0.479320470282247,1.3782848257362297
0.06278459857145913,1.496193890264,1.2804026595409872
0.05982367324244442,0.6405229788279618,1.3723667355039095
0.06298541680614454,1.3921933666687336,1.3166163664176582
0.05832575005259663,0.18731224766911192,1.3880206108599213
0.058439366225959404,0.1727754084923895,1.339900877062168
0.05153179345607266,-1.8101749105397826,1.4681361759357767
0.05807613194452727,0.15331452906599638,1.3322408132070873
0.05963966823190206,0.565562524875315,1.2998245086351137
0.059537894050666944,0.2997554556211283,1.3297107010922962
0.05469777650403682,-0.9409861185887615,1.3893562377487447
0.054640591639222955,-0.9271028356266143,1.3510741717679227
0.05899941360759642,0.20906692663533874,1.3565172101579812
0.05723383550265473,-0.29110717132242964,1.4328988331139731
0.05508897777791592,-0.8144949776906499,1.4896716426348326
0.05711837795338901,-0.2274650104379666,1.4422535821532585
0.05271847197339277,-1.4101034451251209,1.423585965174468
0.06054954868830187,0.8162919196095146,1.317759340795771
0.06184491386060656,1.2475494525330844,1.3693576089885386
0.061900151241400254,1.1036642044939766,1.354897966130307
0.05966505930353952,0.5305710226909918,1.3341891432748507
0.057790852675325424,-0.013053767698211826,1.3864595834640747
0.05216982262130129,-1.8407586321693348,1.3304430512767667
0.05315077878977265,-1.4128804153926662,1.2980152520238957
0.05244383524452226,-1.5387100178162763,1.4464562258028666
0.06527591465941883,2.0714273691724054,1.3463560225567284
0.048686014032823945,0.014750207028241041,-2.035927254352613
0.064855826051584,1.9118798655738765,1.3611338559106525
0.05965992977084989,0.49610970726950426,1.3853618551177473
0.05932754213400509,0.44152511035443254,1.338993139854467
0.06377674121360849,1.6229560045357472,1.3373589848190974
0.058837682416516164,0.15156318487081383,1.3739159904275875
0.05916331542016102,0.31776683256024263,1.4154874947120126
0.05249062601933612,-1.3920661985317537,1.4028099096727913
0.06401990198387189,1.7290205998525248,1.3028069835512888
0.055143944880001565,-0.8839109634943242,1.4119872315323827
0.06151678227785579,0.9958448493978067,1.3621569371754867
0.060416989373297536,0.7749836593728888,1.3369256748893208
0.05621744607885603,-0.4528917144553465,1.3788391894080068
0.05270769124040325,-1.4960464236303914,1.3784275525096925
0.06383145725110019,1.515627516389049,1.4672537628127795
0.05877953435865698,0.24000942830324892,1.4011963143487716
0.056388050194942,-0.5071320158530589,1.3770134258049076
0.05526985643817161,-0.851596169316992,1.3070399398158854
0.0615741241100311,1.0566110511904203,1.4156140833264337
0.061561113191316144,0.9791444647354941,1.4209290042666605
0.05347936556803115,-1.3765135751930457,1.2928046948253133
0.05463256650015951,-0.9575368206487392,1.372923010454828
0.05566871645077029,-0.7667359165001592,1.3413723010306615
0.05819606032053401,0.09878360002813691,1.3573875921161958
0.05853349440541071,0.22831173442757108,1.3781989918191675
0.057959861354007644,0.09766825248231448,1.337580939840491
0.05494904246873076,-1.1135207684839892,1.4155975908589202
0.05128164734801536,-1.9658885774358181,1.2511442098460985
0.05543624568299653,-0.7419504976231402,1.3010217952655798
0.05996412535424501,0.7105943753941113,1.361030245351589
0.05371970507196173,-1.3666974988309954,1.299180416735988
0.06043437028772281,0.7942579662347423,1.3198882717352631
0.05692887534052225,-0.451870754647678,1.4508788668034398
0.051909035342632144,-1.5507419809281342,1.450543405672722
0.059363072858800436,0.49588716130269744,1.3813088747627313
0.05845182290226815,0.15521654197853577,1.370375031447903
0.05717808902115608,-0.051027325085429634,1.3347643799303448
0.05693507939728966,-0.2057145956515717,1.4008702173111995
0.05636243801803894,-0.3679097579631253,1.269789052276385
0.05323658397250753,-1.3572603828663834,1.445127488852695
0.0566158614846161,-0.40982198233762596,1.3155897997613348
0.054712288928889824,-1.1350720996545283,1.3348380687793602
0.06019186785657415,0.7463966734205472,1.345259679879033
0.05824759945481237,0.1033722278984682,1.3702178953447595
0.06572702048341007,2.2310408073250825,1.3068253452875611
0.05400886089702063,-1.170389897841336,1.3048148254918732
0.061007396263557244,0.9958902017626934,1.288218089597741
0.06129170073355118,0.9944913633892043,1.3679170136739702
0.05707388853199978,-0.20265766744099156,1.3522587157231583
0.06103842702536175,1.029694220930281,1.3255154294142462
0.05391796205361479,-1.0920547417920934,1.3452389688120514
0.06113489219477105,0.9791080121208473,1.3339871872058542
0.04790724514100037,0.004416819719406842,-2.068887757013747
0.05378429938317167,-1.3660994082582523,1.3256125014889144
0.05774516271699503,-0.1506358514794964,1.4117264143725805
0.05919824266554292,0.4061255623104673,1.3247493672579491
0.05780935697382981,-0.006624275766025332,1.347852637226829
0.06077746682058706,0.8876983315945577,1.2981552409296029
0.057200414564190276,-0.2909474568668048,1.4210501834731186
0.059305278102852244,0.44236836407618413,1.378676909888359
0.05258540845233341,-1.5669412933063374,1.4772795409621806
0.059626638332576413,0.5480203014556841,1.2924963708885193
0.057032063603355075,-0.2587360743724906,1.3741077798002566
0.057572345360978265,-0.34361171567466936,1.3713913436427094
0.053160521014042984,-1.3016410139203163,1.4788306347796283
0.05942057194295102,0.45861603020195746,1.3160933373200867
0.058197702585833025,0.029809826467219247,1.3826029994300078
0.059797178193199275,0.5804652821817008,1.3315470433514025
0.05533465804443837,-0.8558691749120434,1.2672578960703123
0.060332604387901854,0.7471213897991194,1.408204740817603
0.05546449740669592,-0.6142832741680196,1.3931642213981839
0.05663557465473925,-0.36736083827144467,1.3143065843277544
0.05913282498086103,0.2942228486173166,1.3127887710841941
0.06053418392500579,0.7987001006871964,1.3066432069671692
0.058713052752247294,0.1535849172904688,1.3596173243059173
0.05726166140130361,-0.1419588006709775,1.4284592634123845
0.05194458651242561,-1.756768083295622,1.289611974837524
0.0640202307494521,1.6941829954864598,1.3368947363248889
0.06117198467799499,0.9773428693043961,1.3183167963581535
0.0547688059770216,-0.87437319602246,1.3622494415735198
0.054780358501347444,-0.9538614766563117,1.3810345476982724
0.05585967152777826,-0.561678902689444,1.3207357602779901
0.057357611370678116,-0.24951685471438237,1.311254486608722
0.05290087896603434,-1.4968534431018994,1.3315950651796427
0.05815688345843969,0.01251128316949847,1.3894392883762703
0.058471589556650765,0.2091245376997724,1.396533685766943
0.05782558029920819,0.012337018185409719,1.3458317611509452
0.06447729680969277,1.821348701318541,1.40356498376644
0.059009233095958256,0.1570191377095001,1.4285283387927905
0.0609763603489548,0.9235300554028969,1.2961059384232712
0.05540883326783551,-0.6727977832928876,1.3769967904243323
0.05798009801329064,-0.07993091878816377,1.2857123205920742
0.05728354308951575,-0.11708756965385984,1.3313018206800906
0.055994343547688355,-0.49849107767654466,1.3733151699984945
0.053273375536457945,-1.3506316427105003,1.34936449698331
0.059444004866382266,0.3886020686214032,1.4341353775212602
0.05293277007231078,-1.527747045764624,1.374186934835721
0.06230339442392676,1.2486296068509384,1.3549851377952085
0.05150037792235142,-1.8547247471199733,1.3719625397274513
0.05480108895087271,-0.972922810384932,1.4020274594867925
0.05785306068571667,-0.006623065685006359,1.3526887507441827
0.05661684681549713,-0.40580773670146575,1.3837007583755778
0.05881128817346376,0.31114773250887107,1.3742786110907756
0.05724949379888337,-0.3261348949771166,1.3460333042463433
0.0521777500072419,-1.6966258829601222,1.4318454642351852
0.05340763788800695,-1.4200941728106873,1.4756265137948206
0.05344932745382423,-1.2539625918440171,1.424051341814809
0.059686517743143146,0.3006589694637997,1.3016257517759344
0.05774151431003964,-0.00626894684467953,1.344049531484299
0.059944951471122325,0.6705581409257119,1.3358604971405177
0.06078543933022768,0.7647145811035937,1.3560382279977639
0.0540983349255772,-1.1742810016601513,1.2963574883673616
0.06220606463166694,1.2294046151231086,1.389859407515474
0.05829296686175191,0.2278344819782405,1.3815225555812538
0.05761471581937735,-0.03445762215843525,1.2821479399339066
0.05336325093448106,-1.3505278428995888,1.4306396401567358
0.05997931954714185,0.6023087146411037,1.3368644299148345
0.052454449305746095,-1.766934801045198,1.346092933529822
0.055248303183019244,-0.8695083027066031,1.464850723306453
0.06165826837452231,1.0824418935672901,1.384157173492452
0.057961459275123334,0.04743783731758804,1.3712954364625416
0.05403978704050413,-1.1880732608145075,1.4696957948938438
0.05642492555887793,-0.3862129806547096,1.280885668825293
0.055561706658275575,-0.6686590010507802,1.3501862403839817
0.05282860151904313,-1.4997691563345068,1.5194639498747784
0.061953962002265064,1.011823262797272,1.3903944122543794
0.05396119095202634,-1.051835552496869,1.4461348315464644
0.06434705638320265,1.7694294270184758,1.4304632398422572
0.06150426984144152,0.9603577325241456,1.349455462311402
0.057846088080637834,-0.006560775031485324,1.3694834395561277
0.05154070877152261,-2.030510164035123,1.3521234550422623
0.052287295637111354,-1.7456716659921914,1.2672977431369996
0.05675145852117424,-0.32697464072343946,1.400724666868805
0.052301497394244764,-1.4980069681617425,1.3716374804257925
0.06186313287738219,1.0686209562087168,1.3630331281633645
0.05586523963763714,-0.5511606011558168,1.392838160962956
0.054082322802490965,-1.2429318155454547,1.339509173349826
0.05259480013756988,-1.4630721438564038,1.431187699799312
0.056265190295429604,-0.35350187129348637,1.3401428606080963
0.05516418070173683,-0.7049672545769461,1.3641155311870725
0.060553253258099224,0.763096533449343,1.2807772791608367
0.05414985152090314,-0.9985647087823813,1.4226471495338162
0.054350831768221655,-1.127346471042803,1.256215995326078
0.057758617617946775,-0.2024454345277791,1.3741923908030806
0.05668749404213291,-0.3657489588714431,1.3442478390098056
0.05959351337822506,0.49454678018267434,1.2919621360155844
0.05879408005026964,0.16858593589402054,1.4475467554792603
0.05952012968014037,0.5242967319777438,1.2794268285111492
0.059448663900820015,0.4545577511050011,1.3469494332172816
0.052304396405824134,-1.8918101312217996,1.3998173944838403
0.05380246274908482,-1.0714955855233645,1.2999303234127937
0.057184568139338476,-0.25652112815288586,1.293546590142103
0.058065255531774176,0.0807639542035002,1.4255875575685555
0.05927191679815599,0.3833126279745662,1.3659502251368936
0.06463080250953952,2.0106005385422283,1.2938394913106641
0.054703441490841526,-0.9078748304864853,1.4673270743038702
0.05334037895088841,-1.29427504399813,1.3355791216081612
0.05591242150611658,-0.5414155252641749,1.3660612623245718
0.06226633898126482,1.317803713471097,1.3075498977939313
0.052813898591656236,-1.6360887384541585,1.3303907473171193
0.05287425026527271,-1.4539911156213026,1.4386019377492691
0.061781786101546436,1.2112662877668834,1.3559168611491914
0.047927988285368706,0.011434639738036902,-2.0981935676055032
0.05703857560114789,-0.3686604733296626,1.269553646783645
0.05723917669852876,-0.19217198860136958,1.4874867507259173
0.058452653253471445,0.1287717771906747,1.3595207260650517
0.056482558954906684,-0.2780713146380552,1.4028136984831105
0.059661156958276805,0.6026665889703412,1.3398037549189332
0.055383909461778257,-0.7792848260141078,1.406929172799245
0.05505370524207758,-0.7800238871823665,1.3571803921264018
0.06517904333630477,2.072496565098118,1.4075078467021707
0.055572982713589916,-0.7782107282560001,1.4041885728515664
0.05365895483839314,-1.2710874531025191,1.3516272834755025
0.05826887034417903,0.05534556407491489,1.4024430531025396
0.05961322770987937,0.49293434730631536,1.3124372463475336
0.05398693513678608,-1.3343774168631584,1.3367560718383127
0.057156314457194525,-0.1722534055133937,1.3397705749364444
0.0586545412693223,0.2621812280725492,1.31093999764762
0.05933338887173055,0.42701341565499934,1.4005839540615668
0.054579267211641205,-0.9768344174002022,1.3037076030673886
0.050778772059805084,-1.9981226635792093,1.4472978019822578
0.053981404576814884,-1.2596869826995425,1.433734996089509
0.06184649565915792,1.1566001506087598,1.3124112508785026
0.05870413005072316,0.17331868575862494,1.365154109128977
0.06007941638930892,0.4611400846404923,1.3487955896162123
0.05931766174645675,0.42381178094577054,1.357260666966567
0.05265125832168521,-1.6495566850118024,1.3286119088996666
0.05570837076643897,-0.6509076045455843,1.3498041694043628
0.0563250698297294,-0.4723143438688369,1.4188500167612936
0.052595654251549134,-1.658737903446679,1.3476175704541606
0.05660936669526584,-0.3171338275363977,1.330224211107836
0.05844625049785259,0.11887531315980868,1.396291133686112
0.057555661544740254,-0.09974655803530486,1.3516799981398369
0.06170172941830498,1.121168775425264,1.3130010357512343
0.05497173418017444,-0.7579505073427871,1.397586681660933
0.05035333061131942,-2.131881942651575,1.2767698545077921
0.054121824070302645,-0.992232430823053,1.33194866040786
0.05359952200714184,-1.3000266359338741,1.3264678114284487
0.05924194911752827,0.3864683113892819,1.3172292464040278
0.06422543346074186,1.8712372241078532,1.2725341052736807
0.06264327684164352,1.3553066634825985,1.34854048388806
0.05979046420475727,0.5478031194348183,1.2986392467962429
0.05541454967197771,-0.7624791755620992,1.304165840614007
0.06106735504542494,0.9425700429884462,1.3392367217425145
0.060075914942202734,0.6722974330147102,1.2733298327699278
0.05150832139711039,-1.749600184431896,1.4462044827177458
0.05096778165108533,-1.9939260814041317,1.4003323634345384
0.05539236484661918,-0.8187425066670516,1.3216794743900209
0.05388948430879099,-1.2585201755157713,1.2895024463167915
0.05953818036352033,0.5672371968862308,1.330742159111494
0.056068219852477834,-0.4790346241573919,1.4396734291399946
0.05942135521116474,0.38488499328966747,1.412348357876274
0.052866539421258206,-1.2670893069628442,1.3877635265068533
0.05994600404865561,0.6555036343080124,1.3410797566033241
0.059126455202907706,0.38526447034996747,1.3341716830821866
0.059351574737654664,0.550290173832502,1.325690224555542
0.06098813804436018,0.7837528336718409,1.4101368686026117
0.05958014054960366,0.4410199442148661,1.3751777128551599
0.05641696220720712,-0.6015560875282221,1.3385919483968745
0.05514773691242878,-0.79341948987854,1.3665618050183561
0.059143372161445384,0.339462374041317,1.2098360066942015
0.06590156547090607,2.2499577435999125,1.3193053065736737
0.05747312279118569,-0.11816748763504088,1.3562993631144857
0.05571405919713514,-0.8448384233904008,1.3982758163254898
0.056351686126794955,-0.7653009951809016,1.3777706280326172
0.05866087928464061,0.2616396338142779,1.30231956050031
0.05717301281964542,-0.3275179374289925,1.4064009284314756
0.0522282174613667,-1.787994872850182,1.3581671933337058
0.05541486524372899,-0.6459366254605932,1.4789687640317986
0.05521935157575503,-0.7428462633019239,1.319618724615616
0.05842178930583027,0.062198080551976564,1.4013362520134456
0.05431909065944038,-0.8405144587698287,1.4110601928511968
0.058144357111217196,0.10107247262510555,1.3482626655942496
0.05868459460065086,0.2439193040654805,1.322870465587316
0.05756797058369956,-0.04572182299036583,1.348629279043216
0.057526497046906905,-0.35430209938258145,1.323142792972634
0.0641851932177196,1.7477720874979341,1.3419282933155199
0.054841489874050256,-0.9919760861843748,1.313716633177752
0.05924990134716684,0.4768135073039652,1.3319885167842924
0.05081888718028057,-2.0860691504910873,1.3849645676506688
0.05579630583435606,-0.7940011941445608,1.3607239496712935
0.05511581990827644,-0.8295258588404477,1.36557490246127
0.05970438836795039,0.4959250018013024,1.4017293167106917
0.05759068060656815,0.012753791473710863,1.3992782924398677
0.062057012404267156,1.2565494296708581,1.3334674850223907
0.05347494324292385,-1.244805119485584,1.277241656565265
0.05649213382204983,-0.27942275050936016,1.3051450428745814
0.060829764022697824,0.7619743830643989,1.3249706445496954
0.054393456142065505,-0.9950431374607924,1.3219581121879211
0.06336202757372199,1.4623182546396425,1.3390471597171332
0.05617184892442232,-0.297541188161142,1.3559052580144444
0.05687198978508265,-0.22128041841415905,1.375169420296627
0.05297922960411156,-1.5370766950107722,1.3985077057733772
0.06557934123432832,2.140524552750344,1.3126214481853686
0.058566498104146616,0.20853581136183802,1.3384286170013777
0.05128111310281285,-1.9257517220415694,1.3793260854181066
0.055311017945520284,-0.7592459718042239,1.3990238190079505
0.05504923571449415,-0.8025194164772909,1.3673096252342989
0.06129951552982682,1.0302286216465348,1.2692819899635737
0.05828172861258176,0.13666422196309866,1.3315698866490435
0.0583401410606907,-0.028465102814770514,1.4502055586182543
0.058119086390588895,0.12808726665765163,1.4194799677805081
0.06136555121335895,0.8546732701210162,1.3536804450230635
0.0553459065182472,-0.8890278378858751,1.2861952030106523
0.05257385531196258,-1.6854892652394409,1.3130188424144156
0.05491074958536095,-0.9772387965485453,1.3827608278765966
0.055827188418790315,-0.6931119830986348,1.4788634031582524
0.061028460186869596,0.9605200195042299,1.3230769216955938
0.05574870870575062,-0.5995672992332582,1.37025108825617
0.05828005813172552,0.12014053872426946,1.366340783269064
0.05568549871560777,-0.6175992939297232,1.3100528843756754
0.059234940597713705,0.4225954299728965,1.2709988946069228
0.05624394471745978,-0.4790888257271878,1.500734401613698
0.05364972995593485,-1.393066005071264,1.303036584860231
0.06010685049200373,0.6905471674214924,1.3005490359138743
0.05578236853817869,-0.6378199378231095,1.4356920682026246
0.054737165311520605,-0.9050687338309513,1.3748595043666185
0.0588884937797425,0.37074123777891554,1.374585992566147
0.05941181163511448,0.5617638339729617,1.2919353898621042
0.05077723113100104,-2.01957625460311,1.4486436192811751
0.059087583640470696,0.3865603258850731,1.3113848953804759
0.06485298676189304,2.036096455898749,1.3854083478163155
0.05625849619472834,-0.4413422036683884,1.4214208016476406
0.054822690414403956,-0.8710108509694243,1.4584455045826508
0.056925972799830485,-0.3120509841363025,1.4523135633377533
0.059181687144300346,0.2479522449372438,1.3991547162394502
0.05668966435046585,-0.29381801368930205,1.3833871855628752
0.057730236785634076,-0.030297734869866446,1.4419127954069866
0.05730102665933813,-0.25815074899532287,1.3797618543500034
0.052750930683026886,-1.4960626925583351,1.3859890152509202
0.05795969500596171,0.10129165189218481,1.3313819994519493
0.055009559873161605,-0.8971408732419475,1.3098411431794825
0.0613463478504705,1.0504154691213643,1.3325607838367535
0.06301983284073114,1.5501459236349804,1.2973192923644734
0.060855335391545966,0.7604885176666732,1.420132772802471
0.05429578499974704,-1.1951860446937548,1.3380664708554355
0.06423354480318284,1.7480505621837954,1.3549890027685385
0.05646750490928056,-0.3105889322508668,1.372098200584147
0.0577190913902529,-0.05907057625698233,1.4220736879225142
0.06305676537210593,1.3326422855351148,1.3401901358050485
0.05388642024596301,-1.2655685447671108,1.353608299770223
0.05983151952499904,0.49535050753249077,1.3702118290297156
0.05499792657210851,-0.7458862528363961,1.3870313026862742
0.05691541736559911,-0.37297999662505404,1.2764360263010128
0.0638419200557221,1.676268997072643,1.3353356446165627
0.05578490431440748,-0.6451157383636579,1.4961710022079375
0.05518936619255902,-0.8461349728929566,1.387004026299886
0.05586268705163237,-0.4832751325181419,1.4404586507516364
0.05470595022371013,-0.9251934400202706,1.3431657212226944
0.05787070557647329,0.07912534139959186,1.3127410034014522
0.06333262408743469,1.5702216745972364,1.3635383542792212
0.05814994777536232,0.13705933375371465,1.345964042345653
0.06221735625196578,1.3542601616072834,1.3583596797472872
0.054479420696403616,-1.0715115606199324,1.2659459716809087
0.06543253493505902,2.108150101065607,1.3552382373067606
0.059392199955672104,0.38779883120316744,1.3634864240190663
0.0544313789324263,-0.8863956667276444,1.403508794608533
0.05391756254017023,-1.1918857444069941,1.3661567386650928
0.05511127757242166,-0.7929256405659159,1.345096028787599
0.05978403735892183,0.6161918261756325,1.366253413192539
0.05381903701211462,-1.213382168499394,1.429805883268787
0.06263398082208649,1.2494146939741406,1.4129942105929088
0.0538777018476315,-1.1549889235180093,1.40071919374922
0.05781639279972562,0.02995419319189069,1.3286257065594367
0.05604227690211693,-0.6876575307405594,1.5048713714021678
0.05610318814266326,-0.5613178924144664,1.3496425262957494
0.05826781578031763,0.012897089552999336,1.4160271906578161
0.05635263186274095,-0.3219094946353751,1.4087440121239125
0.06046465393716946,0.7634579032484167,1.3329851377029256
0.06213128338724412,1.313679611206376,1.3083834963769436
0.05935777980078307,0.5088597549420519,1.4069395183033158
0.05750508221889358,-0.07638297232802141,1.3687984481356192
0.05613718714285793,-0.5943567937892924,1.4581786837044926
0.04807375813359598,0.011820834787522255,-2.038289018939218
0.06076270567805962,0.7595559279813472,1.3356393267019766
0.06339506613821405,1.5478256273434878,1.3618662854806676
0.05425228352875646,-1.1735747802574017,1.390939091591995
0.05741413985515431,-0.13204816157314545,1.310875839116247
0.052533708711900474,-1.5531618880020974,1.3567332953580962
0.05969425580349897,0.584312928195187,1.3413604057010688
0.06159507549652479,1.0321784115642876,1.3404160820724342
0.05356855838685585,-1.1370333011172233,1.263318483526064
0.06484666608407874,1.9291732660207899,1.3713018850891106
0.058753597121776566,0.33216506488760694,1.3030877545436892
0.06201329279250817,1.2046564804415076,1.3317269152283222
0.05484176986545408,-0.8890697115019468,1.4021074117745125
0.05807241284600291,0.09503383870475865,1.3950475757971212
0.0572027491335828,-0.13432362570336245,1.3692039252723969
0.057605102968711526,-0.0783226698842257,1.3209743993753162
0.06216185464891402,1.117751786394181,1.3918899264662274
0.05247457316929821,-1.512533654447608,1.3335360078769651
0.061018396245195186,0.9920734251137461,1.3316775061409307
0.059881861799821266,0.4582567220402914,1.3770802299585578
0.05661893915300539,-0.34742653554928415,1.3337480829970412
0.05437039423511302,-0.9594846300093298,1.3921495462300142
0.055791698825361606,-0.7562017396596785,1.4523795909714772
0.05584972858993853,-0.4457809229181301,1.4273320274962176
0.05769136423604374,-0.04551170377220102,1.3532198541705467
0.06128068804123606,0.9973738805907622,1.3825563137770547
0.05596374375655447,-0.509285797272169,1.408839407752498
0.05196133941703287,-1.7105868333499092,1.396650723122936
0.054784814461172955,-0.9570403387466566,1.4341660109350225
0.06056025217488871,0.7807015181796833,1.3103494669007032
0.05653605383420936,-0.49047071057928054,1.2684969522359946
0.06068489328590374,0.8363307066972895,1.3701078561388105
0.058487372440043206,0.22601315502349123,1.3517275551361312
0.05732238248834516,-0.115429040953486,1.4077397803562044
0.052838076364142554,-1.4473082144802925,1.436907788797292
0.05866513267784622,0.10388631870004565,1.3833775917475657
0.05607228934612363,-0.47106457284654635,1.366867425077286
0.053872804411485384,-1.1504127558977584,1.3826307516448808
0.059282979696692335,0.4046243542579842,1.331848505141357
0.05402312299495873,-1.083327001040416,1.3251237016221118
0.06605601654462014,2.268134786972139,1.3036687784093424
0.06411042239170621,1.6732912536276068,1.4024624205625034
0.05352509275950054,-1.092925002670087,1.4256382944540527
0.05286758716948766,-1.410174186556379,1.4645646252228897
0.05370609242815726,-1.2064339697932742,1.3683482241003058
0.061709770977913365,0.9604912803881849,1.3753889797774246
0.05927378959892806,0.31691842536679343,1.3737995254631519
0.05755436013932042,0.07245401128457346,1.3741067770715607
0.05570923039115638,-0.6158136420927605,1.3605744435492217
0.05763685099330921,0.04793129305991709,1.3408533644270402
0.05753059236037525,-0.07838614328034267,1.3175626754587
0.06089335892583437,0.9023506259971488,1.3652709399663325
0.05361164792930989,-1.2233558710593484,1.3802430593183495
0.059812791198429666,0.5444405245992523,1.3579339739885847
0.05372640654944051,-1.1944147070142774,1.4716749132000497
0.055574315874288835,-0.6169354395700265,1.306251455829521
0.06365261032469482,1.605591677119355,1.3495438558891046
0.05529363953310078,-0.8504426523071353,1.2789213438636673
0.05598145851798396,-0.47088080371294055,1.3644569609099761
0.05982695209950643,0.6205117830654872,1.3415779422721699
0.05153753252688583,-1.7032826729472617,1.4213481249567674
0.05220729494731248,-1.645201758136344,1.3575233693213822
0.059185071210873394,0.36777017321844757,1.3357457590424058
0.056017297403385374,-0.6129556033816276,1.390331580841489
0.05873057836951047,0.2747672720568465,1.3339800541717428
0.05666611330268656,-0.34794677611940794,1.4009424487375286
0.05831412648305018,-0.012822615779453034,1.2795815413214724
0.05898511121665405,0.2758696653180068,1.4280426237058435
0.05887216270707718,0.21015538307757717,1.3792254244344249
0.06115911843168336,0.8303081479580652,1.3971242765928074
0.05218326675247789,-1.7603425901630296,1.3983897327985693
0.05928359245066333,0.38825225723480744,1.384171863340715
0.05875080042937883,0.24565191975182113,1.3821873357174768
0.05672302201087876,-0.27490492332122696,1.3539898549673806
0.05972677237975701,0.6029378400630724,1.337730711876218
0.05780186689200933,0.04504309597346888,1.4316522056204628
0.05733613631388268,-0.04587212266052293,1.373729899996862
0.05678317800857911,-0.2956295725994873,1.374552898600355
0.0534824402281078,-1.2953744306354658,1.3525314095454257
0.06527395472814077,2.0898506875967637,1.3624797433550566
0.0658179350230897,2.23364837512103,1.3712276464443347
0.058951239849756906,0.1935476692316668,1.404276261994211
0.0572964677442441,-0.14861669672920097,1.348779796623779
0.05297044397147387,-1.3393209162730646,1.4458042552436534
0.05557597938231043,-0.8468490642605467,1.357428268861532
0.05209589606003187,-1.831625135709782,1.382608366748853
0.0595838543272129,0.5255153892703999,1.349112601289349
0.05962177739169998,0.5309783306908498,1.3115579479021962
0.06090354205484595,0.8130293006643097,1.432898794840202
0.06242160291718846,1.2834971488575062,1.391709016724953
0.05520236039344282,-0.9189028452475086,1.3638346815685216
0.055549113102863264,-0.7020519626636956,1.4131321329759041
0.05583174160645216,-0.7404996261285488,1.2601070931456024
0.055244944397387905,-0.654783049118155,1.3036070119410976
0.05618125656785909,-0.47568026787131973,1.4614866154691186
0.0616049583595832,0.9564290582128251,1.3947717996735363
0.06239255520649907,1.2128921300721136,1.4180967888184746
0.05769848440988314,0.011122019417282187,1.3253049935517431
0.0552961362606203,-0.6910040967768841,1.379691202984179
0.059858601808951986,0.513592853265169,1.3591057459175788
0.05381343268060128,-1.2095451870466238,1.3594727080978601
0.06244530291037632,1.3663144491801174,1.29066767205938
0.06625634500046879,2.3396678507967037,1.3399100757100366
0.057649892061147824,-0.06081697937166121,1.317211118866885
0.053090294785591824,-1.5523756827057473,1.33525301812981
0.05765036499893931,-0.09567996704345103,1.3435177299125256
0.05623341827652747,-0.4048241420136704,1.3565416822044007
0.05261012881660727,-1.7834125687200189,1.3881657691645084
0.05436144646600041,-0.9601665168107387,1.4565404193294302
0.06013860849982236,0.6911993731146509,1.2992920676092599
0.06008596306513647,0.6561280437293253,1.3558862198794475
0.055433521770855115,-0.7208083094052926,1.3943625549430172
0.057314408349777614,-0.13136428797342564,1.3678008025965231
0.05617800616454694,-0.44071317640659946,1.3268643314924873
0.05666688280174868,-0.32795505000102987,1.3794798307211007
0.05802925726964957,0.0832408249418399,1.3599401042494739
0.057472580588455384,-0.04243989289505763,1.3105917819296584
0.05901469731471821,0.35194490031528947,1.3148089738399626
0.05561662229806089,-0.6887324113804498,1.3734296266829715
0.06545355898807254,1.9661759616290568,1.384626202952084
0.058306622132192745,0.24532050253640997,1.3561076949818995
0.05823064270395298,0.11555718646858675,1.3637211412271528
0.05478979609402634,-0.8812900135441218,1.4415450725815138
0.06085462094007913,0.8512475848229855,1.3315366326040068
0.05973337395001832,0.5319036951114072,1.3943584744849837
0.055951455090686546,-0.7525564395095095,1.4812238324286264
0.06085712803762128,0.8874776410695567,1.281131798121013
0.05369763172738707,-1.2742813224819063,1.3131271020231814
0.05839740918171327,0.16749737815542698,1.3582261191933487
0.060597234298967344,0.8528598419001504,1.353539249604478
0.06532576175325447,2.0362820836996893,1.3698889352869792
0.052647898970210244,-1.3598005905964392,1.4144290436293152
0.05370929055607734,-1.1715575021071154,1.4126076554754232
0.05829453544424356,-0.0037912537436639664,1.3984787594605594
0.05269218733387112,-1.6395898181940503,1.5140564014799756
0.05642531021879814,-0.3815836028404501,1.3324956052805517
0.05634697760247346,-0.3720259918044378,1.344187537678617
0.05698117532865407,-0.14884432968402492,1.352750049455774
0.05721544285825095,-0.187222316849264,1.387972090762586
0.05868340754534266,0.17391511088834252,1.3784784650072042
0.057444822118809705,-0.05906697687255732,1.3431175549204966
0.05790201885372718,-0.13749956451831055,1.3737486030139274
0.057905307067281114,-0.003953339069974759,1.4335104026184864
0.05591350034693617,-0.6130725587571071,1.423051388527935
0.05440587633848477,-1.1362142192856393,1.3864532015947046
0.058928433129913575,0.27496876855592217,1.3312847747029897
0.05741853489372245,-0.09961435815352326,1.4230211170453595
0.05784313750222988,-0.0035112444537800398,1.3938577653733564
0.054491419450252286,-0.9909060572843538,1.3247742859465812
0.051180253547452016,-2.0409100535237696,1.3207377920511756
0.06137826787000337,1.0112271460219802,1.3877506523169765
0.05715962470056332,-0.16694231869972356,1.3170780673306084
0.055923685869556185,-0.5471259537470569,1.3410784434259748
0.0546847935869524,-0.9402337969683813,1.3254244881778607
0.05778136756810685,-0.023093977071289098,1.3645484081154762
0.056188667410516493,-0.5623838403240417,1.4050998174387264
0.05564921610404727,-0.5493827966838231,1.375288477160718
0.05736916565369249,-0.12543894504641825,1.362123587756137
0.056916437796256034,-0.22523367750797463,1.3045384138634117
0.05894123160068892,0.3324197613173887,1.3121434314458578
0.05551480355512876,-0.7315917994603165,1.4471012687479565
0.05896643250525978,0.34686486599855426,1.3610994128311966
0.05281430182251452,-1.3880170136849443,1.3607693304794681
0.05856605107202893,0.189566676604756,1.3558194697807977
0.05715352411923648,-0.18842842945789334,1.3665031743909246
0.057099751189819005,-0.22532778512706228,1.3899973141438213
0.05398056985400982,-1.1240103818752014,1.3516145258870405
0.05812397727471238,0.05953697480976378,1.3827610159796513
0.05714571612212234,-0.24396736305224706,1.3584486930899906
0.057472119594548635,-0.09581734631164476,1.324678420168479
0.05664769806688228,-0.5076912069385338,1.3223632020863643
0.05399729655624988,-1.082533894167405,1.3278450259805104
0.051481540558758955,-1.8231047213479865,1.3321459687889365
0.059471618220897575,0.5306005365103744,1.337735104938654
0.06599321004263477,2.2315403626387145,1.3228000335503676
0.05618301460499388,-0.5315798056441974,1.2984799487253853
0.05953128173342706,0.40602710018434685,1.4270992045022168
0.06083801910774935,0.7462813378189802,1.4176937865605634
0.05944156826307309,0.47546914953602465,1.3087146113632324
0.05860103404268539,0.22693491489373407,1.3917708078086368
0.05839575315850652,0.2033379841557977,1.424145328980731
0.06076253040741635,0.9059951125157574,1.3311319454866712
0.05816525974969891,0.011703893685933298,1.3935746995786622
0.05463734314343475,-0.8050944149314536,1.3698002155762892
0.05609367245647361,-0.46343534573384515,1.4071240687915207
0.059172612292174354,0.3865952791967822,1.2781926712716374
0.05769454258337192,0.012137115600733732,1.355575306818878
0.059100991150862286,0.2936290443721383,1.2601324946769148
0.0552743366168896,-0.762642651537144,1.4107666812932806
0.0533135561279123,-1.416677068612567,1.4577714056435993
0.06537586277075993,2.000422418739433,1.353985762987904
0.06391424443479406,1.693875068088245,1.33583252445615
0.06273302000773467,1.37186570191886,1.348160216212448
0.05569288750445279,-0.6514680271893806,1.4081556085694176
0.05907449178237022,0.35034742101067284,1.446392712283003
0.06012065141252456,0.6042149762992651,1.3983242655350991
0.06243245933204416,1.2831813748352248,1.3471380924638023
0.05754433849049839,-0.07854893238277123,1.3265407085843297
0.058369145592180344,0.19266866806408603,1.3705718706028198
0.06027964228222997,0.7066653319141705,1.328053880469588
0.06036676465830855,0.7454026916811298,1.3225024338177567
0.056974239343790374,-0.4506994000855102,1.4021711906131253
0.06059449700293469,0.8613926959494017,1.3238185132649436
0.05728015950966327,-0.11423693942174691,1.292243632966043
0.05702128116541016,-0.3287724766969952,1.3322652364624668
0.061393607201040395,0.9383448406029469,1.3645390409196894
0.05914370940063189,0.36738630407247086,1.3617694845552983
0.054405979584935656,-1.0841347720674324,1.3635620483034523
0.06064051818496629,0.8350267901596731,1.317512590082139
0.062448046646933215,1.2470025786729757,1.3334320854965607
0.059270689861661015,0.4948058470594954,1.3199225257524625
0.054577335741883885,-0.8549921439692321,1.3437556352526119
0.05997324843828342,0.5496996753784931,1.3412332892658867
0.05871838348866474,0.16946773733471215,1.362420674863121
0.05756985098113266,-0.22236511664903652,1.387590119982642
0.05903231796604634,0.3351445208135416,1.4104865550306926
0.05577215726124715,-0.6013667922889783,1.3446702228320593
0.05833139133674036,0.012530860932472,1.3707753224888657
0.052973700189133666,-1.5659525470583726,1.4602492732393124
0.054752530619962464,-0.9592910011400712,1.3511273277173002
0.05652193996297922,-0.3294991786202808,1.316928265466944
0.06612176195973674,2.3218359579715147,1.3675181921429977
0.05452566191270893,-1.1022809518861099,1.3116674385150833
0.05855865496640424,0.09002847366486176,1.3791645406110928
0.05871096280884801,0.2085785447867457,1.4152494367886947
0.055560571064060794,-0.691892231538983,1.3986432167515697
0.05402486413565714,-1.0648211967498802,1.3067955795217454
0.06058342705409503,0.741142446293721,1.411102721218156
0.05365054926162774,-1.4113103502860036,1.297087408575863
0.05877861416172924,0.19030356350607044,1.385540263808512
0.06113496656437843,0.7642480318801691,1.3698622240321576
0.056401851909895974,-0.3153546375122717,1.3482461450608862
0.062119267324397216,1.0525569655409903,1.4752416327765474
0.06151008252300019,1.1206731819030387,1.2848800809028023
0.058735879671784244,0.11030536624440465,1.365691683873544
0.05811401452629605,-0.11700111632082345,1.2360653943440523
0.06396705351699968,1.782909440582897,1.3163094885874973
0.056653967344636284,-0.36556588918930266,1.3680474361883428
0.05587724691431652,-0.6844590099091552,1.4180588436139732
0.06390393694361474,1.6584647369096706,1.3148928601813332
0.06140850875462835,0.9611537216269724,1.4032459862038131
0.05758379952308705,-0.06026364342347259,1.3047032779453545
0.05784537990743952,0.06357986921903089,1.3623807453424785
0.05500683567523865,-0.7581039892200686,1.3346885418411834
0.06155549449213944,1.1031538609158178,1.3104966335376247
0.052902999048366844,-1.3538292296613044,1.4447073452088628
0.059424244092775275,0.42249497554583454,1.2967525122335133
0.06197132443417055,1.1768727912075632,1.4207970283430615
0.056938835032787245,-0.34997636486190653,1.4254666327676284
0.056059673155964114,-0.5312566549713688,1.3164964457092387
0.054482704570642186,-0.9937434545883832,1.4272010371283412
0.06469976574592445,1.891107145508237,1.330595876991608
0.05866864480081546,0.28109932869305687,1.3620148218680976
0.06090774863288436,0.7234823121647757,1.3076936999755364
0.05985131876419281,0.6010986410641288,1.3466108668755001
0.058514124719716364,0.22499906844684495,1.311806706543015
0.05511834685063955,-0.775515059480843,1.3577562816941209
0.058892265954047236,0.2464788425664629,1.381100809565148
0.06445712914620791,1.765619486292534,1.3880875153759569
0.06250745882477432,1.2475163632385786,1.3360349017628361
0.05650883623517327,-0.4387892356426125,1.391672628747213
0.06580461010519047,2.1785460683794735,1.3599177630324064
0.06283032810399684,1.439640848828028,1.34129698896491
0.060632261847019656,0.8799267714229376,1.3404960668619095
0.061549061395572195,1.1215572359439892,1.3308604559467767
0.0655532086848169,2.2650924379348556,1.2768041933001766
0.05624383542316356,-0.4361494359588808,1.2975379460678154
0.058640154201366666,0.27907209094012353,1.2911184794536463
0.059804108765189413,0.601281968212833,1.3728531569326192
0.05739256319566101,-0.2630730741447957,1.3736430758769296
0.05885410051712842,0.31700544562506633,1.3564011883008231
0.05265511189476011,-1.3648640294049084,1.3110203566764893
0.05915654730943646,0.4209631950478482,1.316456609345757
0.05607277367595334,-0.5260287019581226,1.3410813534115167
0.06159071880730421,1.0490987982291122,1.3145941568308668
0.05544930749739347,-0.6858536924655284,1.4115144590566535
0.05646245341517575,-0.5078520742610638,1.3574064352189217
0.057004349161718676,-0.24085845885675267,1.3112737080571957
0.05657690322319235,-0.49369903538912285,1.2713444303342563
0.05660604498494546,-0.4933142559721363,1.4179126452553457
0.06149843068138073,1.0616608997222978,1.2920845098821778
0.060271007125896815,0.8156858909479098,1.2969032273399477
0.06171907470944342,1.1314575392522164,1.241503279736893
0.057720356676249376,-0.02424299033949292,1.332789352547191
0.0626261408127354,1.443311701997141,1.335342337192483
0.05741950568945829,-0.1740850358031279,1.3704607649660034
0.05431944035864416,-1.1950958407612053,1.5200143451694552
0.06145381045275684,1.1053549108934235,1.3501576094006187
0.05701246155961477,-0.3473379733231796,1.2615024000462045
0.0558002627000296,-0.564019749694471,1.3184702757318714
0.05587854202531459,-0.6300850921861704,1.4090776316443185
0.053177146264935984,-1.475430489232645,1.3038194421618619
0.05365510074207838,-1.275242920352813,1.3956028990731038
0.057551164438181056,-0.06017644573311503,1.3242404453787806
0.05768681711751693,-0.13526884834837358,1.3271609200081753
0.05377273024152828,-1.2988038372590374,1.299469496674615
0.0586639187563077,0.049520781547867244,1.4050296813049925
0.06194491271783402,1.1929058336264178,1.3144110277555412
0.05372307557344883,-1.1556685390029295,1.3879733018881961
0.06309009461018503,1.4248932585987597,1.356416975674155
0.05454082342952962,-1.1175151165434214,1.4324547258988805
0.059452169834945855,0.49357555118683644,1.3149200488484525
0.055786726841137474,-0.6152392567686475,1.3179922344330919
0.05614157427195761,-0.5764694230726929,1.364378151300703
0.052961078362527045,-1.3934201372545734,1.3376425232436673
0.06035845265851612,0.6352467508681573,1.3453163587884496
0.05383087048733995,-1.3171615403722692,1.4040853888112654
0.0527101434799898,-1.524296843037487,1.3540130004873439
0.05487067572504943,-0.8380139685185481,1.3203584873561818
0.06382444215992744,1.7314736224189307,1.4050065937348222
0.05919968607443497,0.4047007060277784,1.2780329096886585
0.05950384199341241,0.5669952354487757,1.347938715617165
0.05954947373470932,0.3821830450755712,1.3427649800712471
0.059295394679973266,0.44090677449922266,1.3221726414162527
0.05490670127122577,-0.8700919067440777,1.3467385691853855
0.056682826926045156,-0.38731616816489317,1.4251291012958833
0.0479121906945226,0.00940846149265626,-2.106890622654374
0.061905637855737335,1.0535574318197176,1.4124467678040973
0.060469095515342144,0.6928672506636214,1.400752836142248
0.057712773131855744,-0.04116823020040308,1.3448821504395523
0.058026273641269444,0.012163482970199875,1.3458629062006084
0.060046037976194414,0.7087873883211508,1.3383818687951485
0.060529122729983335,0.6916546181577884,1.3356887284953785
0.05269275189528708,-1.5503365595563654,1.423814668353931
0.05188756644571945,-1.6423716916506768,1.3488115378816876
0.0595506140434698,0.45848749746247325,1.4315491545166834
0.05700781602144414,-0.13784539981688504,1.3392459011233522
0.05737539192161744,-0.09473310244807975,1.3732620931351935
0.06538008805678844,2.2841797944282596,1.3037809430588463
0.05686498776736545,-0.4163809432006649,1.3617374750204367
0.05684334256760129,-0.27527567554476035,1.3377273640158922
0.05761925501776241,-0.06012679592755457,1.3587875179194684
0.0584176983396344,0.11361206787735906,1.2728546911644605
0.05879853719379183,0.24278329246979422,1.3688847221676677
0.05612415695370407,-0.47339780388555636,1.2960740944465345
0.06208031956247826,1.119761846860662,1.442360002514007
0.059004399160209296,0.36886332708329445,1.2848044095279856
0.05720481223396668,-0.23554731351287694,1.447316067891526
0.056228645692678825,-0.3349620294488626,1.3777797702142165
0.06211414182216659,1.1924638227183342,1.3285721252298341
0.05794422510219956,0.08318783248260084,1.3487443191562114
0.05814983378070899,0.06439550706919822,1.3182738417909876
0.06130758985126964,1.048549361422981,1.2745696394820047
0.06222158386213251,1.246600361384977,1.3396477603512518
0.05945656421823139,0.4591855835079041,1.3352493125802982
0.05604386578466187,-0.5643985733299093,1.3843304267091243
0.05907738434446237,0.3876779519713655,1.3239138662360754
0.05458740861763162,-1.0674890524229064,1.276457790771109
0.060420256284322515,0.7837423214940954,1.3515072390951866
0.05869178945949027,0.11692276920123577,1.450829523392436
0.055328491466358994,-0.82891667672221,1.3831133982982957
0.057019762117994324,-0.32973820064486453,1.4816000830248521
0.059960452848931874,0.6374696626369086,1.277161143184176
0.052166941912874916,-1.7457127170904787,1.4522865670737235
0.05231437768298664,-1.5837448801857203,1.3770211757710313
0.05103973946093299,-2.0312050960592276,1.4009200905953
0.056574468003676034,-0.4035173103407484,1.3251479499925736
0.05632540640590472,-0.508655997961595,1.4439505948555216
0.052374286537136654,-1.8312057416831256,1.3734217627158316
0.06266535586800175,1.2076306092778921,1.385285048887989
0.058214052430563094,-0.04664857599493706,1.3145953460308077
0.05722932284232526,-0.06541791129434807,1.3331168744703492
0.0596983773647245,0.45919142929844614,1.405074531648152
0.06335172889654547,1.5330085247212473,1.3299822652919275
0.06547168763040033,2.2835184897742176,1.2693045027065428
0.05741072383305109,-0.05986336970340094,1.3513132657646567
0.051320718047013436,-2.0510978755112754,1.302849663333408
0.06196619264849789,1.1390009045114444,1.3357443113767575
0.060350191246367035,0.7611079428601202,1.2976572578774475
0.06214098061467818,1.211717027379633,1.3739161025389586
0.06036605633283172,0.6928490543669067,1.407474148686535
0.047980178276197015,0.011358305458298218,-2.1010887728160426
0.06265860514797124,1.336791999453983,1.3722618323804776
0.06382863045321162,1.6362314212797766,1.3452327643339377
0.05689747987319693,-0.20621291020125906,1.3178292968182266
0.056940104420105574,-0.2401517356474254,1.3631532930866623
0.053229646012888744,-1.6066827867735616,1.3728273886544107
0.057079643481549085,-0.22122644748293496,1.4526685787565545
0.053541405938575995,-1.176366215681771,1.4595821219650633
0.060228371315538105,0.7278509316663393,1.335037118321075
0.05807756223034761,0.10947690194741001,1.3124346495303139
0.06178043223011264,1.0106775353279362,1.3957271064465209
0.05074517596392112,-2.1088310293259522,1.3159656443081493
0.05651154450333525,-0.42233970661386827,1.4198265755546586
0.05446816830344652,-0.9430268062213193,1.4079146881976807
0.06543099673012899,2.1426523941028144,1.3715891558858544
0.06090089785293645,0.7940007063222241,1.388865848833621
0.06327426345001051,1.5898986411408775,1.3834637173000623
0.05568686623881086,-0.7119212474555465,1.2875914731360871
0.05221542097399365,-1.728756214708836,1.3880169682659085
0.053710132058668425,-1.1324913550822613,1.3565128452537685
0.05385540226927718,-1.0836602187024527,1.3239076140646957
0.058192862790375596,0.13685230964702744,1.303011218569023
0.06530277863382836,2.160814433932493,1.3125356333021434
0.05858579527476324,0.1158986995880622,1.39551451949388
0.06017615455797575,0.7649421220746947,1.3365370466637136
0.06122785500074473,0.9965162151001137,1.3720153356360378
0.058806156280477334,0.30022332600163526,1.4186200287212511
0.054563165764705,-1.117165957898052,1.356176244429266
0.06344716278884428,1.5871836789272704,1.3616906152747899
0.06330259510503439,1.4455470232088854,1.387908785459828
0.05730666276612801,-0.08463474547971253,1.3799303831427245
0.0591702146937308,0.44000438978611073,1.3009626093784394
0.0579184942735718,0.06408193219819407,1.2904843837040587
0.057949045085914364,0.008769104040496953,1.4699469142356298
0.05509013524491378,-0.888423246116743,1.3126210337232096
0.06076915832037363,0.7808811328635922,1.3101532283104087
0.059430821920875995,0.4331931066426406,1.362384925856945
0.056552486120927635,-0.2842485274347988,1.4489491033575939
0.06398437992630301,1.7113569959090067,1.2998930488257572
0.05937566900347389,0.4930788656166089,1.3596688622517061
0.054329705111912006,-0.9988734268414596,1.4966952852077762
0.05561463622632578,-0.9533505096194601,1.3812774726378803
0.06382259998715198,1.7121517276491165,1.3474670204750105
0.0595027450704191,0.4245117456527793,1.3916759352084553
0.058861383736504465,0.24551729385880386,1.3908295546726492
0.05571085640439838,-0.6555036058683104,1.3358736880349618
0.0657418793102152,2.2580298649406245,1.1784778094219694
0.054271619701463956,-1.1583418300052406,1.358674633727547
0.0619877215676303,1.1420280054337835,1.3978318156388119
0.06282631330186536,1.5158248039840947,1.3297893505954046
0.05659840070400686,-0.43814799615946476,1.342276059414801
0.05723049059385448,-0.013711095137995401,1.3882958400426757
0.059944859361794875,0.49133846949262777,1.430567205026431
0.062040622215464,1.1575189054313153,1.3380206288403536
0.05863288234787928,0.26106704003284004,1.2937300961171365
0.06488092385511014,1.9828020994375015,1.3838550729259367
0.0609148287317911,0.8428174476502039,1.4097247419519174
0.05645292690926417,-0.39962358797676323,1.3536112879798186
0.05897409725239057,0.35116839536591765,1.3212289526573082
0.05759078739573654,0.012082244456377242,1.3591923744171444
0.060022612628602305,0.6172974865899912,1.3459904376234098
0.05289898269169279,-1.7138776986096813,1.3702878712789106
0.05640082874108346,-0.43597402887885855,1.4089015887780434
0.054687925081784224,-0.964303338321593,1.4160911858405112
0.057879010895459646,-0.04546233081969528,1.3818321401572846
0.05821600147068174,0.08275803779185233,1.3285032499398763
0.05995790424844933,0.4550294108667719,1.386402367395392
0.054018639581829356,-0.9684043370669329,1.3576609136317632
0.05592030913080851,-0.5062007473006156,1.3801661450560698
0.05911262127410272,0.3697751687524461,1.320896716383022
0.052492515433937216,-1.769085936554105,1.3852817597935725
0.05307665883231707,-1.3069281159197292,1.3724166566155602
0.058338668931848046,0.024860172961741582,1.3699199906604718
0.05833477544932299,0.09870933780357743,1.4120115959444128
0.052857687473746015,-1.397924189555968,1.4040784300885787
0.06043875164857406,0.7997604687927868,1.3336204516775643
0.18090143125106167,0.9952062323334051,-1.1991325283737189
0.1788137511475006,0.42123925066443807,-1.268508904584838
0.17343361596148146,-1.2247898377229143,-1.1432293121343076
0.17222831104905476,-1.4453904003720712,-1.2284398550189495
0.17501134359276088,-0.962731090199729,-1.240239669265508
0.1722830647265087,-1.5019861126239296,-1.2126881992155347
0.1772967237866617,0.027221744035585756,-1.2829261398828176
0.17825516697728622,0.18654473360028623,-1.1704407272129422
0.1782329738876375,0.2782562582186773,-1.2697424835955078
0.1804079264463699,0.9410694790935711,-1.2468728363045747
0.17577381421901161,-0.4591236441027794,-1.2093875925482354
0.17718815452412154,-0.18803522822438953,-1.3292578921569658
0.17746495952863137,-0.07138322997422471,-1.382949644545094
0.1796962673609126,0.8024457695669409,-1.211164200291153
0.17996702312267218,0.7219754701798927,-1.2315663897131321
0.176426782322029,-0.26007512082194034,-1.28542801922269
0.18182645103062486,1.2468020202474441,-1.263859340017948
0.17445169739361147,-0.9073705303121244,-1.2520393877851814
0.17415173102467832,-1.13510919995431,-1.2890678316447242
0.17829596650876373,0.2415852539522607,-1.2907315497929057
0.17577970381636196,-0.4929849649259305,-1.1751862533823023
0.17858122813405222,0.38513666022968407,-1.2750725400434892
0.17051956479724215,-2.0301613679287303,-1.1669825006650385
0.17668445042345896,-0.22339706593548006,-1.2631340479227646
0.17074719452901327,-1.964080542754289,-1.2214081636877305
0.1771907131728637,-0.12043877557773111,-1.239953518881807
0.1800634114364038,0.7785746762199064,-1.300084058182235
0.17808005614339664,0.185580278367516,-1.2951706144945794
0.17700821160260763,-0.08059324958859687,-1.2656763691455106
0.1772634638182056,-0.062049787752066474,-1.228276373227411
0.17661708631411527,-0.1882937139857382,-1.3076586239857064
0.17580758257696064,-0.659888661164219,-1.2631181325767626
0.17998636894573072,0.7250916844871171,-1.2953040330631072
0.1735947397445965,-1.2663462089415336,-1.2427026827764336
0.1784164026959654,0.3147417616126525,-1.235215343984917
0.17886199101838876,0.4203145374973938,-1.274957019428932
0.17192158358752438,-1.5192959136221007,-1.2398638888299114
0.17952157106040073,0.6354801896086469,-1.2984283715269986
0.1780637980668845,0.20200394931017082,-1.2606822255332808
0.1844738368494093,2.08494322418737,-1.3152592836251173
0.17694448589157621,-0.26347588745561035,-1.2882148470160193
0.17344763713191563,-1.0898186970343535,-1.1313050004216227
0.17865781879531364,0.2426001341080409,-1.238766192906787
0.1702584819540521,-2.116411172114884,-1.3262399006792651
0.17605750326933955,-0.34845825176588874,-1.2698484528939522
0.17880336784511372,0.270451080701112,-1.176773441157855
0.17513876545508517,-0.7048143277111931,-1.1921273481759673
0.17575237695347307,-0.47428309351078,-1.1956640915200505
0.1790220466917177,0.36934057844589563,-1.2009658042831834
0.1761548913567474,-0.5281253254851471,-1.3259267717198773
0.17883617549630645,0.4870188731755589,-1.2992626494212862
0.18191501732222315,1.3334745410162687,-1.327673663689352
0.17911222296648613,0.5097536515792037,-1.2889309231001616
0.17631687304188517,-0.2960876917537705,-1.3043866144341618
0.18237493859313328,1.3707428847221073,-1.2184055345846034
0.17858903647177155,0.38461981140560564,-1.293172375906814
0.17316782401815964,-1.4650738386467617,-1.2654726672216416
0.17285164319619006,-1.4974545940498927,-1.1611924879557667
0.17575918350384043,-0.4157592318265311,-1.153670749303567
0.18268611085940845,1.6376764180880448,-1.302243070231401
0.1801301721223476,0.7250782247382814,-1.2130690573846907
0.1795822203053135,0.6339886416352452,-1.3275026528495117
0.1791758107223134,0.4860509260489534,-1.090639588643758
0.17279361128801468,-1.4579849210268039,-1.2225576386918773
0.1744698604793569,-0.9437186563370683,-1.3118338900082056
0.1764326249416758,-0.3726660984475426,-1.3003876735747135
0.178760764419378,0.4036974231517014,-1.2833637695617217
0.1756806633860031,-0.5269715481237822,-1.2677368921970154
0.18136729959834197,1.2053860683916178,-1.3305833681909986
0.17668695401936732,-0.24607227733383144,-1.1474399952920862
0.1776392237481829,0.08103041427038687,-1.262167533513803
0.18158769141463213,1.2249112491178524,-1.323310610278849
0.17305662813806888,-1.254433793530018,-1.2509254247194974
0.17281095064138174,-1.3366267588073784,-1.2277229407942654
0.17682078332315532,-0.18877237744615705,-1.2818203536724895
0.17316122050782265,-1.3240807875633172,-1.1583859940900654
0.18348881609500026,1.6853000026645637,-1.3242190152845545
0.17896162551116646,0.474669747510482,-1.2777637925683596
0.1782303979684286,0.27851600582311836,-1.2356465606347269
0.17523278732833814,-0.7641824203266598,-1.1997438955292985
0.17656562045526045,-0.20601293249140532,-1.2235445347188534
0.17676307912949565,-0.33270869723810587,-1.2000539941025041
0.17102001147867393,-1.697526591377066,-1.1685783203227282
0.17990219180130543,0.6171660766121118,-1.2448400142302634
0.18257060266094516,1.475232600744072,-1.3387410685155663
0.17150904380031162,-1.830216902273647,-1.1837460878233093
0.1770040337969574,-0.15293139733042233,-1.279464009490342
0.17441793767272876,-0.8540723625867426,-1.232983503346371
0.1754564252220007,-0.5288711496015661,-1.2928715893673164
0.17502461249169304,-0.7458219626993645,-1.304721640739465
0.17669171305623285,-0.18537690893764458,-1.19101251285126
0.17595081128815476,-0.43703551924534656,-1.1914722838070306
0.17620946294573775,-0.3887582274980685,-1.2039428031366837
0.17931227120038323,0.5457614905430213,-1.3144260165909893
0.17885584007312452,0.3314548542799909,-1.2555779465259636
0.17753870919018166,-0.09691332345032523,-1.2317856060178156
0.1757405534842103,-0.3764520820383942,-1.206668590787315
0.18405823344051414,1.6952174918958163,-1.169527089927079
0.18190933247845123,1.2773831017859079,-1.2668270158439805
0.17545938215823956,-0.6400604073458397,-1.2587191180674349
0.17957366712386466,0.6530919978966147,-1.2107556197458351
0.17700356872988127,-0.06164557360967589,-1.2720864128655478
0.18170141689651628,1.1907498476292888,-1.2956054148046574
0.17732074508383436,-0.11732598007355413,-1.1434852512304285
0.17922583027020783,0.5281764142126248,-1.2646173512933152
0.18372611615327492,1.795078643050728,-1.2753897759425843
0.17942672499395768,0.527191490313017,-1.2792731991945223
0.17563352540932065,-0.55111834660378,-1.255596612440911
0.17971811074975264,0.670289187952036,-1.2623391288861419
0.17994333087082148,0.6146775544121712,-1.2555186494434198
0.17716365784487956,0.021226934754284173,-1.204666514280198
0.17676818494170352,-0.27442279942702874,-1.2183501524470193
0.18211946978144009,1.2473052786958851,-1.1546277128739169
0.17650818079562813,-0.3707624551872061,-1.1971717296289055
0.1781440198196636,0.10083887485851604,-1.2139438378620615
0.17116583861593399,-1.7758699071229933,-1.1572045298038236
0.177349706126377,0.061915085853434214,-1.316065134594692
0.1760090267239751,-0.35416931103958904,-1.2324064470009586
0.1804242399031773,0.7948544667441744,-1.280020694237472
0.17505359877260782,-0.5693609928544472,-1.26332857699063
0.18124181030583228,1.0324994941641794,-1.2055587373206136
0.17989791312131434,0.7424696820624658,-1.3210136976701736
0.17839431123914315,0.18923391085285074,-1.2158704568791796
0.17962015918653143,0.6544756494859594,-1.2541326463923197
0.1802644716735289,0.7800112243623398,-1.2581601250157104
0.17547759295156395,-0.7334179925542084,-1.2228123762596668
0.17454476193387491,-1.0388207120094946,-1.2783129496207022
0.17648099255836885,-0.2124580600412304,-1.2832963669886353
0.17611983106571574,-0.4907060806677677,-1.1974231600269105
0.1779722960657168,0.24245602674361177,-1.2818585000486924
0.1764014302386801,-0.24002861238730688,-1.2076289812618057
0.17946330927716392,0.5991212026240514,-1.2946828548089055
0.1780657547031421,0.2060727596391028,-1.2649722667299117
0.17617349014985648,-0.33077605280619576,-1.2263325444892765
0.1727938047893762,-1.168781170679401,-1.2528164106138746
0.1777492266232579,0.08191282240418174,-1.201014115778081
0.17771145995826088,0.13370969495746812,-1.3030423381652896
0.1743865388853686,-0.9581831647214812,-1.2772640208331272
0.17194215989258282,-1.4867833598162523,-1.1743694697425078
0.17416427835058787,-1.1543405784531904,-1.2477639330488906
0.17150365926725183,-1.8029276528115132,-1.3290797794854161
0.17690912651856558,-0.32240350550574404,-1.3193888575007755
0.1755672156899343,-0.5504341799113757,-1.2681416049768417
0.17927706778714797,0.5288909549310163,-1.2676852870500888
0.17256092679984691,-1.3530583741700737,-1.2797982774361945
0.17362818649533082,-1.1425524794610267,-1.2577624843599187
0.1827748861073228,1.5161171683354076,-1.2011420598801414
0.17178192670143022,-1.44648895303063,-1.1893937482971075
0.17797782030434003,0.05128161300791982,-1.252388212018742
0.17803322345042719,0.06033884191889469,-1.3196818436275481
0.173085766011627,-1.2106722243637478,-1.2310190952045512
0.17895438857783144,0.4563260852546167,-1.2080594235422704
0.17763664366457188,0.013141899598793394,-1.1599921639078334
0.1813183597869575,1.065547689340461,-1.2549019884828105
0.18165278147303154,1.120136691203759,-1.2612185186106109
0.1784687099194091,0.16158244970799637,-1.1483710203838284
0.17770140031739448,0.1159507056579723,-1.2490362705591338
0.17384712363775381,-1.0529267230767831,-1.2115228068901096
0.17628324180290442,-0.33041736702468955,-1.2418866036219198
0.1777316323612898,0.09878376459536146,-1.253258923790376
0.1768287157257846,-0.08253614525830033,-1.3127097797875424
0.17497368580678682,-0.739670730025311,-1.194111865649134
0.17341479009342117,-1.2151305146330773,-1.123215098786538
0.17743906988738,0.06048635578272358,-1.2491789746898978
0.1729271077663202,-1.3223309403380734,-1.1476305784290073
0.1790838319094114,0.5101218309486544,-1.3114599179074686
0.17616954004135119,-0.5781659727393859,-1.1753950612221422
0.1754032454274959,-0.5836247314696649,-1.1740019522874798
0.17776101336703984,0.09970955694210243,-1.250655906864594
0.18061188903297112,0.9393355516179199,-1.3271755340979996
0.18177815129957384,1.2896893508625271,-1.278240683948443
0.17745907612479545,0.00583556293348093,-1.1731884158860522
0.1752576858266991,-0.6869938791969059,-1.2011764025799834
0.17124623535837089,-1.970665100630358,-1.233950634326706
0.18230163465855112,1.3718192727333407,-1.2053325981535774
0.18435434167169643,1.9422397376664127,-1.2986383528507182
0.1744599319498758,-0.9743519814445691,-1.2068035934999806
0.18157074749179516,1.1377409956311042,-1.2271506480098813
0.1798421623073146,0.7084558075860409,-1.2433687365363204
0.18274429811781345,1.6024558866702152,-1.3022153077825938
0.1761010701218325,-0.33008796946083485,-1.260595217369187
0.1774094857033072,-0.11237828264423197,-1.1825489967062144
0.18099150242874656,1.1161602219635267,-1.2602350321825098
0.17874914846417636,0.40008145106500403,-1.2404826642222517
0.17776620362274584,0.11788338715613605,-1.2380924702163483
0.17477701398205595,-0.905469601908071,-1.2079950410007512
0.17497004188614784,-0.6934625338734627,-1.2067643640987775
0.18067850881151612,0.8834993645156158,-1.2121056169003934
0.17748092849275435,-0.006038349258560843,-1.1355705742067332
0.17784757905696888,0.0998684623042309,-1.2275982084282226
0.17611370363375606,-0.6023717506772676,-1.2117178479834532
0.17415308859077563,-0.985402504081701,-1.281818305264228
0.1733435626618509,-1.4844235870455227,-1.2182221635600894
0.1801384866447815,0.8326146663637236,-1.30508471286838
0.17734819786011308,0.009899857834965371,-1.2246587564857367
0.18269923462896598,1.3382059606769912,-1.1860320574782974
0.17626755552871526,-0.48145641356775515,-1.2002024867672396
0.1747360033815928,-0.8017708365918559,-1.241239739008741
0.17931755080794728,0.47191087618617367,-1.1316632011076566
0.18003737189065147,0.6906392424525329,-1.2155027782023975
0.1800032838103815,0.8333173786657193,-1.2437607945751255
0.17238052515007304,-1.6898425847194727,-1.2201895801190168
0.1852301934892505,2.123214627219687,-1.2995202442068379
0.17744342637241278,0.058222287800295106,-1.2519078831940977
0.17941422423740552,0.4422076882317318,-1.166603588023185
0.18450466542343755,1.9971793166474994,-1.2510621496295404
0.17485553781370944,-0.7456897744502324,-1.2502844875249677
0.17885373705528892,0.4569298626879008,-1.2520758200184976
0.1812730987069022,1.0297699911734624,-1.282335560636065
0.17864140929598538,0.30781523195025906,-1.2607890862547095
0.17706813376211888,-0.18765522270275156,-1.253409669032175
0.17760577884940423,-0.23904543999038835,-1.2489842506892321
0.17029894947569899,-2.1065367808252535,-1.2036275340007159
0.17667258347834297,-0.18953543531493214,-1.295534795695428
0.1805026385017026,0.903377950169607,-1.2976045288532547
0.18421558276996283,1.8195959809974158,-1.2562378536146215
0.17789781759310574,0.1467499237851628,-1.2101725167166781
0.1766269406234846,-0.19401447409015038,-1.2089456239236265
0.1767026095879925,-0.3818335170701107,-1.2081165297285559
0.17803037720815001,0.12943323128676856,-1.2646935849388727
0.17726106493139104,-0.007983492179977679,-1.253031724152362
0.17344421173427418,-1.0589397538260101,-1.1890217418513545
0.17841790493579152,0.1326199106895186,-1.1636668366325644
0.17437250074678323,-0.9443996125230629,-1.2779575614410101
0.1711208454416804,-1.9165000834600905,-1.308175329716699
0.17707306299246117,-0.07978291895313835,-1.270381223309487
0.18066108751644136,1.0268349321421664,-1.2844683509161225
0.17641446978898928,-0.2763862583181594,-1.2020361811705544
0.17657135630912302,-0.22399353116302284,-1.2743529536801186
0.17491108515534065,-0.7245989551804066,-1.2131667871111593
0.17183752811189099,-1.643714988490736,-1.1234979168046688
0.17753705439094164,0.08117785582356699,-1.2309695759800794
0.17992229914181734,0.7968890861297425,-1.2818240234751808
0.17804587551685594,0.16948193970989095,-1.2937454020460404
0.17730670684843738,-0.11509764089094278,-1.1790080933479896
0.17243977280747122,-1.6905353372960872,-1.2441649226364162
0.17462483567612688,-0.8001957255844594,-1.109347992795719
0.1763280737119292,-0.437967555283775,-1.2052279032356048
0.17939967208750712,0.5819493371937021,-1.2068782335320003
0.18152172260683896,1.1386188512292992,-1.2527876109525566
0.17718410551482383,-0.04833872812660549,-1.2609028420336394
0.18374801303201116,1.833752719380721,-1.314828210257959
0.1764227803753723,-0.33200802797786283,-1.2638385440474385
0.18076770329498937,1.0108554929728986,-1.3051981134371378
0.17530326603396942,-0.5194194599827754,-1.255280303601386
0.17405533501762557,-1.0704548609013325,-1.1358214373809845
0.17523967375657387,-0.6868254795800339,-1.1916311681615281
0.18505348410451938,2.088190635250297,-1.262912174360175
0.1841419830071094,1.9437185972159683,-1.2172266961805684
0.17645859625468605,-0.22827423892161414,-1.2203668961990584
0.17422793242735282,-1.1453357274884306,-1.3109870983044247
0.17907680824239622,0.5059864852801608,-1.2764164945285088
0.17515155478887562,-0.5296976261821755,-1.3018314919326943
0.18126227970622197,1.1330431384735804,-1.2321084108778877
0.17468953534133017,-0.7772470300990509,-1.223959957229325
0.17276109957643979,-1.4073035652902244,-1.25803604729355
0.17727690129590487,-0.06602646397656271,-1.2772672905061242
0.1796452973076199,0.6353898675355818,-1.2913912917297725
0.17390118735613558,-1.0513847435615749,-1.1693359096350588
0.17304102618729106,-1.3809954131777673,-1.3259775096387552
0.1747842833943044,-0.7611250508088696,-1.136324277286596
0.1775637128570163,0.010535552442276047,-1.2456488804539032
0.17266351208955427,-1.405739436436717,-1.2908743288234774
0.17237029225024553,-1.5122709062134043,-1.125551454670249
0.17550766025080528,-0.5799526569771809,-1.2119838203846123
0.1750755808193323,-0.6570903995590984,-1.2234013564832915
0.1782658456347354,0.312842439378669,-1.278927579530761
0.1723674747589834,-1.5917895663474855,-1.2144548544233713
0.17306056162066297,-1.3619966267271932,-1.2343910642150644
0.180237836159645,0.7609148661370145,-1.2500608278047138
0.17637463132576758,-0.24455067953295867,-1.1574651359395511
0.17892524105568397,0.529074808503104,-1.2662033979491232
0.17299668423398934,-1.3755499503261879,-1.2528067224053554
0.18039670564389113,0.6879511793803942,-1.2941146769630745
0.1765058908241761,-0.27621584102500635,-1.2121658496291547
0.17843001264006741,0.29180909266942096,-1.268774183689019
0.17719615364016592,-0.030775966350628983,-1.2158027284048503
0.17365292882923644,-1.306212123481903,-1.2816013336704044
0.1754123635772569,-0.6037012465307049,-1.1235318675831618
0.17284458535103725,-1.338337771779153,-1.175453329011023
0.17893023119936885,0.4374219684668082,-1.3145328587062979
0.17823108106479724,0.2235327509722619,-1.3159321881117207
0.1717873515007777,-1.7161006120035955,-1.3394278067279133
0.17537655239975788,-0.6701764382569044,-1.2246592783375547
0.17388988380551168,-1.212095473770148,-1.241401756462952
0.17528589228658772,-0.5528973667514172,-1.2447091597226734
0.17243930194526277,-1.5197082082916917,-1.3075429901119489
0.17414393626976293,-0.9774910774509477,-1.1112453578678638
0.17553345271592447,-0.6185904431601393,-1.2717873300487084
0.17870196870644892,0.3449443994619385,-1.186148866401961
0.17611627560311274,-0.5538270506445986,-1.2327802709822289
0.17321031226688421,-1.262523148985938,-1.315318604100381
0.17298162584687213,-1.2645166177418712,-1.2933987622057266
0.17859694499809659,0.29600612308421226,-1.2169828552480328
0.17872182427914735,0.3859519334287954,-1.2663177450830567
0.1770117030827826,-0.07883953188975427,-1.181156267927157
0.18514824089030618,2.105472645719658,-1.2597386328748879
0.18173083470878493,1.2085245493682168,-1.2865966293711264
0.17704040488632397,-0.15066322755938125,-1.196609611708015
0.18315960302108736,1.6203036141904201,-1.2762447234224954
0.1771204998150789,-0.26570617842339506,-1.2107721776135563
0.18304793503134575,1.4371858830872104,-1.2699140824723525
0.1732319832313767,-1.1352175343267144,-1.2285006741279043
0.1763454131324454,-0.3301241073421935,-1.2761746981216548
0.1734010260907562,-1.1593403639224762,-1.2744954801222548
0.18233365239090235,1.4946593100015155,-1.2692309922213507
0.17108515523179466,-1.9851709992858595,-1.2625803239714402
0.17447590069858146,-0.8005733953718963,-1.150280674937077
0.1774207053956456,-0.00874659080890421,-1.2923980165254316
0.17160551618761913,-1.7791367271636587,-1.1475172395792965
0.1793956044725881,0.4917307534081529,-1.2576628874103437
0.17677405151933245,-0.16941594375484142,-1.273156473914477
0.17194241310923145,-1.51993520438294,-1.25588108066648
0.18264405623657795,1.5486874844629792,-1.2970463352076362
0.18455638870464097,2.1202546544697203,-1.3259895655099405
0.17568915918326314,-0.45549686395490385,-1.245111781433693
0.1806080696112872,0.9579046956309645,-1.2678799454431853
0.18004915677214314,0.7367139635204595,-1.258713208010729
0.17649775722003821,-0.44131358258957715,-1.2652360966898655
0.17867374937372563,0.2980565004129611,-1.23233492800178
0.17063157931887246,-2.0733763579597366,-1.3664455691028023
0.18047509035434575,0.7742868769066434,-1.2046608469577904
0.1785428055685189,0.3293994931928892,-1.154439120232596
0.17374697411152243,-1.19325463260759,-1.2489118601168476
0.17326726019239097,-1.2118129120012286,-1.2407575331325822
0.17749364365538065,-0.0926641692329653,-1.1666855611395937
0.17243520813177773,-1.3960567922056681,-1.142280789364266
0.17153221054025547,-1.7246205627923523,-1.1520894598486375
0.1792300534145351,0.5621993480978518,-1.1837438872342965
0.17762041096919473,0.0631293013825753,-1.2625976606704927
0.17591664864405795,-0.40209463137198254,-1.2324399953100476
0.17824442502237275,0.27396754747437335,-1.27201044974724
0.17759489860565417,0.07853970090640286,-1.2733329223304664
0.18149579718008138,1.227653512001037,-1.2821677917187226
0.1760766126963718,-0.4591137370385476,-1.1685414250399049
0.17873719614203185,0.4155030251473755,-1.178153100977795
0.17432146858381478,-0.999074627167425,-1.3122561517496734
0.17710360833380995,-0.06512991954651422,-1.2654194413068072
0.17967977792478754,0.6892854603199197,-1.2861500313266652
0.17916786841930132,0.399554194775969,-1.2119912849081598
0.17649080038875345,-0.29849526850990565,-1.125379348222892
0.1748447090025941,-0.8919917152851625,-1.3125745984517418
0.1770281374772556,-0.04435805867513759,-1.2129083615969751
0.17181246633284417,-1.6378302750483182,-1.1866125365023779
0.17847282726828198,0.35054850402717325,-1.2508770124331596
0.18357989339929057,1.6224117532320637,-1.2048804651157365
0.18004248200712863,0.7422168374809396,-1.2901742244332994
0.1797781302556122,0.7244941183137675,-1.3043152518655536
0.17860495152010766,0.2208449332349945,-1.1795658520204049
0.17643392110167927,-0.385669709318469,-1.2632021949730639
0.18176269025559627,1.2966335817732857,-1.3254300510856032
0.17634333281396997,-0.17482506924498634,-1.1884349418419726
0.1771406175432865,-0.262703887498019,-1.2152917529294935
0.18003339362766727,0.8281048932221508,-1.28412364389832
0.18050286392458176,0.9189954239294793,-1.3099620647753232
0.1743990848056422,-0.8510224881452197,-1.2244667422560576
0.17832282427098253,0.20795954252294055,-1.1864231410745114
0.17543817994754515,-0.6938439221801199,-1.3104111755259331
0.1742434844734732,-0.8954323008764854,-1.273061808875269
0.18495776232724362,2.0873887986927855,-1.2697254173885004
0.17982417177643226,0.6889013847407441,-1.2705149426864293
0.18360683554847998,1.7252468897465862,-1.232884704121136
0.17742060011027058,0.13125806107235385,-1.2964842537760581
0.17498601521722734,-0.6771375403779795,-1.1163484441793858
0.17100847011424922,-1.9636261719927501,-1.0958122296570267
0.17743137809344495,-0.0799511580220464,-1.2702751201594127
0.18501570676753315,2.141334273130358,-1.257642947213758
0.17674164966304326,-0.23911898274982715,-1.169693357674371
0.17835711643533922,0.31422450154836956,-1.2582728441961653
0.17799282833543345,0.05866547249878932,-1.2343346464397527
0.17924458805913956,0.5465063385598947,-1.2604895026249734
0.17628137403228294,-0.41880630952577685,-1.2029917728290167
0.17720392455609832,-0.04404564512799204,-1.2635697711250724
0.17538531853546446,-0.5153177031973784,-1.266916948205748
0.1781471382869125,0.2186165455130453,-1.222896824431822
0.17780989509046446,0.17136951086595378,-1.2257238982896745
0.17816457878163505,0.18418016196756068,-1.219854792460729
0.17408684041525035,-0.9641867358554068,-1.1200973586220724
0.1783410973869391,0.2928848493825658,-1.2450372471091067
0.17632456814880917,-0.3734431518044892,-1.2435782093225674
0.17607733947105725,-0.40394208481231825,-1.1537396089003416
0.17528071194180678,-0.621691565517122,-1.2208577251002461
0.17356682641814558,-1.119255198902735,-1.2453098825789783
0.18040983918687564,0.7772605904103694,-1.2119314665558705
0.17646189629110903,-0.35465448425799523,-1.3464561145893847
0.1783472507108872,0.2584957601105721,-1.3199839425321622
0.17853539924620093,0.21001608936984506,-1.1509197224027055
0.184126053278591,2.041614925464846,-1.330007994846101
0.17727880061792528,-0.09719726221613734,-1.2370541135867628
0.18356987818508927,1.8168113085841529,-1.3034792258127748
0.18134827960800362,1.0821703247730596,-1.2835031285159189
0.17482131037115126,-0.7231704659451448,-1.2162996397523824
0.18065925462558316,0.9936127884610284,-1.3005403103860784
0.17832662746377487,0.3677793805446683,-1.2523828535948909
0.1747124300895932,-0.7650810580054597,-1.2575012737579492
0.1785446823353268,0.31303549700164696,-1.290569917241766
0.1810350382047388,0.9784039389058604,-1.1973889405715883
0.17396698974764674,-0.9421728830672653,-1.2338215265043215
0.17397120348606984,-0.9571167324271765,-1.2733093851573345
0.17224193659741377,-1.4662320872127204,-1.1571512292760875
0.18452812734499832,2.0337379855084046,-1.2203330435849353
0.17636117592222864,-0.4013254512578265,-1.187810406600927
0.17782575888084654,0.13457022207472794,-1.2655844399485714
0.17357591433447753,-0.9984710274612135,-1.2036312330569998
0.1824095407477117,1.4934358292537673,-1.329381358389406
0.17916230269725325,0.5464065535245319,-1.3027803750630595
0.17861880806104946,0.2555755980592232,-1.2401931420056995
0.1771979497753365,-0.21568675233514165,-1.290156139683744
0.1816134543077998,1.1375675545345818,-1.2699909109996537
0.1755550560602301,-0.449013254261118,-1.2042430973882308
0.17582007155063697,-0.5316825547123574,-1.130509721363953
0.17675990706657616,-0.11966074140953825,-1.346551138857211
0.17639929042584232,-0.27708460215696495,-1.2647208667069636
0.17859812566254715,0.2974237412918722,-1.2104074866501908
0.17579302245033251,-0.6865050509727634,-1.152311429228141
0.1780785217203628,0.20571315363037576,-1.3119934176359132
0.1715071206713384,-1.7097397363774824,-1.2113620292162417
0.17609006980881434,-0.3482462504489992,-1.2339510813190084
0.17212859791746968,-1.7029880052168305,-1.2240820608355525
0.18041731426788102,0.865159464084201,-1.194325499277224
0.1772660143510986,-0.18947397489708878,-1.2574784411772475
0.17681152354883695,-0.22831395804064916,-1.2125386427420424
0.17628994119936756,-0.4016256099616828,-1.2366080444269434
0.17292443906422844,-1.2824922075013696,-1.197224816602915
0.1755626347458886,-0.5098323769822725,-1.278422378542965
0.17142434342913823,-1.803795552035598,-1.3014687503592104
0.17043335793040967,-1.9959568016356968,-1.155652734587198
0.17552980345079142,-0.4472956342214328,-1.2583967806898353
0.1734996102790112,-1.1562153166022437,-1.358318297972795
0.1742669577478936,-0.929210740895748,-1.1635934794099356
0.17256833079447337,-1.4742474483032106,-1.1820216669800567
0.1816927083619622,1.1734041278201972,-1.2581930696400905
0.17769459530828946,-0.04218691131214005,-1.1544796551071166
0.17977950652519734,0.6660778085789005,-1.2484904029006472
0.17429397874675667,-0.9053435366899371,-1.1350974026272107
0.18197819004293267,1.2658251791060986,-1.200283335297377
0.1780445470502475,0.19952665885164908,-1.2422969253976746
0.1734187686116637,-1.353391212964755,-1.1456065031196376
0.17275452996731983,-1.3678214672187057,-1.2103567046908084
0.17912232641014034,0.5106158895489435,-1.2517176214322165
0.17473303008320745,-0.8758365944656832,-1.268206596586204
0.17791149894895675,0.17109745719503475,-1.2409673971995125
0.17667629787858985,-0.22537594169645808,-1.2096279568222463
0.18074764382788552,0.973952052056793,-1.1802461878340775
0.17480235759890272,-0.8423721523766992,-1.204068543460625
0.17928390476975764,0.618706841199416,-1.2425624256516135
0.17958240159117916,0.5287368150418863,-1.2179806588121804
0.18238183395166627,1.4406215091990462,-1.3178843580486523
0.17922387674611248,0.5236389337099219,-1.3226423373381377
0.17473507766303015,-0.776706763601392,-1.1848830682852625
0.17808333479889765,0.13134527061436474,-1.2044573158537952
0.1771620539217854,-0.06335334883669541,-1.300434456789784
0.17447278429784743,-0.9802303607706248,-1.2309564323076918
0.17394317660704484,-1.0376978080946682,-1.352435422588664
0.17174508038780703,-1.802102831976995,-1.1888522109481274
0.17541027513607735,-0.7548050258039157,-1.2078209725245896
0.1789927510908147,0.5285660210332801,-1.2331764095471283
0.1798610829607343,0.6879492961467362,-1.1557031184611148
0.1808123408524787,0.8805443143961779,-1.2685099132294357
0.1750666393112337,-0.8517407506396887,-1.2058909523215746
0.17928848664206415,0.41653701675725185,-1.2156486752137743
0.17762172407951088,-0.07966146017108831,-1.312175387092008
0.18041761025994907,0.7790952022888264,-1.2318219253182408
0.1757366608154353,-0.5096181275861544,-1.2610782850409175
0.17344367730257915,-0.9651813979473837,-1.1870970732827366
0.17384518766680426,-1.015158718067936,-1.2488672773387035
0.1831847083509115,1.6157791902350194,-1.262495173774381
0.1774246324172758,-0.027585018153671852,-1.3101215584635204
0.17772274425087012,0.19860796523337224,-1.26233276954074
0.1762420688032542,-0.2635116657826727,-1.2323591095128679
0.1728970453467136,-1.4053268181797074,-1.1436852410350702
0.18160261087102175,1.0761604402662848,-1.2243074440637856
0.1792970531836687,0.4011375906683615,-1.2101039227554915
0.17691126209720143,-0.22327466042404417,-1.2268479219940276
0.17736528328326542,-0.03182596504703212,-1.2173916076741753
0.18109419089595954,1.1030702231441352,-1.2250501459866967
0.18414899020835865,2.0119293097235333,-1.3294208764973747
0.17604708207708944,-0.40464388894692765,-1.2112391468920665
0.17381190532053015,-0.9497328797817938,-1.2287875963038908
0.17438483498435858,-0.8191019334559565,-1.139448016627219
0.18242594988521277,1.4578139387273408,-1.3143321024818615
0.18389761942941443,1.7117744038141018,-1.1979349322473694
0.1776844761948746,0.1349311791815456,-1.279886791466891
0.17448837411195364,-0.7994933853022835,-1.1943760081514714
0.18029021866935446,0.5799016833944473,-1.1898202102650095
0.17942502895000917,0.5642424424474345,-1.219700096475698
0.17429341412696356,-0.905727260301427,-1.219231200716085
0.1789268967000483,0.45327335761840265,-1.1756945963346876
0.18048471644054118,0.879977463365633,-1.3295681677602371
0.17401669416217314,-1.0898758800781858,-1.2300403747074724
0.1800503321063492,0.8138541815280774,-1.337440740955657
0.17451919936508936,-0.6967061963491648,-1.2653204233413418
0.17267756359663178,-1.3711241995507808,-1.2130397688342338
0.1773787773541893,-0.0964987959294376,-1.23971710742087
0.1731171664034471,-1.3152035077787445,-1.128839489583498
0.17316519404736344,-1.1415445093055183,-1.1218396245456401
0.17657679413657454,-0.22641340508075117,-1.1992445739824362
0.1794990489319835,0.4052935780405439,-1.2422727754752676
0.17647356220883492,-0.4634642137610695,-1.3380972833923717
0.17956696248621162,0.6889862045270451,-1.298064363514371
0.18225646614259133,1.4232652724706274,-1.2996657784024224
0.18050408982934543,0.9883200778756839,-1.2700328247268902
0.1751894007993718,-0.6168811671186654,-1.235269925768046
0.17954065027667263,0.4881623277554545,-1.214288228311738
0.17508935209320792,-0.6379992603760332,-1.2148204426893465
0.17704979514672067,-0.22394121582581974,-1.3189603145153412
0.17373776220974324,-1.2276047991260257,-1.2790928182860075
0.181469984389224,1.2238697407233097,-1.3345458209555519
0.179289159011897,0.45272411405955776,-1.2223341661379301
0.17898556816901015,0.4730543589059829,-1.3055209151942841
0.177484915433258,0.07839661409342129,-1.286293644163155
0.17361902087730652,-1.104980848246024,-1.2597359964462291
0.17673268124725536,-0.22334000494858292,-1.2948732506232266
0.17476579496570321,-0.7265099360840492,-1.2086596366171614
0.18143835397177785,1.101051568028809,-1.2950219430188772
0.1806778226513988,0.9400481915095075,-1.275202278847793
0.17705712616824634,-0.1715389697046524,-1.2756205000722383
0.18029888858010099,0.85063001566372,-1.273398947901655
0.17662897458023166,-0.21061892060269227,-1.2842229610553668
0.17065200685595674,-2.093319375942604,-1.2972053725769075
0.170534209180213,-1.9506347232260313,-1.1978310536077383
0.18047042909395972,0.8461737708454762,-1.287198959163149
0.1799896466240477,0.7596267576046937,-1.2814659814769904
0.17327318095279107,-1.4238757831950501,-1.1952503650621538
0.1773862284395516,-0.07907238447380154,-1.2121691662428398
0.1756204505286539,-0.495615873154243,-1.2121316722238455
0.18506945745004255,2.052280820652033,-1.2361907415956337
0.17555649325052353,-0.8020513148387917,-1.2244101315977773
0.17981432202025574,0.6455531954038857,-1.297611460495982
0.17411116420177897,-1.1243285998097718,-1.2825501737917233
0.18288019699755492,1.5844629337463956,-1.303896332264788
0.17962742827852285,0.600454410575398,-1.2244431559069007
0.17338347574017832,-1.2865622084204744,-1.257925279018069
0.17323509803367595,-1.2533557114575014,-1.1314731877728255
0.17157110247340351,-1.8849834808523473,-1.1096629915570329
0.18236233568755375,1.263000348388423,-1.2552293567830495
0.17740334016644627,-0.06096329760370644,-1.242052286418466
0.18285841542043443,1.4009288814253007,-1.2979718230551944
0.17302727730476256,-1.4279765673070837,-1.2834337682508181
0.17963769348628797,0.6015122089769491,-1.2035452522487748
0.17706156292308614,-0.051079588609596924,-1.334757704351889
0.18242896232455583,1.3877022136238928,-1.277619264029069
0.18097581229896914,1.0494632888488875,-1.258922435733864
0.17427557369788332,-0.8336803718390796,-1.213626614655039
0.1780095306393918,0.18312301423449265,-1.2898398158867865
0.17926868314601982,0.5637096825601324,-1.3143212609819537
0.1781499338976795,0.2419138396738072,-1.310008113173132
0.17413672327852026,-1.0587088602668089,-1.3024286934856995
0.17177804922398107,-1.6957931936903485,-1.2174245989579746
0.1719467895071972,-1.7502024392888706,-1.251571761536227
0.1802283394422181,0.7803129143758963,-1.2176158252221598
0.17729288669754809,-0.026714606661461106,-1.2952122760129283
0.17869284788877918,0.4017461203798481,-1.2537861777593355
0.17929162146926755,0.4535470526879749,-1.2231306608863521
0.18123022015210558,1.0098987569608928,-1.1924663372959334
0.17545372863279463,-0.6165736815307092,-1.1952820470978616
0.17196898582947406,-1.7335390062427791,-1.2737131638096484
0.1749196239686361,-0.813362642569741,-1.2282952795866917
0.18208605042404832,1.386289740949295,-1.3118687280288446
0.17056318232145293,-2.055901730316578,-1.3073607849410198
0.18006224782071426,0.8452050461115814,-1.2792048938597105
0.1765986956045276,-0.22566810176814783,-1.290366442106753
0.17283565346948102,-1.5865823437141937,-1.2041650549152458
0.17538212954608398,-0.5893650309212248,-1.2386218926311434
0.1754399638307202,-0.677580418790771,-1.067043395518507
0.17826418765417673,0.1361717615693818,-1.2199342870317873
0.1755609164810202,-0.5677453711430092,-1.2636065088538202
0.17235548625726424,-1.659957998799492,-1.2590514706317562
0.1739055469429456,-1.1428101002621363,-1.2126361623640038
0.1804002316711469,0.8815922126759075,-1.2968378825014275
0.1743135672903706,-0.8729930377352482,-1.245162342345286
0.17458473082604176,-0.83075493992651,-1.2064657880880876
0.1777067083305654,0.0987273657710454,-1.2888381461455944
0.17360125341964902,-0.9831395938638422,-1.122880902795941
0.17571635438925326,-0.5258739788096459,-1.1719782656280102
0.1720215631097014,-1.5435192787209522,-1.1572627340207648
0.17596563394474143,-0.5781958374698113,-1.145437280057945
0.17716598662595617,0.0035918735445251452,-1.2633043043483274
0.18188969884779665,1.3104867008229146,-1.2773173323064906
0.17615210597329656,-0.35007084080161693,-1.2744653973521687
0.17523466865136939,-0.5466796244967201,-1.220559356098259
0.1807018225837088,0.8695529164506223,-1.2434784585161722
0.17951090264397582,0.4403516222337407,-1.1618375703803507
0.17816736096728725,0.09829038936351393,-1.2141264641158083
0.17971704847047895,0.6699046814810424,-1.3123230277488394
0.17927075335760148,0.47494811005015103,-1.2528476486464917
0.1826861891225593,1.5316811107433335,-1.2310223361804564
0.17594093868688038,-0.3886480562048702,-1.1678031546647882
0.17996023248521337,0.6382681137930899,-1.211328730064342
0.1789538250962575,0.4182511559223822,-1.227684544066981
0.18434476159083815,1.9269732929697971,-1.240454979811518
0.18497058592919036,2.069313468865942,-1.2695324261846244
0.17327269882996063,-1.2957963590149386,-1.2000460487339681
0.17748344644281228,-0.04519079471680237,-1.1298871518197353
0.17561475662639506,-0.47270537229986637,-1.225412742045123
0.17843120694025333,0.22363006735593102,-1.2039648222495447
0.1807442958431265,0.7614690962764449,-1.3464559566380003
0.1777472927896935,0.09571042629511282,-1.1955621528521179
0.17189176077281784,-1.7931232612788572,-1.2450618854998667
0.17759441529652772,0.008428192953555097,-1.2870521821647725
0.1774751272633295,-0.12028161760187185,-1.1935016501543139
0.17819921793530308,0.2051715795468624,-1.2781424569932058
0.17824686289035255,0.23660935290792257,-1.2313864754333679
0.185294562579557,2.1583311390291384,-1.2702132321281159
0.1786770522758449,0.34814075638452674,-1.2621569397504617
0.17805078445770206,0.20623804102444063,-1.296357487557325
0.1756421166028214,-0.5139357879437358,-1.233995189953231
0.18016957836432057,0.655801788520744,-1.1879772150728731
0.17534047024078045,-0.6407472543432006,-1.248046988829699
0.17409801166534025,-0.9068153514292883,-1.2351023666270748
0.18478902957699417,1.9563684599762432,-1.238114252700695
0.17435466885652512,-0.8429067753180195,-1.2982566547377892
0.17900720596867814,0.5626015958556972,-1.2834640308997358
0.1706999625364026,-1.8561084633606053,-1.2560840454187312
0.1784622268001326,0.25417764386674957,-1.3024817352355202
0.1773976197902139,0.00914592174719338,-1.294410660961652
0.17362897417602877,-1.0018670173214146,-1.248135869821139
0.17641388718852496,-0.2783233803901244,-1.27602787982249
0.1728165439003002,-1.3613374069417878,-1.0941615687871167
0.18250459880723258,1.4587090820892255,-1.2934176957193404
0.18484719600293628,2.0335983871403513,-1.215375194967274
0.18038032384003433,0.8000134634105683,-1.171754351260773
0.17542012249943642,-0.8842527175030475,-1.203314093991427
0.17317605442573958,-1.1791032334145042,-1.152424580585998
0.18108308251840424,0.9353397100844859,-1.2943010863595512
0.17165169071720918,-1.7495804910618675,-1.2303311606896326
0.18065605044641242,0.9194260109258582,-1.2623450346632232
0.174937867649359,-0.5569138977444918,-1.231972536582835
0.17405059909081685,-1.2097767823441954,-1.223771042200141
0.17261588078859588,-1.5167102470425107,-1.317784650026779
0.18119342550177148,1.1704515045195847,-1.2833946813521315
0.17653769026243102,-0.381408188950769,-1.1965534565096634
0.17893512484900104,0.4573849558365477,-1.2434080489105237
0.1798992514877665,0.6865262574947024,-1.299155980157521
0.17180083699285012,-1.7075317009212325,-1.3377996236043976
0.1757849595909747,-0.33928804791143735,-1.1807547572949983
0.17529439925266954,-0.6174117418587382,-1.2719385765081288
0.1706151067269578,-2.106761624778187,-1.2962636032525063
0.17290272232510479,-1.3666299005457456,-1.1529881701903693
0.17418911164619438,-0.9650588636612157,-1.1361988115365684
0.17699920067918562,-0.046736555474688676,-1.207468422326065
0.18174918251418548,1.0691661727921322,-1.240847397300402
0.17517324021488545,-0.691805516174078,-1.1804473366213057
0.17402754502141296,-0.9232148863699978,-1.2210972142400063
0.18457607075189694,2.139008742902226,-1.2852846835840108
0.17707026956828723,-0.1344343661774913,-1.193821187746167
0.17440122798457316,-1.0468378895007906,-1.2604046903101136
0.17856917592485624,0.33077448650956043,-1.3048604593802355
0.1785421003171404,0.3505762854046851,-1.208757984846705
0.17715674560881622,0.04943304869165135,-1.195104448265541
0.17393191747447448,-1.1210519460584791,-1.2560651103674332
0.18108662768685868,1.0082334273427604,-1.1963736679318127
0.18147171311847024,1.2084261154691271,-1.2939819813238915
0.17671617364928494,-0.38862458712329734,-1.2546895271407599
0.1762137645429531,-0.34980719244065617,-1.2762874340306611
0.1781423799210437,0.24228329925630002,-1.2967166245846398
0.17776396617083676,0.10022075423515432,-1.2088726103825673
0.1788549038592775,0.33365137961127733,-1.2346500904404927
0.18390421549466254,1.8545503349713564,-1.2858348816988971
0.18312398538611702,1.4907782892247197,-1.2031785503223345
0.17705680834054413,-0.01049464128237371,-1.240137011528848
0.17259848422991247,-1.4628646052577376,-1.2003293486623845
0.17512631939437773,-0.6888093412078583,-1.1817943388148968
0.17773600324680158,0.11606728145323122,-1.2385893094096236
0.17666511175035635,-0.2934698904224053,-1.1796033493372597
0.17482967657480925,-0.940462766075351,-1.223192445972017
0.17635565262781028,-0.3851137653480925,-1.2379684414876981
0.17722700742174277,0.006227338567799195,-1.2305452838277624
0.1806308069139297,0.8859910905512383,-1.3284288823388326
0.1822787835216716,1.354046089222657,-1.2498503136608052
0.18074696175231603,0.9751344148025387,-1.3048658128967934
0.1750976211456879,-0.7441175362329386,-1.3073210063466325
0.1764052796702021,-0.2937371618002853,-1.182846867503041
0.17217072337491507,-1.690531018365305,-1.255280659421172
0.1721938033972824,-1.552811246123893,-1.276501442404461
0.1784777041584476,0.16649884211906724,-1.1754192444123868
0.1780195765727667,0.14755015887293196,-1.2197656801392365
0.17486553009431116,-0.6879891937778119,-1.2029501297637524
0.17569099588465878,-0.655484139120713,-1.1658872171146062
0.17752921850161593,0.11548996910748167,-1.288455329761185
0.17464424960610933,-0.8172451905646376,-1.1768578073188638
0.17338155556441845,-1.305010201412915,-1.3058464655036963
0.1800574481530836,0.7582917489112535,-1.2537773185186807
0.17791553575803193,0.15232556116840687,-1.2904010330411013
0.17678363506297867,-0.11926965051826599,-1.2321444653775244
0.18033590166980729,0.7819018712205756,-1.2082290793641821
0.17752620996595755,0.04422465818649868,-1.2339608112335207
0.17964226592771773,0.6168402616709194,-1.2966729807095367
0.17615810354685543,-0.4912247605166306,-1.2721151260188155
0.17770160637976803,0.14690927680193214,-1.1404547585644143
0.1769232690881944,-0.11567621633286143,-1.2328450017611932
0.17674058394429218,-0.12736044848639366,-1.2267013281281212
0.17303534133616968,-1.217125157848722,-1.2582374861229957
0.1750711016477137,-0.8832992516639145,-1.149083375993632
0.1763612820956121,-0.314754338814664,-1.2688753446937688
0.1789549472484109,0.5107030392472541,-1.2371910357664706
0.18037357495950923,0.8344181364542312,-1.2178966263450652
0.18288121368584973,1.4789978373142338,-1.2602650830381437
0.1791009280843059,0.4929768636965384,-1.2065379618871857
0.1717481408654144,-1.5528498397911124,-1.1690533990949383
0.1798978748973191,0.716690973127601,-1.2660147744490602
0.17339123831006997,-1.1034762433244345,-1.3067633481046645
0.17693588663384274,-0.13380559658932997,-1.2870911541736314
0.17597745829963038,-0.4727072610411702,-1.2322327051822954
0.174376217451223,-0.8348989989943629,-1.2378505634675834
0.17570751032912887,-0.5390733612025966,-1.1072057834280757
0.17165321075970627,-1.7857873108749944,-1.2690215903824118
0.18448364037990886,1.8184554512793445,-1.2472834170563274
0.1765137996124135,-0.28374462351892477,-1.3372819985487365
0.1778271023142607,0.185483512398849,-1.2867964909781473
0.17912499084920933,0.5282888807929788,-1.293691044168239
0.17532753828658454,-0.6355431957646324,-1.236766046984648
0.1804751034973425,0.8305837967007853,-1.22241032289435
0.17398774814251505,-1.0667688087229976,-1.132081498778609
0.17192759874216973,-1.55418187842229,-1.172812489281766
0.1800389522919079,0.7969627420449983,-1.299562544413514
0.1811052246477499,1.1004706282527263,-1.3181838577208518
0.17782141912258997,0.13419045195193458,-1.303542229555453
0.17574972936524083,-0.6724933933360607,-1.2092613218318615
0.18134428875511502,1.227756379690039,-1.257298558549089
0.17250355088730937,-1.5048095557837788,-1.3460275093996947
0.1788986421802108,0.4551105288704452,-1.2999360195943677
0.17445012466416082,-0.8897343899304333,-1.2396441056501017
0.17848833676499803,0.022139240143820106,-1.2602418002160474
0.17743713451600068,-0.0478770431732889,-1.2400767110399422
0.17480775788183467,-0.7287211425073735,-1.22885451693929
0.17642103167657663,-0.4057618811452434,-1.3231537195399576
0.17542014980860748,-0.6374721843630735,-1.1870616990514284
0.17609380646626133,-0.3645189678748774,-1.1954510609014943
0.18175178135752615,1.2269926219259015,-1.274986521470262
0.18415658486615882,1.8715802016931615,-1.2806530495412953
0.17862811118613073,0.4021111478197308,-1.3076717850502988
0.17598644692758036,-0.34842106237050974,-1.2247320223176559
0.1719060194719112,-1.8182446262129934,-1.2312486339396473
0.17546146567661766,-0.5820120903002806,-1.2201736801413663
0.18301255229330352,1.6031609371626727,-1.237982912891254
0.18250434494793333,1.3302105462220473,-1.24141171125768
0.17617765024751944,-0.30164020399900154,-1.1975402739241927
0.18037083474444945,0.7083587997992087,-1.239911025516054
0.17708617320223913,-0.08564734295063432,-1.14919055341915
0.1752955477922881,-0.5685897944329872,-1.3037433159533425
0.1731097685143031,-1.2421260233226392,-1.194814205313318
0.18459345348381556,1.9631955346313934,-1.2517637058708155
0.17466106776184445,-0.8136141540849038,-1.2347846254589152
0.18279904675666037,1.4962090387144815,-1.244964656269479
0.17620848756412852,-0.3308130114045824,-1.2609587196132113
0.1823982732232992,1.4924593443437801,-1.2511439319494544
0.17570501870873786,-0.402886528298989,-1.2894593100047411
0.17848275304568853,0.25754076302239026,-1.2157312511997518
0.17728648196282748,-0.1533700659120598,-1.2833492808409117
0.17683491706278753,-0.22720126144493621,-1.2754280726010643
0.1794876297946364,0.6691934910269879,-1.2234086965848354
0.1844083581322872,1.9265996823163531,-1.2282169691699794
0.18133412401723703,1.0477091147920043,-1.2475412797718246
0.17618843666844275,-0.4006254274679862,-1.182646020175139
0.17596903535801403,-0.4232394054202121,-1.2728877886758745
0.1796967557364381,0.7256785718493378,-1.2837803640051964
0.17459851686356792,-0.9281373789824521,-1.307307899662262
0.17297546760658214,-1.161075355328037,-1.156748520964146
0.17251845463561935,-1.6238203017206725,-1.254173085218148
0.17109712160787358,-1.9235989796355253,-1.1832654454857703
0.18436240642086377,1.8894348422600922,-1.2814123796850836
0.1765679092663579,-0.25889775218419114,-1.262986055089946
0.1806069144819394,0.8334104149019018,-1.2167219431947411
0.17626343099173336,-0.3510848274099809,-1.2916389496999592
0.17680160881710025,-0.23034324383511223,-1.3075624310444258
0.1845388097723927,1.9809493966287008,-1.219240693868547
0.17668914140562492,-0.2766546213069567,-1.1635100951569037
0.1731495477318479,-1.228029270435458,-1.1877410579972079
0.17819142929461942,0.20577513388540544,-1.3100712729078674
0.17242095053146445,-1.3967332608632017,-1.2370373014949516
0.1774828742482313,-0.042731014801782784,-1.2132227858047688
0.1747018072871429,-0.763785993173437,-1.2862891760529558
0.17420092289304306,-1.1015903621013565,-1.3365266121316892
0.17618274471424247,-0.3648203233140648,-1.2325821499099456
0.1732503413571715,-1.1936080178145345,-1.2309976009360177
0.18244407845739077,1.300194392618473,-1.2108588760613073
0.18120104915863464,1.1009993272493335,-1.2874310242671616
0.18322899135737317,1.657127251643388,-1.2163172116878165
0.17598981365718558,-0.3365017161212759,-1.251634900411739
0.17916124059842992,0.5973358140498387,-1.2846972182448615
0.1796747091337736,0.6000370307718453,-1.2261034408867946
0.1764273446593423,-0.23047227621428987,-1.138582601478534
0.17535229128579033,-0.6988103172747575,-1.172260291962316
0.1767713870544851,-0.318945186713739,-1.143708490172861
0.17911088168746755,0.5278944751974786,-1.3091874811473638
0.17194360005059856,0.009437195294087488,-3.0951683710735147
0.1776022712216123,0.0595136300242963,-1.2425573333445497
0.1830824894114927,1.4957257842682472,-1.2210574222427049
0.17891510450102543,0.32853347334680105,-1.267544300045583
0.18048674465242395,0.8299499482746544,-1.146266447034348
0.1791639848556374,0.5782359810308144,-1.225617484473391
0.1786560164747222,0.3141224156047411,-1.2485136046943512
0.17702990498835902,-0.07932532987142349,-1.231167102952643
0.17707372368905516,-0.1338113024651148,-1.242415914878672
0.17770740998818724,0.05903407100209754,-1.194217901626682
0.18078119414865546,1.0247221455574056,-1.2608265238402876
0.18023143259746638,0.6680854505718449,-1.2071540242282441
0.17673815031792786,-0.3162918412142054,-1.2425701575959334
0.17203137641361121,-1.8403019670309084,-1.2340014550191447
0.18322196097276394,1.620354419400778,-1.2726529024720195
0.18011709527264883,0.7090707399498372,-1.215512937718708
0.18048147307983364,0.9375936886022679,-1.3101844487269756
0.18263617430339055,1.51342912813065,-1.2739123999778157
0.1767274667369496,-0.19099297071846047,-1.1697573030767552
0.2364971397928715,0.2598235594601627,18.954485924786365
0.1761337486978765,-0.30310077644147465,-1.1766364504312277
0.17920758402652492,0.4850228009903723,-1.255478182683358
0.18377255841349097,1.781019039521572,-1.2739762978484308
0.1833251116339406,1.5851393486433978,-1.2292234071544168
0.184822225937916,2.1235390618963264,-1.2757357248555437
0.17440796482432255,-1.046575500139434,-1.2676025805402962
0.1838016620570686,1.7672830307545342,-1.194814604556799
0.17226541027466863,-1.3533830607262147,-1.2721875347640148
0.1802142489459423,0.8113086401370024,-1.3074792493319805
0.17835769312929475,0.2771373642629962,-1.2776661187166343
0.1763262386655601,-0.24347723007091837,-1.290247764523909
0.17996009623311562,0.7416261352704848,-1.2737261974496272
0.1731729409880989,-1.2412707113647277,-1.1558663058195262
0.1762608977134247,-0.3659547325234917,-1.2130322962051456
0.1795044888579655,0.6169789114747338,-1.3124712096543938
0.17933250840864237,0.4950298865358927,-1.193478391330167
0.17840476294734864,0.20447739401622594,-1.185196860831371
0.1790801424759064,0.564646734697236,-1.2466470001617378
0.17469083205566158,-0.853225184997775,-1.118623038400965
0.17026293491645986,-2.129244747488291,-1.290844706088816
0.1813195248005666,1.173541991959421,-1.2716177542103244
0.18222754519323076,1.295836079255661,-1.1736833756981635
0.17474100719350524,-0.7148545562967558,-1.178515266647266
0.18168768573686186,1.2972714124627283,-1.3152850906016327
0.1799248306158785,0.727009471002108,-1.225122147552544
0.176106251104975,-0.3482527325981173,-1.237508609533963
0.18326129884699757,1.6197921680793161,-1.2948213757262899
0.17794053117060787,0.008293334608119094,-1.1970247404008496
0.1774895603192179,0.0945469345694633,-1.237301832890817
0.17812719152487763,0.14742220875021467,-1.2861769369403817
0.1795655173797968,0.6354572738278615,-1.2882286885809906
0.17962437079404706,0.5825244466667898,-1.2127490846704116
0.1802489887855341,0.7613802734744447,-1.2137414268471545
0.18174753193857832,1.2614031087533415,-1.3205385828820195
0.17544682827157462,-0.653269236002925,-1.301498282961513
0.17363694073591357,-1.071973830649519,-1.2308473833391043
0.1795954675512168,0.6540681293199083,-1.2576445831730092
0.17204867387570466,-1.6561946789845445,-1.2870585399018135
0.18211174887261972,1.1518038518444802,-1.254477514377813
0.1740627894740325,-0.9921886091549325,-1.235186934784001
0.17941459556477557,0.4880047094479631,-1.2447938659679172
0.1778959428920146,0.028029669247615824,-1.2421599036583533
0.17264005961940243,-1.573755775171326,-1.274578461817484
0.17622307866114187,-0.3478089931923771,-1.2184792728134346
0.1775520954301899,0.09525823526900004,-1.221601517822184
0.1791966962950172,0.5289565639934349,-1.262343550064021
0.17486862731238273,-0.7808702849097787,-1.264428943590486
0.1765305674644993,-0.24752253738389385,-1.2443411101553423
0.17614135188679653,-0.27882400762950815,-1.2843932305910475
0.1768238689564938,-0.3178972749284491,-1.2964799386794044
0.17689986863577473,-0.2625339923723064,-1.1672945192960886
0.17809389550412008,0.03825115449656165,-1.215992345556975
0.17162987389519585,-1.9091527337621608,-1.2187632482499189
0.17810821225437454,0.15335293181416584,-1.2455012147400322
0.17340238573651476,-1.1309232837983465,-1.1749027815513444
0.17035868457532077,-2.0192078504740856,-1.1614310419654479
0.177912951406866,0.15633895524571115,-1.2097469044360813
0.18403597825215623,1.979224769645378,-1.2807047006489232
0.1784548264087787,0.38514288521593004,-1.2781546691783998
0.17625297422430192,-0.4239627910930001,-1.1534819259417075
0.177251879893038,0.024631876475173873,-1.2336772261855073
0.17421174127111577,-0.8592945935289379,-1.1652849858738195
0.17951569829643949,0.613325028935487,-1.2842673831647011
0.18004083661619227,0.6000046603133222,-1.2741847529056831
0.17253503749887134,-1.49940174202393,-1.27975534231298
0.1748328751503729,-0.726011802896305,-1.2398967057480366
0.17404386535376434,-0.8535551529943626,-1.1419635036553115
0.17077230696302853,-1.9840664199001277,-1.3579048014989241
0.1787218205803982,0.3298176072616465,-1.151856245122629
0.17779001689668225,0.19592003970760985,-1.2134943770664248
0.17603046498206731,-0.41088170338773233,-1.2226900016060624
0.17807351116479425,0.11241115155029445,-1.3069082062528874
0.18020586836640304,0.8466269082512832,-1.2451344052452915
0.17727875178832506,-0.00959912031417801,-1.2328499043138728
0.1789714003401622,0.4734075019759477,-1.2929886858297277
0.1717130971836619,-1.7814709728322295,-1.1950381814234645
0.18194039153196812,1.245364371865929,-1.2321288935775117
0.17614612356569204,-0.34900520989452516,-1.2754991574366643
0.17789517495743376,0.14712032609538464,-1.2778261590629096
0.1764371949995439,-0.32921236346175453,-1.2033795318037621
0.17143300769744738,-1.8213966883504213,-1.200191797286549
0.1800634436387382,0.6719277310981719,-1.234603793226684
0.17183688572198608,-1.9108416334525207,-1.2153198279652366
0.17646379462750406,-0.2777069500223313,-1.263279200434093
0.17929137433309586,0.5464791117735014,-1.2825211785870017
0.17685605557402317,-0.15202993324900357,-1.2762505698616737
0.1724542309123636,-1.6761867054015693,-1.203022807756076
0.17920639518283774,0.5275210497592113,-1.3041013948615008
0.17642162144569085,-0.38610318246860875,-1.160770960668862
0.18364406648624582,1.7472408092240335,-1.247241591340296
0.17648644067997996,-0.2623240175804626,-1.2647419918598195
0.17565357202403645,-0.5147957181650914,-1.26125463749999
0.17390362312741736,-1.1006797713903005,-1.1578084380577771
0.18050259891542264,0.9577825040777538,-1.2816770011637448
0.17600749434775817,-0.4208611449378677,-1.2935278733936788
0.18101221646067925,0.9952392769212273,-1.2222341270910644
0.17957868899392102,0.5834997797840639,-1.1844126329127733
0.17838735773321496,0.19567995171100613,-1.2162697636863864
0.1788090057787149,0.36655868482600523,-1.3219895372984782
0.1733340964860977,-1.5820926765946466,-1.189364867165769
0.17182735148086842,-1.69767499359927,-1.1868464902914173
0.17907372757315992,0.5460495394639779,-1.2118693102847435
0.17942154019096046,0.6174402685842166,-1.2641578075771687
0.17495043539136193,-0.6884409510351531,-1.2596463758503484
0.17786627167659813,0.17019863141997865,-1.1905931673998449
0.17567606485025258,-0.33758152824835697,-1.2558295200145295
0.18183090591104983,1.3334273577289457,-1.316100797298756
0.17497823739214435,-0.5996352809531407,-1.2422696138957237
0.1787175651090406,0.3750878020963884,-1.2936522947098277
0.17608720583792253,-0.45821055938967126,-1.1849753450716787
0.1837856633698331,1.7111656627688692,-1.2552307673380785
0.17379354934190408,-0.9657291852866304,-1.1692969744169368
0.17495757573078993,-0.7949216272301249,-1.1764992542030066
0.1793651459594154,0.6000467992883787,-1.270448559462192
0.17520787778180627,-0.618061271206099,-1.2647402773460255
0.17732230710383398,-0.15322965585824316,-1.1552560690101503
0.17857907497206835,0.33257012176217515,-1.2182273974727629
0.17129005774697986,-1.9426906575227996,-1.2352127062598526
0.18106252616790966,1.101580520517462,-1.2907416804518872
0.17526358723525465,-0.47798407394596143,-1.1984811826508899
0.17817252352629095,0.18611425880057308,-1.3087045271769273
0.17330894328886942,-1.1564080353830826,-1.2314353210317543
0.1783743936995218,0.18303618033320956,-1.1468564660948595
0.17832483040215802,0.2186917328590754,-1.2589373097815924
0.181377370327907,1.101291130995832,-1.2787205437982934
0.17607933306426873,-0.4024878768380068,-1.2207846468155177
0.17728733029306673,-0.06423334354518222,-1.197710038030112
0.17742958701742173,0.11352890902117255,-1.2616864520290014
0.17496280727796815,-0.6248532052487217,-1.147291168603817
0.17333276443116832,-1.099857899311142,-1.2613977375171503
0.17220962554131222,-1.5159791414421255,-1.2603730585445372
0.1751715079080649,-0.5856709905814668,-1.1782213879246308
0.1750423171226785,-0.8350051080407802,-1.2061676152136298
0.17332292923340234,-1.362552506503564,-1.241125949378904
0.18021028326317445,0.7791879437552417,-1.2519479753649851
0.1801772283072738,0.7601714906635022,-1.2997207153881334
0.1789727056497218,0.4884370779125742,-1.2290603651973033
0.17670375442565736,-0.19217817377417248,-1.2018704868625945
0.17839138384903994,0.33111283179476575,-1.3144662669221288
0.18009644705645636,0.7757918873762134,-1.27414625930081
0.17648138581440026,-0.16040464479950028,-1.235048346174436
0.17279653581418308,-1.5191110905797376,-1.1706332214093242
0.17677744968734424,-0.11893834959622368,-1.1991994784213718
0.17674260857350557,-0.19038929622719541,-1.2413927929788655
0.17916374959214193,0.4830974257899991,-1.293305768433295
0.17548416239254402,-0.498034907059281,-1.2544895365908961
0.173281544259287,-1.1919599125847895,-1.2121616562040824
0.17755535712982462,0.09664050048305563,-1.2581644492685398
0.1820831281463676,1.2291945532718775,-1.2208052365817268
0.17257433354598176,-1.221572139085741,-1.272600552884024
0.1786650249926171,0.29304288968318226,-1.1922592060569341
0.1804674662354807,0.8154832734431142,-1.2106404441957557
0.18031115538668407,0.8494598624267968,-1.3099564422518597
0.1788688388527053,0.434657935617511,-1.214132577937985
0.1806463627968454,0.8511967205762503,-1.2354806726057899
0.17685242135734214,-0.19113104529050295,-1.245616631901524
0.17661034785395327,-0.3870802785526298,-1.3077960423329715
0.17612708045734074,-0.579093362770195,-1.1448369058668646
0.17850819570586354,0.3492371193692312,-1.2663392234645805
0.17618844221585342,-0.460103527602291,-1.1957879538216662
0.18454996834810933,2.1024979250022193,-1.3390100793795219
0.18008389867940514,0.8159110008955904,-1.24553008450566
0.18044202167315462,0.8285057539730862,-1.225853646026545
0.18420041203650256,1.9078995591100398,-1.2674571022972883
0.17206112622120517,-1.564719717541358,-1.1873733149496812
0.17880283888774276,0.47468667115569235,-1.3037183740154854
0.1757336664419631,-0.46348647783161534,-1.1732859311859773
0.17842732364489103,0.19157464030773902,-1.1690849997738482
0.17671705838754925,-0.2979769575588403,-1.178987936049567
0.1758535845775226,-0.4788079665264,-1.2711430074928163
0.17606389563758398,-0.4916790244919202,-1.250957045420205
0.17415553064181322,-0.9962319341796151,-1.2132162423449984
0.1794234466533361,0.4197809733194537,-1.2447783225723557
0.17577021179673138,-0.580256071734448,-1.17858983204666
0.1787020267934299,0.36417872959551206,-1.1978575040012092
0.1817454501905911,1.2090549930950143,-1.2555455526975061
0.18348368903052356,1.6745479370940755,-1.2519324810902122
0.18151792012694673,1.0429128329711843,-1.2656883583791738
0.17154631814580196,-1.878504640103464,-1.2342670117590238
0.17975567859465044,0.6006346815666846,-1.1997339241312635
0.17592647382982998,-0.28514679692950945,-1.2562546590077148
0.17959465877818642,0.6733607138428532,-1.2671772081006105
0.18094989182394283,0.9020976120198542,-1.2727605330128215
0.18221440433468614,1.3345092490844854,-1.2323718696855501
0.17292015454001305,-1.3224786477174575,-1.263651659348664
0.17854606935234993,0.3496649644373482,-1.2329247202735822
0.1777371705401724,0.16296892781188696,-1.2356586000968628
0.18079664403834164,0.8484194563641074,-1.1740425945915585
0.17605420205127034,-0.38968505705516776,-1.216090377807167
0.17892707391259444,0.4683168080672331,-1.3081713782799236
0.17574747461402912,-0.4448520145990417,-1.3143073801810894
0.1738808423134063,-1.012706540315406,-1.1426333711089882
0.17920262003190798,0.4597189391763606,-1.1793396621750396
0.17591548757971404,-0.3838569253902816,-1.236214480996632
0.1809585502008126,0.9764035199631774,-1.2476414505230917
0.1797833611249297,0.593829029545373,-1.333252538786157
0.1752018157318679,-0.7803140743996918,-1.3057644208500385
0.1791854809371517,0.5094381373602885,-1.3113345257072617
0.17650319457639818,-0.2409966095494557,-1.2810001467787206
0.182069948829355,1.351040586910599,-1.3228781950490476
0.1735192336909557,-1.1359607957742037,-1.153718044074616
0.17594072449931192,-0.5426609076396651,-1.3132944888549745
0.1722729345473503,-1.4287256334291922,-1.143407520533814
0.18192285709266495,1.192330526536755,-1.2658052155656898
0.17609867565187512,-0.3675135098100564,-1.2895400370455616
0.1749368108165179,-0.6556245512962021,-1.209369576500605
0.18279282920339326,1.410032107529985,-1.182742104508495
0.1788325191816613,0.27855351917788024,-1.2599582571053676
0.18476838380649344,2.05120214827323,-1.2773374392690715
0.17593606638075304,-0.2822950728665282,-1.298384209212135
0.1781773090980453,0.1890228945031377,-1.2840400068149636
0.18321408016950017,1.5684231586275683,-1.2667759191020644
0.17795107525231474,0.16778732826708243,-1.190744013133299
0.17724142320989067,-0.04785009764611968,-1.2667892474050217
0.17781796383292972,0.10958716174087468,-1.2289701327816247
0.17515276666564453,-0.6167009503716909,-1.2310018060894978
0.17681768815492188,-0.4028691800047348,-1.1554457115340302
0.1807453311315555,0.9895213217629775,-1.3058975184881114
0.17658688927693975,-0.33797659662476753,-1.2402099919490785
0.17661439731256137,-0.25722497295148666,-1.1629213450361418
0.18094119055818317,0.9176712994768026,-1.215987612530567
0.1746116226456971,-1.1241226692144068,-1.204212547940526
0.18028824080558928,0.8305077822087009,-1.3089179986018262
0.17728102287874947,0.021825260228085817,-1.1733454646461319
0.17087309810162232,-1.9107261923989254,-1.2332366498348646
0.17426938375487155,-0.9262628969816333,-1.2358476241318064
0.1787771154223596,0.4031883250363628,-1.3243804125796041
0.17802200385268332,0.12766414027441125,-1.2372163421156932
0.17591233818303453,-0.4048107587467261,-1.2494523771205788
0.17523721001487322,-0.6001156281558655,-1.2305866704566588
0.1761091097873425,-0.38394161802841026,-1.2442934219261161
0.17819837077164705,0.2967186494515061,-1.2552858846309156
0.17908400308756958,0.45610486711952436,-1.2220601749180877
0.17578187316680152,-0.5437990200244539,-1.2389922554522945
0.17193505518744742,-1.6777855147695624,-1.226847865120025
0.1807820982847722,1.0052820615416826,-1.3420614243264193
0.17644165527662803,-0.2428491803348466,-1.3059121155005202
0.176371648299677,-0.3040805664527264,-1.1671964653713451
0.17933709655487934,0.4213444215965886,-1.2148328331961515
0.18141780692277754,1.1480825807830608,-1.3339552038015925
0.17931794206692206,0.5200215107017238,-1.2633919848124173
0.17865992712942178,0.2962195521417044,-1.248995779499202
0.1757159871632476,-0.40323696958187966,-1.2331013934292099
0.17335192636087726,-1.0886040648034818,-1.225331285546817
0.17811604010752674,0.22394194124158007,-1.3105144068712862
0.1737968085028885,-1.2441432466252496,-1.248659445640141
0.17884787277458372,0.4033675479923675,-1.2624459278455602
0.17888819406786552,0.42153095085806813,-1.2472758264988593
0.18126249609984618,1.1717429310450043,-1.2620387556377026
0.18001664701140183,0.7439192943837687,-1.1859297543949285
0.17972844982686953,0.7231617547248529,-1.2276237732845279
0.1800402039443842,0.603731372286137,-1.2139340523583952
0.17393182511788718,-1.1026226057857422,-1.28624403972163
0.1762876933404131,-0.3334943484679558,-1.2175544857226883
0.1794442147266833,0.671874445142113,-1.2666042203487757
0.17718814774545324,-0.16785499906203655,-1.0984895094827651
0.17959619317586575,0.6714870761060683,-1.2656194108302719
0.18385039454801447,1.835462722730071,-1.2173003671289264
0.1799139665977538,0.7092492270307419,-1.2358233156403322
0.17975760718745373,0.689973364544864,-1.2523864500190112
0.17661065150195399,-0.17352044839547148,-1.2991198717271948
0.17910909018518797,0.47197173850157254,-1.2269962876749705
0.1833289792552967,1.546712869609616,-1.2316466779096855
0.17322253800716875,-1.211086600068334,-1.186584288833972
0.17492136930813418,-0.8920495206355316,-1.2223301110297116
0.18068764549825075,0.9718831175419566,-1.3330026752958366
0.1731112158113906,-1.4645466458934755,-1.2762945304919044
0.17663384871217852,-0.3383587279836003,-1.186364788879015
0.18167616851820143,1.1096535714776559,-1.1747942447799111
0.1786891105875564,0.38359260843022697,-1.3104239588197188
0.179688179240835,0.7083421091107212,-1.2643272651324085
0.1747354665847447,-0.742926391429459,-1.2543182685501308
0.174319543887432,-0.9149607107777916,-1.1658432707190942
0.17552784485169143,-0.4764784305604785,-1.3017390595746408
0.17815941630749224,0.16630329898570143,-1.2060829441599434
0.17960474251035322,0.7076486879736275,-1.2773844979737878
0.17559360730666776,-0.5151075433229062,-1.2024498832536255
0.17130034813471268,-1.8499263652489584,-1.1300300455931096
0.17725891237146338,-0.06214253191250498,-1.199575222827953
0.17890435679071015,0.40324698063352565,-1.270570775839494
0.17800326343166747,0.05629467391745892,-1.3647667243689383
0.17772607480308114,0.09966433506870379,-1.2383040401141214
0.1797275404780232,0.5112962051010009,-1.2126395068753726
0.18368392150527124,1.6899594548428931,-1.1548635156248797
0.1768121294052421,-0.40504176044484924,-1.3268626353888375
0.1782003346331533,0.1462572447197135,-1.272635616688412
0.17961430865755626,0.5098452099515856,-1.2416141166302654
0.17542856682759167,-0.6763028813871539,-1.2802863872998582
0.17637233338859876,-0.24785070692937067,-1.284353616108313
0.17918951918323894,0.4752167248811693,-1.2150149627842435
0.17768178993704634,-0.0052932910367475905,-1.24171317677522
0.1768617419935217,-0.19125976674627282,-1.2965794103676438
0.17681718915394218,-0.09314162968980527,-1.240344319825225
0.17595731281125518,-0.5015190042202688,-1.1552968892455078
0.1760396724157529,-0.36527248541908397,-1.2125075629089734
0.1811233129718279,1.0955575173969387,-1.2697989246197106
0.18049409915338843,0.8856559847158899,-1.1954264430100452
0.17658392638043097,-0.33114896191372106,-1.2164857402157425
0.17395820648176347,-0.9415357696139728,-1.2836508819008854
0.17945613378341485,0.6495848916400522,-1.2443991550169555
0.1716669445560924,-1.4815931862036371,-1.2350799008150128
0.17524863219884554,-0.6881707021678924,-1.1721460492679474
0.17325957773076797,-1.3873756879879748,-1.2501960925520017
0.17240896212669055,-1.4621457530790858,-1.2557291361212894
0.18065047073367005,0.9563600205891122,-1.3297716700751694
0.1741715262313172,-1.0149308265970243,-1.2052446496032783
0.1795698898585531,0.5666670021981235,-1.180407654770142
0.178178368965711,0.16543530874674686,-1.2461687759565447
0.17882590753479377,0.5032248418477989,-1.2093860438682036
0.1713693514863426,-1.951253382381456,-1.2833923712425297
0.17977354467081783,0.5829957114011937,-1.228617671601307
0.1779892082203095,0.1704357023970816,-1.2809981912561443
0.17536529271210227,-0.7655407725700552,-1.2947246768571388
0.1720389640249389,-1.6157892800621922,-1.3122025095149588
0.17278460415273275,-1.3895439679832193,-1.243521869986958
0.1786870577391751,0.42167160731223774,-1.2393245644728155
0.18314830128678933,1.7444718799871117,-1.3126152580042654
0.1764976725610929,-0.18587668800155574,-1.2293611657541257
0.17578028565849438,-0.4778019535713631,-1.2173260641265489
0.17168917416844065,-1.5739024280755876,-1.2544101492277675
0.18294932848311427,1.604672563771813,-1.2175920362786927
0.17390697038013264,-1.1013472451203528,-1.1296527415890125
0.17757467555831288,0.02896255478359509,-1.2389457101438304
0.17654864039331009,-0.2572839627301542,-1.1911815762486535
0.18056794386631267,0.9202312034252176,-1.3017106858913519
0.18059439126518306,0.8508152055268707,-1.2478089385967095
0.17359649108098774,-1.2066038995229023,-1.1933782307363627
0.1800317128885729,0.8464632384403095,-1.2474776001700882
0.1718821860225739,-1.7877506550143243,-1.2409196045348392
0.1854707062196784,2.1600366907076163,-1.218229321199691
0.17422420795275315,-0.8400262353968437,-1.1356580534268543
0.18395224913291194,1.8716135019300881,-1.2620202184923843
0.1821769359937368,1.4227936392703129,-1.3291043290695064
0.1744052821627109,-0.9631903325934021,-1.329589266612911
0.1794555009620729,0.43999321813249775,-1.2035587652930102
0.17756479016169688,0.07622824251242262,-1.1985164439209708
0.1783352641948634,0.17110649052720323,-1.200708433729209
0.17552933612020621,-0.5264250217392551,-1.1848268327491596
0.1814084918115209,1.0296000925677846,-1.1940772869680258
0.1752969574177255,-0.6085496533982451,-1.2754178327393098
0.17252216452108374,-1.5358177426196855,-1.2562147366611331
0.17473004213190207,-0.6235415851385503,-1.249884490014638
0.17673791963650148,-0.16968240371035287,-1.2943442599345027
0.17991646521805793,0.6900500406329647,-1.2312163412386155
0.17887749833683528,0.24141183709850356,-1.1713840245065945
0.17601536887644564,-0.3683238814887915,-1.2408908969392918
0.17797178098258457,0.10013504300982216,-1.2204894535656061
0.17920534643513925,0.5099756743107655,-1.3085002788602986
0.18284652903476567,1.6181935945445953,-1.3053349747435439
0.3576506193333578,-0.22069299981763407,0.2236872655246144
0.3594193722325667,0.11491216770248322,0.22925031887732564
0.3581831095718612,-0.01589577679839219,0.11483446477533008
0.35735616478878846,-0.40723666051777174,0.17530237066218904
0.3584034537324408,-0.04236796464952868,0.2049045149094417
0.35986763033006225,0.47659656341625406,0.2320394423907483
0.356898538469593,-0.4566538586014397,0.19111528951401868
0.35697372722762205,-0.40490931203363667,0.12986741646121897
0.36153365854967223,0.9649739423476378,0.19335155142292515
0.3568125602886097,-0.38642735323087263,0.18758437339126888
0.35603663660143137,-0.6854203799172883,0.11877293707515095
0.3577559481766159,-0.06583795687806998,0.16243061995675254
0.35854895659144653,0.22968593992782932,0.1402298058788286
0.3557701606153165,-0.6209716936914561,0.1322060705566909
0.36317325341915296,1.4232544978716668,0.20740175039283001
0.35741234366624136,-0.26149181797626436,0.17239377630216587
0.3536847679754357,-1.328685721051541,0.25841368112397056
0.3601664362496227,0.31104526968895674,0.30600637632480604
0.35568487084987893,-0.8133027880732279,0.26041520085993547
0.35561353457202144,-0.6583370117218447,0.16268577399528847
0.3577381401101331,-0.2268013753142785,0.2282444030192462
0.35954869277366436,0.42125049819412985,0.17841852540658412
0.35243865124163787,-1.6970779103822666,0.07541818300642843
0.355853474079246,-0.607910938308305,0.10255267969906129
0.3592276405811328,0.22289591662263666,0.1441363717765578
0.35895036249685597,0.22063817095012983,0.13092164905704745
0.35824068628389927,0.026605250902924975,0.18996873436527
0.3650599845282375,1.9971561953924937,0.19373095529895332
0.35910155570007163,0.25630635416277436,0.07455875584069108
0.35473215507823436,-1.1076220929780731,0.16407903319451617
0.3647187071727865,1.975974226101082,0.1906184225681133
0.357875511108693,-0.43861790894888764,0.18130807360078977
0.36143333813869866,1.0015279818786818,0.17768760402034975
0.35886506107865795,0.20577087008388478,0.20070462688125876
0.35940517584246895,0.1483917257405804,0.2880720230105147
0.3594423450187204,0.27824330098636446,0.18659270475814818
0.3599964546524381,0.32628048820064787,0.19487581917184013
0.35813520049437414,-0.050902897653823914,0.10992297763650709
0.36420972397723805,1.6027357582215986,0.1907509399831193
0.35818194457430497,-0.19218273264880195,0.24484454541725037
0.3526620355129721,-1.5221764104920632,0.19067563524892944
0.35462333971726917,-1.3698060351625747,0.158916109391464
0.35967585336287505,0.5974675921267042,0.19580952333459836
0.35249889631766307,-1.5706979279224818,0.2244771353566559
0.35593887962157006,-0.8584798449064508,0.16186093901414167
0.3598578762798221,0.5985175799546811,0.15519109609985668
0.35843266916949335,0.2860290604592906,0.11761465376482778
0.3556387829382711,-0.6727261507659775,0.19216561210603075
0.3562465291929861,-0.4456339123791755,0.1502465346270271
0.3599726798446987,0.2413992681436679,0.12014213737151261
0.3571582378792217,-0.17431530129112463,0.19753669589012637
0.35919079945539883,0.4141451727094653,0.15293074011331254
0.3570955900363953,-0.24767720892701023,0.24532656512424436
0.3561817393276206,-0.4435621850942932,0.17478563524651766
0.3568996992875544,-0.3052609595518497,0.24608308953848004
0.361246894757977,0.857807854997141,0.18764678377981986
0.3582408468145381,0.041744891732316367,0.17798404625634065
0.35493209509503826,-1.0014263454911099,0.30341572664465805
0.35733581192872416,-0.1903613400492415,0.1117672383772495
0.3605153948019422,0.3443294587215028,0.2091537194773476
0.357536932340936,-0.2760523613572065,0.23396719400366142
0.3562346889878025,-0.5807116046040056,0.1703592714996594
0.3586482758716968,0.16957954106193093,0.16959311009178993
0.36402522207574994,1.718797698531964,0.15093702428749725
0.35591797131813785,-0.703972114705371,0.2619713421950807
0.35752612409521584,-0.4972171602428757,0.21239133690738551
0.35915221619645343,0.22621213072118293,0.18670389734779824
0.35796853252281763,-0.18768852019328464,0.15301905370973015
0.3609303762432129,0.559163319528895,0.17958644565065263
0.35664927659796436,-0.5080182223657389,0.24471740071456563
0.3555539585045898,-0.521557670492723,0.1510574949095475
0.3623612807021617,1.1708653245017526,0.1693356692372752
0.3585505058975049,0.1336270706474079,0.1594449352738097
0.355082652686085,-1.0128114583075798,0.09522944480497142
0.3633067904613986,1.2280058689637305,0.20184754763127383
0.3559712177666496,-0.6204577512428854,0.06806940483601893
0.3643377791276989,1.7103619302466473,0.2096605104011785
0.35924824931806626,0.41069745853578526,0.20651387960027415
0.3539871922858215,-1.297626296572462,0.161708291335218
0.36288123976572584,1.2602333056065922,0.28589478137176877
0.3550064720503562,-0.8492047187761503,0.22815176212029564
0.3579578412886095,-0.06540016146220824,0.13930362908224422
0.36265001498362487,1.0308297760952867,0.20261958947979689
0.35722650815389967,-0.1814653413342382,0.04915721642281774
0.35373457452751084,-1.1940141985203259,0.1917037354810668
0.35870872913062757,0.06131906187050043,0.19113060754588895
0.362790673530611,1.3477172075207229,0.1287978764266198
0.3608538362494718,0.9016540354443768,0.16687869089118568
0.354459346143674,-1.2546605989816257,0.245872798190588
0.3525490806887857,-1.6118050630410226,0.04278874391688235
0.3619453731132341,1.0849731899040491,0.22154602945139476
0.35922796428444836,-0.04407498705534854,0.22452269455132565
0.3577654054224065,-0.11460376287074735,0.20728900500826267
0.3591116621180953,0.24393705874116245,0.2575613594689635
0.3605261909100519,0.7901922701140841,0.10873948254643889
0.36055639194558764,0.8260270912459883,0.14402155862062904
0.35242831481578957,-1.9241180648805496,0.28481302470463604
0.3581091565381331,-0.06121549879476688,0.1938163626593919
0.3533451787009536,-1.4478327475248804,0.26947220327150867
0.36351534443252703,1.6167403513940188,0.156576678990031
0.35723970346022477,-0.4792755650356863,0.20537456162958267
0.3565534064177794,-0.6505891755045247,0.23427044151146992
0.3552256075032642,-0.8803787541104295,0.12605528036042665
0.36348005173520914,1.5147444677670217,0.21547985690166202
0.3629932777862137,0.8806590329494661,0.1633205135676127
0.3541849353052855,-1.4563065183502633,0.20890332105321
0.3545092278888556,-1.055333648455581,0.06450106479910678
0.36061379897081003,0.741632789832992,0.18559268101301268
0.35525343048474256,-0.760999144970418,0.15716529402412277
0.3633062046988395,1.3714487227621208,0.22524079404221467
0.360977531143632,0.49437322110110343,0.18913489201126732
0.35678728579526187,-0.49469358478602676,0.12655820122447553
0.36556177312465693,1.9796384165046663,0.17900912611822178
0.3580890536756164,-0.18574730785694446,0.24022922787467924
0.35682069110818676,-0.4725001766089071,0.2579110525371214
0.36481477588249095,1.781545825723136,0.1966795077277056
0.35913639136927095,0.06204873866085166,0.22450983724326873
0.35956450101502807,0.31688603395682113,0.2400207186384783
0.3550434574696176,-0.9475902285112996,0.10552001001406595
0.36298241786597946,1.2402184487514751,0.24314487661329043
0.35371702604671396,-1.6084848269927738,0.18986478174251412
0.3614940440169751,0.8792309245549415,0.1320677256462815
0.35868135885690117,0.27312072230438494,0.10803392654402325
0.3534390156755296,-1.552969641558367,0.17166691560373679
0.35554978514650215,-0.6630516286985882,0.18407841603603387
0.36551776097493166,2.1033483345445876,0.16234676076926674
0.35716970430093176,-0.4384223436579883,0.23113498067275284
0.3594940798885654,0.4364633846816551,0.16254488874296047
0.36058582758062346,0.5998020136737721,0.22048102303641542
0.35702925926501083,-0.19023286379089788,0.15445543828757513
0.35234242923006975,-1.6967143574258359,0.22414264577375578
0.3505113032242153,-2.1270493362521528,0.17282239658930978
0.3592644785088743,0.1536282929170349,0.19301597804883128
0.36348005173520914,1.5147444677670217,0.21547985690166202
0.35684752221376964,-0.26788063265937484,0.188621280220064
0.3550597100089315,-1.0648448471497227,0.21171461677423062
0.36533356961880453,1.9968290270180122,0.20887539648722228
0.36271953118901357,1.0668269764699212,0.23799196657365118
0.3562544390952791,-0.5393031266287905,0.23115661987931654
0.35872742101393934,0.26913890540705476,0.20471826236352456
0.36171771566047706,0.9745996152873755,0.10577085512587713
0.35798349487607745,-0.24621121832173062,0.19148797001068701
0.35544681281752716,-0.7909665844646914,0.24517434686880538
0.35800331415491493,0.10379976137657011,0.16602268431066103
0.3548322643343467,-0.9784795201898707,0.1551040096611843
0.3552130373391889,-0.7712777775165995,0.16110397623389602
0.35473601211578,-1.1942543313248455,0.30971781676928406
0.3577422819619967,-0.15527026992528378,0.07466547649908852
0.3603360456746077,0.6350700679091557,0.2176807244746293
0.35660956810170286,-0.3717284150386294,0.21650252971756684
0.36150606181054784,1.02736860853117,0.20440589064967943
0.3604942508463541,0.8656004616832034,0.1035242534524751
0.3547056583056076,-1.0012218636361425,0.15679773310760828
0.3642018320533569,1.3172355212100317,0.19713009997059608
0.3573754960755116,-0.4967412567209827,0.22798296973777935
0.3554302289623667,-0.7950219422394166,0.2622454282331292
0.35706879925652696,-0.38905453666355866,0.14895621747899324
0.3604167007312007,0.6906683389518374,0.1714992529935665
0.36367989593179284,1.6183898337308733,0.18900542154666325
0.3606018907765684,0.7234294095595125,0.1860746668697487
0.3562629208339757,-0.6975515020517346,0.31607119066118267
0.3589787817387467,0.26042468634108623,0.19683471797783544
0.3590567003232375,0.16912022614764521,0.16171604677990903
0.36300379430746144,1.3798009978290096,0.20861193640030223
0.3564194563035457,-0.26683611342063246,0.19175904455793874
0.3540818283105641,-1.2166868903434482,0.2247521061095041
0.35841646019453677,-0.008910137794300832,0.1677337026029348
0.35864905679181946,-0.007968521637264026,0.27810155689926164
0.3567276170584147,-0.3775853679266315,0.26408158391449665
0.3535380313150225,-1.3619015523187596,0.10240658430973872
0.3566564023827515,-0.388220754176049,0.07263593642707047
0.3543661828603984,-1.1764258731656465,0.1249025444181782
0.3581822405244699,-0.09761873688784174,0.19362703053666108
0.3564714097140257,-0.6688387675077947,0.2542563632198192
0.35817067294905636,0.02273823617132344,0.20502741633317687
0.3525202580870611,-1.684408718190428,0.12229423822097406
0.3591489129370276,0.010585671946460236,0.2678319759149404
0.3558877162964546,-0.6303359807214206,0.30386683878215714
0.36215035350300534,1.2963300440385674,0.11350666275875657
0.3638721168912667,1.6901002324151009,0.1735865093899951
0.3600409025169176,0.3512219022675363,0.20671344938042588
0.3585614487097028,0.18401497129412733,0.06947866887720953
0.36009817235387676,0.49255172331743985,0.1897792059627024
0.35738693675130423,-0.4928232844410057,0.1543056025917551
0.35373759104696423,-1.1436209611089807,0.18446397436238182
0.365211216435077,1.8866398354970981,0.21225902064684923
0.3541588913448531,-1.1648665192514909,0.15939996653694344
0.35675543211738514,-0.31279923671611637,0.18027332902612803
0.3616790320716857,1.188919764426716,0.14757708455578222
0.36585481528966696,2.0872259600787504,0.21548895125927636
0.3544291509935773,-1.2299146702477604,0.2433294610432653
0.3547802443041302,-0.8817350457684534,0.0396868625264821
0.3646575970909285,1.9580807959102642,0.19092705236044724
0.36000675041525854,0.5268463473406804,0.1449504322271977
0.3559678636319688,-0.45544538266822904,0.19091885817692
0.3571135640073895,-0.4743311595679098,0.2204050726747014
0.3634825141826465,1.4072262911490538,0.2055589658436091
0.36040815503432067,0.760058072952818,0.11951831216636684
0.360758678185417,0.5385776570861367,0.1273357653003131
0.35727907172786655,-0.6885794977158198,0.30102205337269583
0.3540418660325605,-1.3812543204491552,0.12258655698138314
0.36264485588911793,1.0314747924290937,0.25261116892823826
0.3573173326300694,-0.35354221306003203,0.2134818621573586
0.36155266499097893,0.8685415219147585,0.19694970807484985
0.3594696959999401,0.3838678013278604,0.17709585586628696
0.35732740438089394,-0.33306704998067743,0.29694084647988767
0.35356001366093115,-1.4472464991388807,0.17496592281282078
0.35647730334502864,-0.305095894405678,0.18432378801572946
0.3547015784750194,-0.876359171774244,0.2500710451655528
0.35218598495043474,-1.6432655206951916,0.15730639926700996
0.36545782398732324,2.0326528867371207,0.19569021288416397
0.35642519279115165,-0.5076858951071619,0.08076290904751232
0.35871125326869324,-0.13298607353834474,0.23066628649258014
0.3643080440868651,1.5395140086880987,0.15608117464232496
0.3610887178826888,0.6205242609591588,0.25326472591260496
0.3595437637250678,0.502568853049578,0.13571714033795454
0.3637842306584702,1.3696790285491487,0.20750564741822325
0.35874515168634236,0.34289936775363106,0.11408941042025567
0.35792907750609004,-0.1206097348766946,0.13862713284266068
0.3526171596615873,-1.869400473794198,0.1858204067620654
0.3591989623747625,0.11755857841724048,0.21386698592171297
0.3579834698495414,-0.1190278000890507,0.1141896397850186
0.3608703657683944,0.4884814878414941,0.24098784732809236
0.3601150185988176,0.5973468575986571,0.1287070411648362
0.3589451337631311,0.18983124935702997,0.21209130315288008
0.3544916005478146,-1.373766136955712,0.2693541735454231
0.3603623205358427,0.6001271283770164,0.2095611569102157
0.3567900576855043,-0.27953233826391083,0.12682180200157794
0.36173998630246046,0.737761333522031,0.2741011390090961
0.3525450147610826,-1.6655961033516637,0.20231626216134263
0.36011279217906145,0.2556961264073983,0.21049299455398618
0.35370912919704794,-1.3328828698141837,0.24488809449678822
0.3621457746479061,1.1555226711118198,0.19645576494357922
0.361751709514646,1.0462653146823455,0.20556444932003523
0.3550640890862808,-1.0880673286127733,0.26962811432434225
0.3575255409875114,-0.1928976753051312,0.10647949584843826
0.35411066017619813,-1.1333295668830148,0.23640002404237115
0.3607233597105089,0.8071436638108815,0.12070726648598686
0.35632438679870193,-0.954969151813484,0.2526440997278774
0.3594553392423064,0.45122184208543414,0.15579419329695834
0.35699995499806697,-0.4078831367760484,0.17736380263353843
0.36173263857318294,0.8688464026300661,0.23834491072473354
0.3535920545848832,-1.2544933348562441,0.21244967735101683
0.3611894000885784,0.6725855873321838,0.2789054402519515
0.35665869194339644,-0.507776519815441,0.2524756188992642
0.3582411596136872,0.19666085184874252,0.2133008281015935
0.3562243202621723,-0.4920492146388274,0.21702431712211986
0.35618463970191777,-0.6624164793553947,0.29501103708823195
0.35007450886802344,0.007737936243037384,-2.543680996062097
0.3563788599681553,-0.4439477947975073,0.22118902869931276
0.3556444445983436,-0.8642463001293486,0.1400517412979823
0.3635551201383193,1.3337521221332633,0.1868620789730637
0.3582322767211003,0.08785512890000831,0.21059921518519778
0.35818113877825414,-0.36570685641827766,0.2027224756335961
0.35854147049091206,0.041414111114366096,0.2503384593286364
0.35837339994764833,-0.29289189326028053,0.25255485996080074
0.36191825673486616,1.0054599588397057,0.09875475004753312
0.3568721081195049,-0.2823077516476067,0.19742167970235522
0.35766941105238853,-0.10295587696449447,0.20847597126948691
0.35494711289303965,-1.0178969951577885,0.10378005871738262
0.36014078086852297,0.49234527671617706,0.18754022977488788
0.35669066408554184,-0.29141474221923314,0.2794055743128793
0.3593760079624468,0.34762655247633395,0.1913510148969253
0.35794755620348007,0.07994478959567675,0.17320077758938396
0.35709076666257017,-0.509896509844356,0.1809581329913472
0.35887833482817477,0.2526818208623552,0.12386272726589216
0.35790662700169246,0.09787351537087638,0.16572847151753972
0.3527163612255572,-1.8036885851197102,0.1995044387907858
0.35559221797243173,-0.7455892528506642,0.23525761917695917
0.35792603828091907,-0.3987154978881044,0.2606723270184243
0.3634925900026021,1.5428499547316459,0.19641274916951612
0.361258153097586,0.9174136782225185,0.2310306032304597
0.35733146392826476,-0.17461164412472993,0.18990642470585123
0.3550502453182335,-0.9738156237415124,0.14855165491166947
0.35931171204898643,0.4312031379863721,0.199168505028171
0.36013254683054946,0.31386941673070784,0.1879033848287684
0.3625075817964333,1.2797849820788605,0.1782353640364318
0.3592465592688381,0.32723656933541856,0.18213003996986268
0.3596383005349623,0.4556051457535542,0.22414270968579256
0.35865060650733127,-0.3472797568915508,0.23141592874887354
0.3613276536133075,0.8692938144039474,0.16688406453289303
0.35803068873324356,0.08091164457672324,0.20469740983759124
0.35512370168975316,-0.836065469357581,0.09794205293574362
0.35456632231491464,-0.9816108012673432,0.16116230422920808
0.3535917896650529,-1.5527741061385518,0.1943633131895931
0.35763779155543873,-0.31661353439397016,0.16433972850123624
0.361928502749111,0.9210921713725182,0.18269354424654544
0.3576025548624763,-0.11720251709162521,0.17566605568004456
0.36415245200464286,1.5779563507354,0.2388570400396181
0.36056453579703074,0.4011637147685133,0.29032371910558785
0.35341604484418687,-1.2702945333456945,0.21382046785168854
0.35244639544150413,-1.8300831864395783,0.10954893025879851
0.3509587014509467,-2.0441030786332837,0.0808020732482573
0.3536251718890046,-1.0755109773744318,0.16948438053866674
0.355201337684976,-0.7611155130307945,0.2163715970150236
0.3570620529247482,-0.34943975350392104,0.25458236982200744
0.35582940569893035,-0.6191305317207821,0.2131278679731926
0.3641791767259683,1.3637454350201823,0.18939041158047665
0.35975991731520074,0.4829296563559696,0.13324984368199064
0.3571691665220928,-0.1960277163050113,0.23167154773874082
0.35953598235967277,0.13308183947338492,0.16303626973609714
0.3584175174404264,0.06322835849506578,0.1964397170710248
0.36260768480745564,1.2297353542665537,0.21839334586364822
0.35812104337187517,-0.19024377924264238,0.11741660931780454
0.3641124446294507,1.7437938871284469,0.20202680602370232
0.3602539562359301,0.5271361634542487,0.0969013882052074
0.3572232644359482,-0.3213141789272718,0.13850221160181697
0.3550626823356241,-1.1221164404240944,0.10298865374007367
0.35288529407998614,-1.4154363569256012,0.14546620994260387
0.36127290895773556,0.8702888842976788,0.22378536222813913
0.3611188547546597,0.880271329489127,0.11719566203355664
0.360550202316704,0.7074698651620024,0.13939297330730244
0.3619506790200698,1.0425897209359507,0.07378084838923177
0.3556140380867864,-0.5379138039189859,0.24334795737734777
0.3538532121865677,-1.5387311690089178,0.15107884467595933
0.36294298258727087,1.0796183288296628,0.1967129119144105
0.3633615339932996,1.5661198511136107,0.1371865803648588
0.3610798109925229,0.9086871359790386,0.22931535579941428
0.3657423900284759,2.014754110941217,0.22993544710278824
0.35378760384029906,-1.161010916463275,0.16537280489528602
0.3588600572244989,0.24263158617819444,0.21353922294493394
0.3563591344316772,-0.40622966415526907,0.18103158012197473
0.358260079615861,-0.08076525665438387,0.1635476028831889
0.3517065938983014,-1.9127819296424484,0.1798842526402418
0.3604333061113301,0.3851597842350351,0.16983588402197478
0.359328950772585,0.222698850034811,0.09639177843479656
0.36117147322593623,0.773272412800051,0.08451283705856474
0.3583769387711548,-0.02549959286167577,0.21060994606331318
0.3509109761964101,0.009132600777239637,-2.546310687168606
0.35720211547569813,-0.13393358702425986,0.20479768670018067
0.3542146934093836,-1.0535256915963014,0.1480735404169736
0.3540502249594452,-1.2748779590559265,0.3350153093685224
0.3598154637815227,0.5970364593607995,0.15530494044498686
0.3574297390647055,-0.3510468683321178,0.09545798726435714
0.35207730552843475,-1.8255101171837613,0.11629381624608853
0.35782381366108185,-0.028931429318440043,0.21328758024533243
0.35744363021179415,0.018373000624322122,0.17972005981794698
0.3616608563856471,1.116637457687755,0.08679064953206699
0.358410083537124,0.054709476643152836,0.1300174241243976
0.3514180447840354,-2.0090390535064437,0.1587965383571058
0.35477039388144105,-0.8342898135486375,0.17944007065702677
0.36506002512695984,2.048485334018971,0.18626235352532974
0.3585332609295913,0.051895934056115776,0.25551490436755436
0.35284638105643223,-1.6516419349342635,0.17788552116514342
0.35919707022312836,0.2938299320534689,0.22810510689392358
0.35690785145564585,-0.49438158982805813,0.24323754342117201
0.3623602911514521,1.3216410373835057,0.21329923063663894
0.3575537657960702,-0.635905206885732,0.2504896576638256
0.3566646685195066,-0.6535811870080639,0.301171839169953
0.36130470548341026,0.8519641191877199,0.189713230673506
0.3620416966405495,1.0077948501688967,0.2068833373331532
0.36078556295157316,0.7421277842563551,0.24917437156374575
0.3602943916093185,0.6010542967318482,0.20793484971676668
0.35809994540843504,-0.1585071939232517,0.17034744023399523
0.3598174192561351,0.5603649055882808,0.12312713370416994
0.36122738940448323,0.8307824280538413,0.1443827756923862
0.3580013664606593,-0.0366458389821159,0.16172829461564467
0.3577616644734237,-0.18884314369115388,0.14470104610615284
0.3567885864347068,-0.38962748797403196,0.20332325493282277
0.36053511304032676,0.6374363537431791,0.24779644888259564
0.35667647803137864,-0.4603789622448857,0.20528936678655585
0.3587196863209355,-0.015022722946321862,0.13109299967884594
0.3549724547466753,-0.9290118779661803,0.10070080582152505
0.36510529884636195,2.1679001762210937,0.10996821265389395
0.35814211230876153,0.018971499504124415,0.20701582855128078
0.35554653324810914,-0.6690779114891631,0.06160347326562874
0.3605006395316513,0.6890169637709922,0.16881861692189684
0.3583485767225351,0.23495891578712955,0.1636393249679242
0.3585538772261547,0.252992649228871,0.16046442137840652
0.3552270940746814,-0.7022655469282365,0.2721214729039669
0.3553396690665451,-0.8798246168905249,0.17552425606208114
0.35366316061968417,-1.2934435416072187,0.22658151323406786
0.35355897646743745,-1.4352699365021455,0.2970034953209043
0.3637441757918861,1.4967879308431973,0.20383810382681217
0.3592371587275195,0.3144346016937386,0.2058048696165576
0.3621225582328658,1.1026977930185355,0.20489130003746275
0.36141496105924614,0.7008849667388957,0.23328826762656552
0.3528929579704065,-1.590821398062574,0.12020962002893966
0.35782992794254115,-0.014918415295052827,0.15221721819368303
0.3533713033936127,-1.4516378051347387,0.16201772027554234
0.3587934102652187,0.11850724109946406,0.21311106011418526
0.3519027224922739,-1.8845810742346147,0.16907329387747744
0.35953493939134057,0.058812489427433175,0.24529170201281839
0.3530288895514192,-1.5187530388669752,0.16438303436502757
0.3555766467447803,-0.9115109869204565,0.23119672538907562
0.3557305847037588,-0.7694299691770009,0.14481201397831392
0.36121764072810153,0.9164662280371881,0.1804879074842542
0.3596616681339233,0.23604186674464003,0.23854325363398876
0.3598257342590454,0.5759262882283718,0.19468416626906865
0.35909242847406797,0.2495681569256915,0.23426531956820584
0.35253189797602885,-1.654759006900877,0.09858671546617477
0.35660220252753494,-0.40608906082285834,0.14293597669100563
0.3576856624969488,-0.3686187921522359,0.22955158194653655
0.35620752735992683,-0.40744911072564505,0.15519463097340166
0.3593721088373447,0.41822636709675504,0.1820790695787389
0.3536736981330803,-1.1637913828264586,0.1352368065042803
0.36209153146398726,1.2076694909794314,0.164189165236117
0.3535982520640937,-1.3042694263827919,0.1074042702416513
0.3566249879546575,-0.2370076345265978,0.21139410088522534
0.35925507349801283,0.07337220889500726,0.1780081534632231
0.35534349758001615,-0.8869734898420675,0.17165146045645605
0.3569237146412316,-0.24360100731810902,0.16836729410668358
0.3528716933882224,-1.6041109045508029,0.25014933749118756
0.35579555027841137,-0.6241833326227261,0.2516034409781938
0.3591407826300178,0.20384111937102925,0.16551471394471712
0.355477838019464,-0.9237288536932048,0.2456037121366284
0.36004364367640074,0.36945506835912967,0.1991247465578502
0.35614066135102235,-0.5123944724034081,0.21401798150690132
0.35673324928127553,-0.2797529043744401,0.2123903979915802
0.353043007167856,-1.3625294551567049,0.2528402790314654
0.3575426937391507,-0.1712885462550922,0.19009020638286428
0.35708308284765844,-0.2299245385433323,0.15741131807180928
0.3585906667244183,0.30763385352193073,0.1666616565006557
0.3591900695636991,-0.009408561714155945,0.22925367160936572
0.3560922949496216,-0.5167556034650389,0.1425692277139579
0.3592257643163164,0.33193907768065994,0.19901117679460037
0.35685118636236085,-0.21781718803370406,0.2217955479490559
0.3640406563759237,1.7080697946165584,0.18018503985485737
0.3658774389053959,2.1375882239750075,0.20247039394012675
0.35626186491467426,-0.6355985643079406,0.16595399799244873
0.36362502109462147,1.4328080937454324,0.07288316199946829
0.3551629934415671,-0.8054912117004721,0.16228176971787187
0.3552810023794136,-0.8047630640917369,0.28093951512616017
0.36091774888494893,0.7405459394621884,0.21601065905244873
0.35700567234740915,-0.2951188410752523,0.1713663886514284
0.36121190777795786,0.9357863211819897,0.09806567145128975
0.3602785293835697,0.36507738815693425,0.15497885203112438
0.3609253829859736,0.7446555486439881,0.20878321816742737
0.35369515419754455,-1.2843342663313617,0.24324204557724288
0.3595070013977283,0.3981808711780592,0.09128890120282619
0.3560762109615734,-0.5513956458966265,0.1627802591842983
0.360860336753498,0.689158660193791,0.2290026894280218
0.3571294776072411,-0.34165946092914046,0.2228683471972125
0.36119572815985845,0.8474652607848401,0.13357680187221813
0.35784551691983446,0.07998008518005878,0.16603710130987367
0.3636353072376251,1.6812387554621537,0.1794572237460111
0.35741043855982,-0.36508053833428283,0.1957186396658504
0.35686471740139664,-0.3592356013317907,0.17409662907543477
0.35732502084031864,-0.2495819438947702,0.11738053491861816
0.3569240049579424,-0.4084565840043976,0.14075293629431768
0.3622635165176399,0.9605566712719863,0.2160171611041671
0.36046402122142535,0.8322131995548729,0.16420281983129115
0.362593749767414,1.2622371806066153,0.22014358021970368
0.36036745575060414,0.7531890345044847,0.23383834989532296
0.35754512922743503,-0.009467326515887798,0.16943912972492517
0.3597153947938902,0.3810667915326055,0.26553703695141123
0.3545478114840334,-1.0452644255511818,0.07108542116436868
0.3574543454902729,-0.06483513000833213,0.13496780100709152
0.35394952576926725,-1.0899576908379913,0.24184265633021523
0.35758739755144947,-0.31159163753574776,0.19747761387078167
0.3572189500849877,-0.3009816878688999,0.1864740458477091
0.3556558222730562,-0.8184345101379261,0.24192830111695623
0.3595902334776274,0.42268823761637475,0.1879622929377321
0.35703734217540756,-0.24237020932286482,0.16171663973939995
0.3543768920157936,-1.0829131658721114,0.2558110434027278
0.3591503282605842,0.241280517894661,0.20090059883146885
0.35559377169911527,-0.9087985333964415,0.15188301227597242
0.35528878559848664,-0.7989455937572415,0.2291026535215631
0.3644089391565167,1.7981003922431096,0.2076155543646074
0.3638139490264354,1.6009329194789277,0.16245404696743337
0.3608913742055831,0.6737962334150818,0.23118817577724496
0.3594191467346425,0.1864184309777572,0.1922103085253018
0.3644593783719262,1.5292662203359282,0.18716095018023443
0.3591392589518219,0.30148122908514635,0.23116901212496588
0.3557938903110037,-0.7945852696308527,0.23126944008835004
0.35871724584253084,0.30465201896108823,0.1357479459774135
0.3614858070156613,0.9888162220176653,0.12871534545632143
0.35585074138451667,-0.5874954669755843,0.17682775121706298
0.358119224652618,-0.12241690438562167,0.2275215889795821
0.3615176642558309,0.87892928555325,0.14456818169971866
0.35105509416496994,-1.9661450018954958,0.2315400848424598
0.35729541210021687,-0.08418545062158915,0.1462065590617504
0.3523442426187413,-1.7330054419075955,0.2276001603259745
0.36564570070290875,2.015378565467843,0.24839397266336483
0.3543698556645066,-1.1532171974574728,0.24816267124951347
0.3579727507736866,-0.038030527773662205,0.0989668341860003
0.35658342814001504,-0.4022183230059712,0.2280487927638652
0.3525461531192311,-1.7676188071904337,0.3188253575120621
0.35684653317856124,-0.5478920223693908,0.1907049939182916
0.36027425803350394,0.6329486065392418,0.10040502731181457
0.3557736608064469,-0.8000996817989314,0.23276689236630194
0.3569152763184824,-0.37562547671215435,0.19512695938381053
0.3618648301385158,1.0833963181943977,0.1907124580437172
0.35462102116594546,-1.034075108391935,0.23465264063133628
0.35827763783284555,-0.4956894398609762,0.2087903188732074
0.36019562697992746,0.5663408676229849,0.21898015276032562
0.36013109378161057,0.5296018037541425,0.1532103001635677
0.3612199193634269,0.7972854811089204,0.1796734561746046
0.365497220095313,2.067955147148492,0.15690213443824125
0.36175612253376416,0.9693947738980327,0.18465012212236856
0.3563576909946334,-0.4062465163111821,0.16717828568548992
0.35251880010394854,-1.8169239712277185,0.21919775010234363
0.35881468430089425,0.27790213429406246,0.15706859168522874
0.3643366831470536,1.8673468573571246,0.18139235437098994
0.35894054038649076,0.02280238082827535,0.20138336193147313
0.35514900012592665,-1.0387971601515755,0.19906744633636106
0.3533856956897288,-1.38994353325739,0.11958082868700588
0.36188538155391853,0.6900707275774877,0.2441173921159731
0.35395941176007295,-1.345187247107898,0.11200630982745359
0.3584791697364262,0.08191685966277035,0.2149735524836153
0.3585829066861643,0.2677103583613542,0.18665317248764823
0.3611490624026797,0.6361742797080774,0.21900618753803988
0.35678254472466864,-0.32376465369526053,0.226901287255188
0.3558117158828304,-0.6730959713295105,0.12585207401158052
0.3576986500663635,-0.22345659906195015,0.19886986983723307
0.3552314704293485,-0.993802646089368,0.19841471175944098
0.3584324978376332,-0.007970544545420937,0.22210559239375705
0.35581498089294966,-0.4803833814109233,0.20983774773826835
0.3574013167967557,-0.14259300175899553,0.24058347905239436
0.36007155182254114,0.508378550298593,0.21634249495140978
0.35788522326477124,-0.020155071413102063,0.15386537933522831
0.3554586018572853,-0.9812330580285485,0.23680820314701057
0.3657189851700581,2.156680771834404,0.16728075214407057
0.36570505843446116,2.1048669970732266,0.18375634050252865
0.3565295844177108,-0.6264829149787695,0.08337397370234677
0.3608798701253411,0.7918133087858291,0.19460486772116756
0.36347879273369976,1.2819395467843355,0.2209145292026488
0.36123153871159985,0.7056370599709959,0.19440056724811894
0.359894100517847,0.22523517775862165,0.2661673786055459
0.35473554424399245,-1.0698656324869809,0.2746451013091553
0.35454528702462546,-0.9997391026595579,0.18637536779237807
0.3574709921031756,-0.31206219501602234,0.20388841294436708
0.35249259409834666,-1.846627091096823,0.1257450570247669
0.35487535269616566,-0.8533545065075471,0.21452015702395968
0.35527289146746455,-0.7455766917901054,0.19493006759727197
0.3594460386753991,0.4013711509486877,0.20973112328402913
0.35435786447303774,-1.339470643983155,0.15415166533887334
0.3565831040046481,-0.35005286452880013,0.20144749172548002
0.3585492450484312,0.12799293157857225,0.07147054050176226
0.35891129774510977,0.270833675073739,0.15217452229431702
0.3513332454059761,-1.9525737113510162,0.12140281065867478
0.3571992882104939,-0.31513854054777685,0.1444254805044891
0.35625540667002675,-0.6920088209577205,0.1866948951769323
0.35973810260791056,0.360267813782803,0.1576354145565248
0.35510312832823665,-0.8869417716884994,0.2116979106059786
0.3584264650252574,0.20613923739571752,0.1666743781414835
0.36054731121704564,0.6697703479478025,0.13590226362570254
0.3582342021911634,0.15184495821487087,0.17105899502653069
0.36049580243774,0.6724000559597476,0.20478876933659518
0.35787883053045355,-0.1891410862515753,0.24642665935118588
0.35291526057131983,-1.57002210322792,0.22623589335685446
0.36267978471139367,1.45810206854088,0.14619032307853316
0.36176437872521316,1.0307532500324699,0.20563487257313762
0.36189997508946153,1.2597115273394128,0.12292393408606635
0.35810083584568336,-0.06380348944318576,0.15006255750190717
0.3576258210014119,-0.31407049768232737,0.1141194365549149
0.3649704535626402,1.8540204330397505,0.17070774442084446
0.35803457351342316,0.13283541814690317,0.1762173204605688
0.35762416521538787,-0.27510003204160444,0.21716518712231547
0.35745278639794037,-0.38594945671731345,0.22706337000178556
0.356435411830046,-0.43532664173167346,0.18066549252470182
0.3595170544042596,0.23844423729911382,0.27026813211124956
0.3526153502883112,-1.6742338353219635,0.12219793294372064
0.3576712313509025,-0.2057423059795776,0.1463373122869738
0.3605372838598762,0.6197063082227131,0.20743326027875456
0.35553621921576667,-0.8024569106290191,0.23332737077571733
0.3578250332530962,-0.07938772116898436,0.1755785569658676
0.3574326198963505,-0.4103207949470417,0.22560764424055643
0.3595477419440647,0.49055798267891176,0.14746418646586146
0.35650456637020816,-0.38873367096484635,0.21200716909480932
0.35790983206614113,-0.1536489119148897,0.2084483537379741
0.359023818601045,0.07748937562075914,0.21916387904078108
0.35376353594269666,-1.057737043704454,0.20184976616095315
0.3530981628373996,-1.7007565923960546,0.2848178246568433
0.35520797899846657,-0.7649175894048036,0.17064563664797222
0.360714816257895,0.6362409672247407,0.19247303380378789
0.3598449075154926,0.3271420408181921,0.24407109911769725
0.36110982888155907,0.8545276269401568,0.1051842879296777
0.3566283583559102,-0.40199205457216736,0.18749006301846846
0.36206009413841933,1.1558929139523206,0.18582830626554359
0.3584129976646156,0.16928163455931916,0.1682524199542777
0.35389839276268725,-1.3045773794204476,0.13152724126142434
0.3626189697900747,0.8704134952239078,0.2756953369248926
0.35540268952678705,-0.9257096106771001,0.16355469494020639
0.3574788564286867,-0.02738049596484627,0.16788888006387734
0.35884723765319493,0.20645555155191964,0.17638945666373407
0.35715761048011474,-0.3659722773423438,0.22824319869742765
0.3563168619812185,-0.8902603446127032,0.23535228274446038
0.35613969218081143,-0.5740919873866863,0.21598461144915326
0.3616369455253913,0.7437343579684108,0.23204672973193863
0.36521842987840436,2.1206963869142514,0.19105811904755865
0.3574631055578379,-0.18783940509205463,0.24739552755974784
0.36312847521557823,1.0119494549146806,0.22552437674366613
0.35581020089109205,-0.7616669357187653,0.24522687511877908
0.3610796047476571,0.6535615056756473,0.2325310395819925
0.3654029740376084,2.0146099135326274,0.2198361512712154
0.3629381312388574,1.0822367800992088,0.2005987734349223
0.35972130603238517,0.343527387168872,0.1799150389760251
0.35828566429508035,-0.08650228472082179,0.25510518191591064
0.35468638838316496,-1.123378089687674,0.27388973931141447
0.36035601147869034,0.3819073730821982,0.21871332755730172
0.3568413073410394,-0.5691185732523792,0.23757475932119862
0.3573343245869189,-0.15359242511866125,0.1720727940850963
0.36137011642585376,0.668910507164165,0.23434757891624855
0.3614541410428845,1.0816233458835285,0.14970884421489725
0.35667193673928593,-0.4066907978793533,0.14147057222733309
0.3557833639815593,-0.5550566362191516,0.1936028266702375
0.35664268339470717,-0.3859963130060856,0.1934294558017577
0.3593478363327844,0.208952583382798,0.212125212263959
0.36386545688696165,1.6384956253270673,0.19697223158388633
0.3515219072240984,-1.7384002152779203,0.24497481334694923
0.35325959332927415,-1.4586771916126864,0.1166766265270184
0.35931647020815966,0.14769927068577388,0.2593584258708429
0.3549973709544016,-0.8706733286147288,0.2432134606044308
0.3608947597325172,0.7075170933001209,0.20097745129277805
0.3593454554512517,0.27741127205819127,0.20811221670027003
0.35204755309135766,-1.8293723679782903,0.13169171470479699
0.3535978509796481,-1.5021039558393372,0.19154020856015566
0.3590677185569945,0.4378486889964086,0.1598645054631948
0.35706382255946123,-0.3657722401826247,0.19575697136158038
0.3593113040379818,0.4719046297848808,0.08935845390290151
0.3605280507153314,0.6889413444356428,0.14066154358045432
0.3599069182635174,0.2444573711509257,0.26501974849557086
0.3601674731980447,0.5937413617183424,0.15189095172079436
0.35761615539294855,-0.14408800577380104,0.10991062026919422
0.35606444595486925,-0.6237153704067927,0.2303652722104695
0.3653364608837059,1.9423138219685199,0.22426930869393522
0.3583350382430817,-0.096648747600865,0.20676698803433302
0.36532064566013583,2.0671481697982084,0.2236575621428241
0.3596856319089702,0.4501620729803142,0.07590209556359617
0.3589975415252399,0.007740350062775608,0.2864792817603413
0.3623236217002612,1.1544180818433818,0.1919875387269139
0.359321480724383,0.2959475081910987,0.165145807137242
0.35794057622801106,-0.02620251453961311,0.1617593414141062
0.3595256397803714,-0.10205907189229453,0.32537002489726025
0.359622890723067,0.2749818502065695,0.11559177614985237
0.35804160543873154,0.1152056711460955,0.1639110406639301
0.3631641491843621,1.0113847372300886,0.23989776833486742
0.3578262230508498,-0.15908421167809064,0.18552919409183952
0.3555526320512888,-0.676576299327098,0.20971894559492754
0.3538501734767342,-1.2805765569453165,0.231327023075305
0.35829619927834244,-0.08027005244999585,0.21927046011615842
0.3593439515509117,0.14932246658934653,0.11993574284430496
0.35450560118342705,-0.7703379872661178,0.15644582045441124
0.35761405383376205,-0.1531517404718681,0.18563240892902555
0.3546937569347042,-1.0128105768879514,0.14706840104575924
0.3551028301764097,-1.0135508669919768,0.1499759120125068
0.3600283339771276,0.45639747771311256,0.11131092477391803
0.35205091358036483,-1.7851587025799336,0.1411987057553268
0.3545718902297688,-1.0242114590839195,0.28527692574764213
0.35973925369204257,0.4577265521364255,0.21567040572870083
0.3587183114304339,0.04674832840382339,0.21149755736287346
0.3561314120400454,-0.4627125025377379,0.15430921524442492
0.354327995169936,-1.0177009601260696,0.19828138529353742
0.3570542383639062,-0.3551228827830696,0.29332614937580365
0.3565609246462699,-0.45645225874548784,0.20814255364523462
0.3616824281225529,0.8692188177125906,0.19930154566191938
0.35959345514394986,0.5449817125107764,0.15862569594972636
0.352284342002698,-1.5207334829698855,0.2624417165249474
0.36332451135989535,1.4413023005808014,0.24459780331028835
0.3623773174102892,0.8866893604442164,0.2015207499628713
0.357027918200899,-0.27977295250132517,0.15814358756234315
0.3534972887215242,-1.375876870998022,0.18293682278590054
0.3619687534891767,1.1707698675142941,0.20450676322314076
0.3569631101180943,-0.3332031020473498,0.19824801381432447
0.3607495874781953,0.9525758055577273,0.11855066572974532
0.35733394131961727,-0.3406529928658895,0.2610284800032562
0.36203707992909157,1.0845996093475638,0.20181630910289985
0.3561280426310868,-0.8965465338972729,0.18026692945718542
0.35870622078273706,0.3305078471096452,0.16357516367058023
0.3599295496721637,0.42177363754421227,0.1954636873473919
0.3523875000697897,-1.9990224025135426,0.20284496061259136
0.3585131034469364,0.1104072016337026,0.19259824737024875
0.3542253777844135,-1.1399362491282778,0.2311367099616598
0.35643621108112017,-0.46343876845600024,0.17165413168186602
0.3555517869332641,-0.6395614016440153,0.1324485190071177
0.3619383694625548,0.9942437650414931,0.23910004441088178
0.35825810832994814,-0.020814878878811477,0.24767979728929074
0.3528990170709429,-1.675055065244944,0.2084893685797921
0.35797000379989863,-0.007464179086516284,0.2064657921057854
0.3611427748487388,0.7082845392672161,0.1727151614548342
0.35639969298186985,-0.42032636554171154,0.1802478503234083
0.36228302976943666,0.8519330521097773,0.2404063717634978
0.36251330641945056,1.0592668586223641,0.20792581262450682
0.3558626695760923,-0.5876311666245722,0.15915032134772056
0.35565327023358195,-0.6197411676808353,0.15198882942892739
0.35817013837722117,-0.19091067547039187,0.27006911289868185
0.3536704806448074,-1.2014940976116766,0.2630217884918812
0.3578666727652749,-0.13221417091676657,0.23718193217144634
0.3596666085060804,0.4059347705354241,0.23100511760606457
0.36453842531588404,1.7980353273744998,0.22621392213624175
0.3555488118967795,-0.6933504549623918,0.2286051395806108
0.35484481051242583,-0.8688596390478373,0.18532214943362676
0.35375683466456276,-1.1836517439774514,0.2511316400652186
0.35163160578337116,-1.85539527178459,0.1933946620482928
0.3582161031499135,0.07335094844325181,0.1568951497365512
0.3593911373731165,0.3129961080662062,0.17909318014913744
0.3576081330690117,-0.25895298856109256,0.16567275523305483
0.3536527746153103,-1.4169163445213957,0.10737959065456319
0.3591897861569935,0.3469829954976553,0.10502628742688129
0.3575829181022658,-0.1030985883331683,0.20021772210350314
0.3579692056336058,-0.24949070183959854,0.2062110949575551
0.35770531589683563,-0.15359264116681856,0.13784202681052182
0.3585550801518571,-0.014191041518429407,0.20780843308139377
0.3593121588844264,0.509422409759679,0.15862998629385902
0.3540723491248406,-1.1675491473815693,0.2604922746132918
0.3512628274140619,-2.0784778283852265,0.2701656444514072
0.3585695950734425,0.09916258198061939,0.21466991821895623
0.36025973649983023,0.45908700791194296,0.2085168375135877
0.3520519869258867,-1.8569879583444933,0.20531831501612968
0.35781271304732476,-0.2240295096218425,0.1882237361209986
0.35610140609806223,-0.48042895495312427,0.18850224827248607
0.35978137681383765,0.6347926700614401,0.15357255208038742
0.36422762071419024,1.6923644273094876,0.21859504304086044
0.3580932556501239,-0.10841437724907836,0.2859386642450362
0.3586307993141597,-0.010113092331029649,0.14842733774049982
0.3613690853565697,0.959504183572266,0.21847616801965805
0.3635268626746908,1.1865501823830464,0.25966786960948685
0.35789053806699145,-0.1341128105116125,0.12875927616256339
0.3561608180484858,-0.5292728115183749,0.20849962049102405
0.35883991715641866,0.19726486628013057,0.10722757395510309
0.35946363706700885,0.2639628155463409,0.2525733581282721
0.3575522167403351,-0.3305039358563544,0.22177159896052379
0.3581617987802665,-0.15482691277236055,0.20406241665509892
0.35979827633281236,0.49018671919344553,0.15953481207854603
0.3561374980542617,-0.7602878264814505,0.13592359530359463
0.3603382360490045,0.3157308520111359,0.19884140815851448
0.362756875466486,1.334456973019995,0.19336946702023977
0.3534448145723882,-1.3338896582893212,0.2386080859412121
0.36474100457901076,1.6575527048337575,0.2049963878546003
0.36103530464692657,0.6910106136897645,0.22370835849044746
0.36375056835917613,1.5308008676528244,0.23200748233420607
0.359313296673493,0.06386413450370937,0.2017261560977393
0.3563322704753466,-0.3776107816991115,0.2140552708608251
0.3640659235200933,1.7793612229691769,0.20520574398150596
0.35531763523677373,-1.1559565292591014,0.18599390503048094
0.3556824518769715,-0.7820276117661544,0.140126668105622
0.35293301841693264,-1.6267082112699967,0.17077669200169524
0.3647463916414754,1.8153164352500268,0.20123841284233634
0.3584258059643302,-0.011737966945444806,0.12540821494863408
0.3516942902878072,-1.9872600486777132,0.15951859316606176
0.3509800963638552,-2.1334312574661825,0.14293964209708512
0.35894884664182647,0.242005654815355,0.20268521235933906
0.35922891057133177,0.36655510845180045,0.19058441930032044
0.35863392560275825,0.16685326377015747,0.19919932167748758
0.3609389156963207,0.7677602392351563,0.19450387342104017
0.3596284846002549,0.28063644590212555,0.25260741384053953
0.3635264593744675,1.4601008158190774,0.20552224781223288
0.35946862424814824,0.13481167478435657,0.2367788779695848
0.357485959816488,-0.22389979277465855,0.13362697119724615
0.35658796024092,-0.4866406089349352,0.31640979805251734
0.35811310669610275,0.12760621272201308,0.15878913712991624
0.3541554387502014,-1.1389320329148243,0.10857673598711756
0.36474023365180824,1.9043585129143374,0.1572907061186016
0.36137789569909345,0.7063926016286861,0.16432667873795107
0.3575134516890064,-0.25948259654154915,0.19095970526549688
0.3542062350552678,-1.085430766840797,0.16346486933142754
0.3595715080917263,0.40468120079791947,0.2150849439752816
0.35505671267732675,-0.8576185872625971,0.28195052452993413
0.3555363282960026,-0.9447223943857139,0.15360403466970368
0.35563107070447486,-0.7649054160581189,0.1597884300389612
0.36528301795568086,1.9441032215471874,0.23840232147956186
0.36237281550079997,0.8505975240508802,0.19270466337142805
0.35401281179803945,-1.107851322404823,0.257436732546809
0.35586037307725743,-1.0156346068710762,0.3160221307112977
0.3586703822092328,0.0987492041193945,0.19378141554905082
0.3525025184145433,-1.5771357130786927,0.19387685506617278
0.356953606648305,-0.5460987026318948,0.22181870382912866
0.35641853658040257,-0.3553328332050353,0.18616501380960349
0.3519963626656298,-1.897864175237604,0.13763201275255882
0.35930347227759973,0.13111013827025383,0.2441366777747504
0.35862517112605724,-0.06596788910295721,0.21730001848626077
0.3517039436912008,-1.966451164722811,0.0630579549392963
0.3575654383697154,0.019727247674177346,0.09770029040592852
0.3573269163975817,-0.046712408364987586,0.13613082444200508
0.355845134567021,-0.6384195896077036,0.19405125599385664
0.35718776656323137,-0.2333968880106216,0.07671860529739702
0.3561698054211309,-0.46156375405877437,0.17060697139757883
0.36298723609971295,1.2450703962964063,0.1897595555023698
0.364448321708556,1.8697623810550417,0.21018767122979762
0.35992635447454113,0.4402229443067085,0.22314796257469866
0.3570906325901442,-0.5864265543644717,0.303986616538334
0.3540698476964546,-1.158607488030188,0.2642739427544812
0.35344930154132004,-1.625077860679173,0.32929704693003
0.3634231919055258,1.458621323183695,0.15596412049570077
0.36254247011702234,1.1386352216605498,0.20644759476083496
0.3556026910285681,-0.8429933184836144,0.08637937436266103
0.3539732211439817,-1.108112979657562,0.22799360878560007
0.35682230069537474,-0.5278223976381875,0.21396600540228017
0.3611220877634434,0.9216349798833029,0.14521353973641124
0.3617401421535438,1.2068131946175333,0.14726845476344827
0.35896849739525116,0.2434696323383503,0.19944419082482903
0.35938630519614045,0.22414055158600513,0.2100803564737257
0.3605217095374135,0.6658828915657203,0.10105951591044339
0.365418439965947,1.9602445815558003,0.2309918460538475
0.35403974478018685,-1.2067085763848038,0.17241177544733702
0.3566823235124021,-0.5279355750779815,0.17614293839010473
0.35836554095368195,-0.008461448464121293,0.25249744040421856
0.35511217640511,-0.9014172939991274,0.22211828785639542
0.3540130264851942,-1.3144018447163175,0.22655517458233396
0.35722396112032967,-0.16256562276493644,0.25475385488972285
0.36118778410687435,0.857777304795577,0.21923172584760103
0.3570407377793007,-0.29950925550477236,0.19449261531657194
0.35832232945728915,0.16819942845738406,0.13769718860917377
0.3648647112341923,1.871537296219237,0.19959348006556213
0.36437594110510674,1.6672916010137355,0.17559273303541842
0.35598073917513834,-0.652247665248884,0.20577095594602038
0.3566413774481839,-0.7633012454210445,0.3182621175957243
0.35749867494860255,-0.31242422488155747,0.18634384796583328
0.35756217969497417,-0.16845627299385693,0.2167765856546854
0.3559305787944173,-0.5849741001106488,0.18273304420586908
0.35818331780191925,0.023977253753324167,0.0686721906847164
0.36286631543422404,1.20883411543018,0.2067522873946689
0.35775649961821654,0.0061514091878049175,0.1894394066034931
0.3537421213786491,-1.3206480840509025,0.14127391636696537
0.35492573147172485,-0.8010260341058018,0.2033660826108984
0.3571098116701599,-0.37829698551377955,0.23851428627539906
0.36049200265626685,0.7716893779366796,0.17557528009506715
0.3578314068764749,-0.06904560115875569,0.25353511474617196
0.3628378312636624,1.3812823537899588,0.13991928847100224
0.36457738953906954,1.9041349943058832,0.1937762097280777
0.35618647992814273,-0.5790168547089727,0.24361828265204205
0.3601290555363289,0.6348834808583504,0.15678694903135787
0.3642587685364654,1.6541950884237084,0.1958407558730807
0.3628653372935766,1.3432441209177568,0.09394703238726182
0.36098895410707416,0.887111300914559,0.19626824397600848
0.35273646438173817,-1.762805031612977,0.15025629828753148
0.35891568994118506,0.23523933556289736,0.12495381686298854
0.3608876321350895,0.615458754666746,0.04889407984968356
0.3593720511258506,0.09445650251789064,0.282159276298509
0.3620330958399682,1.1128624733753882,0.21125348121843435
0.3579008172405366,0.06272039061726299,0.18626059481482485
0.3588131290806078,0.09353840838424639,0.1488786674610264
0.3567519910769183,-0.5617656493014236,0.20458232309390095
0.36031444431059395,0.795562474681959,0.15920842240413485
0.35616702417437507,-0.4759151491126921,0.15865278371078625
0.3529281934884863,-1.6258473767566721,0.23202866270207345
0.357528645463505,-0.013186603794219915,0.18443502405141549
0.3562958712903616,-0.4263476696774107,0.18138234964703348
0.3557854559733957,-0.866104063469463,0.22332605061686317
0.35433843794888503,-0.8604397827697537,0.1496737323410752
0.3559444349568894,-0.5480078079965931,0.20768289629162529
0.35317504452134,-1.4571763767990287,0.27960899611288514
0.3591735585033108,0.43754572918811346,0.1699248426260828
0.3558276543603545,-0.9639089112754662,0.3385471225541194
0.3587614923823147,0.171431669083345,0.22060848240604394
0.3521077256212775,-1.7690659482103994,0.21404472967386037
0.35627850436028724,-0.4175511690118717,0.14508036268380664
0.35291109915594776,-1.5729707616644195,0.08977680972401085
0.36105056447012046,0.7382488300020238,0.17193503241602595
0.35787839726716764,-0.24121662652486117,0.15137708542588155
0.35381121066459525,-1.3040005833968462,0.13840220770461503
0.35394856047073714,-1.2632617061360862,0.22662733266499685
0.3559031332597451,-0.6550282566291745,0.24525009471317133
0.3602510161180176,0.7422534328356353,0.22819167352132624
0.35752407071077313,-0.710653251793889,0.1792170275734287
0.3559832335339471,-0.7637723198047939,0.28507167650292714
0.3610310605844594,0.8344349143664258,0.21665956227884162
0.3603245441139924,0.20658769060715645,0.1998787407397818
0.36620857879025337,2.1533447749372416,0.22020991590988132
0.35952135153671283,0.438539755322528,0.14481047568612626
0.360465143485777,0.5643297648234269,0.22975922580446292
0.36447330284010676,1.76347310523974,0.18715161925743365
0.3576621866742606,0.02629979460760626,0.1669629906868755
0.3595902843967497,0.2591657278423724,0.23477076593558166
0.35578970917328356,-0.8890968012404826,0.25021790996692594
0.36068796943220166,0.6671064475766911,0.11601842604045254
0.3555025829309568,-0.9549391355684664,0.23306836446024984
0.3562406009080423,-0.5468333666071157,0.17280564962455341
0.35442249440109436,-1.1174489011463151,0.1819189328177586
0.3565381092688866,-0.632284480848303,0.3123888440309204
0.35578481218104296,-0.7242722064078678,0.24146173041764604
0.353306047234638,-1.5732850598246175,0.19490112883037805
0.3571741982363723,-0.17282324502869317,0.13522785768112405
0.3575068615732217,-0.1727592735570421,0.13186937185081246
0.36218951342884265,1.00916054782625,0.20323863780012102
0.36059383653505295,0.6687475135913351,0.1444380269742005
0.3606092001628764,0.45580355803525846,0.18161566430669718
0.3566619218801198,-0.6722043527568315,0.2000806213265273
0.36489580601531435,1.8316880230599148,0.2321550813817597
0.3624000559492584,1.1385719244961734,0.2421092440838922
0.35106342259531037,-2.1115302153109226,0.09897271467150531
0.354524393917973,-1.091032259266513,0.32147232009043664
0.35834812748321904,0.07201732762932257,0.24758056670543613
0.35627404169022003,-0.7162627244527862,0.1392953612266788
0.35521884726933445,-1.0857781073443495,0.18124291920731303
0.35783769521608744,-0.20262367500107709,0.24587716826505487
0.3580070593204657,0.05570080809142741,0.21731944490916594
0.3541221457726034,-1.2963916213114868,0.2598588116157219
0.3580162284551003,-0.17118020851578644,0.1472478841855577
0.36299168935409765,1.206962229010658,0.1666469238532858
0.3543482291327084,-1.2614366917784066,0.17935857012349465
0.3624875939605386,1.1552372839551508,0.23035022492385773
0.3642117054503741,1.6583532458759183,0.21490972465303526
0.35768278946851423,-0.3032540376471824,0.21334371836189314
0.3554932399622195,-0.6580619491231678,0.1569997581035914
0.3557894418213711,-0.5504656294350312,0.2314854032846059
0.3600228042628262,0.5115458717698026,0.19967880217575032
0.3554383363603393,-0.820883010205288,0.09995083527934401
0.3597448845617014,0.4579813029902479,0.2091901168284421
0.36396790600424,1.578689730799745,0.21536235253908886
0.3575161098845785,-0.03262183240435901,0.1404621965381464
0.35809301757572226,0.09687959512093222,0.16215958294170574
0.35544061988133985,-0.8245718638525863,0.17428300974912236
0.3571604647158221,-0.32701777262214393,0.13538154957152204
0.36342908636692395,1.5312847051189875,0.1899745393045664
0.3550683320853035,-0.9786283712962648,0.28266359443660344
0.35585581467509353,-0.5883956643913214,0.13882549723879126
0.35938156570985147,0.10027151515593012,0.2783108106639574
0.3546963934869493,-0.9783715023389074,0.2738184399157792
0.3582233248799698,-0.05976455889302415,0.2777281963054177
0.35642196728887793,-0.3891133325917966,0.20045359392471546
0.35765792467528473,-0.310069135977535,0.202672937551394
0.35864227487608763,0.2387696618909261,0.20204093342681148
0.35846298945988786,-0.029840966164645287,0.19425329207719644
0.35898177346299553,0.34277351703420617,0.13392920946272346
0.36475230110996143,1.810498297270875,0.16472700225682252
0.35900927639328933,0.2256162509303299,0.2315305606218658
0.35755282106627745,-0.1897524593667888,0.16959213763357295
0.3607763493224096,0.6288323162712205,0.22219822184024438
0.36308949152129066,1.399693429461323,0.22790065150340832
0.35917091954831354,0.2777928894851726,0.19396993328581946
0.36230444730337985,1.1003063682573715,0.17580050983940076
0.3550994294876162,-0.8434427549323937,0.06566266487045302
0.3510522391978218,-2.01952034775027,0.09721309327850056
0.35351701750346515,-1.4413219156441168,0.20814004592641674
0.35458377661449914,-1.1802385623401004,0.15247543608445266
0.35995572473226206,0.54208443244359,0.1746630560992844
0.3613607910080518,0.7559780062127529,0.22137133648680926
0.35134268338142055,-1.9698641278875975,0.2665665092461828
0.3615944773672303,0.708230038088729,0.2241429142986927
0.3570656074291963,-0.15532427814428443,0.18544181685883865
0.35528637383214773,-0.7963973257375581,0.24477032354239767
0.36074450658764073,0.6340391167851999,0.12195062105878449
0.3597006910453892,0.29789064924242575,0.2172062578401167
0.35687764741900635,-0.22940100699129026,0.15575977997169152
0.3626039804274295,1.3530527150326659,0.19097852447777255
0.3560033956459713,-0.6176741221924456,0.23302002461784968
0.3543857993217271,-1.0549052061431539,0.12667443224425942
0.35159271786943225,-1.9064082730946537,0.25335943144887235
0.3553326051949896,-0.7634086423392811,0.19476028190189756
0.3576603155277226,-0.19467754886060584,0.09384229929393881
0.35970992568008114,0.33402042784041497,0.23329333001300745
0.36054552931644174,0.5816515022849353,0.15827992056246118
0.3651897648548187,2.067971637097686,0.18142192142255842
0.3592305090237054,0.45583635573046677,0.17058981274337884
0.3524435770591961,-1.610102977437364,0.24509177499899534
0.35337832713976863,-1.7160351333187625,0.21931732430936554
0.3559998462990835,-0.6924132052345495,0.15415881977828924
0.35993508984571637,0.38559293818399953,0.14384506140899572
0.3611744458937183,0.7808140139656096,0.21587748340538335
0.3574556116814164,-0.39041337207632776,0.20289137804863017
0.35516999094360135,-0.9852145253310756,0.28311261404807314
0.3603058279827414,0.571094675864391,0.2149267338246008
0.3612314529888902,0.6691020898863952,0.19033344932994653
0.35656897031366064,-0.3516076568656279,0.15523126512643026
0.36002144322771185,0.623301786016676,0.21590304253636036
0.3582831884409198,-0.11335130302831167,0.26580984762078064
0.36035103027601234,0.8136107230035763,0.15338327982418198
0.3585481781640344,0.18338034704721048,0.06974339003215238
0.3602137531331059,0.6246721699773775,0.17377824220864607
0.35268605320321156,-1.8028983949856001,0.260319850916193
0.35633197097547975,-0.6643885666042358,0.1086839374245388
0.36084071661416034,0.9149307427089993,0.179577828596108
0.3552025717942634,-1.1094903289013716,0.17855231546006586
0.35590768377702775,-0.6953601059935934,0.27578550348382297
0.35727607329836786,-0.28231440503576705,0.1824886075745248
0.36167615392469954,0.9764690212270812,0.16553230907889271
0.3636617379043514,1.2984647808507983,0.22296199126818386
0.3570048885873695,-0.3181375097613927,0.22289586776736872
0.3577191316668925,-0.38595531834138486,0.1827773191746844
0.3543079257216335,-1.266664952990523,0.32745408314073854
0.3599952115124737,0.38707470092484925,0.21035025057688697
0.36406636465809106,1.6699667469495756,0.18471411694230944
0.36078051740470896,0.3449006909177616,0.2020510545128537
0.35238037596084243,-1.7155180860526438,0.18330239954650104
0.35724864019925906,-0.2269694977958287,0.2013020931550764
0.36067870809810965,0.39969106665292214,0.20530992966097356
0.35869507406185863,0.27426264122412153,0.14348101633054205
0.351611795612425,0.01027838088537453,-2.542287737900162
0.3536270723371597,-1.4146710632362252,0.14532642133739657
0.3590765160092123,0.11792199677840348,0.1893136770904537
0.358891153804384,0.34794659696394603,0.13325129810184952
0.35963010759803393,0.29411898632533273,0.2712879565274137
0.35565520782245313,-0.6579707408976214,0.2021356559829525
0.3584437347731158,0.18325753813087844,0.0841506716932767
0.351254207541427,-1.7904982945425838,0.2370525097350563
0.36024949147566265,0.6008999159861321,0.20005857262243962
0.35878072395537675,-0.13591326193719688,0.21758643633190078
0.3621796511667851,0.7648606461226526,0.26820079092843135
0.3569854124399008,-0.42607166695495235,0.25145117031449965
0.3534663868642812,-1.1979131667895826,0.1381366788837669
0.3562954059216818,-0.6075707904673302,0.08413127525198871
0.3548989228161632,-0.9858260345155683,0.07624001260562946
0.35652264220524416,-0.6506613412763859,0.28176329354816365
0.3588713735811073,0.39663699758817544,0.15121836552088236
0.35758925763605726,-0.4730010625767393,0.20974896144675462
0.35960967217067263,0.4576199894173995,0.17242350982574675
0.3616890533760378,0.9943185241146865,0.23074116021886398
0.3571433955116142,-0.46053640973435106,0.245648021141833
0.3574966312889799,-0.4606558714419801,0.2144061365309712
0.35674238739956254,-0.3424447885059282,0.2210342806730277
0.3559174669826367,-0.6544675952337481,0.13824400712767893
0.3568975424250472,-0.2299998840442623,0.2692590283554594
0.36015877917382483,0.0993044017940301,0.21268852347244482
0.35991168586186323,0.614729758093579,0.136885401853239
0.36015652495019085,0.22034996590294545,0.28101877166550127
0.3570656225182676,-0.4539834619831648,0.24938149109933194
0.35838839857733934,0.14554172943150065,0.1981356113291071
0.3582073175945824,-0.1379315132956874,0.24579561232376065
0.3626902915551418,1.3497942079182002,0.16908851590873414
0.36124180215815793,0.986612088361576,0.15431109991674893
0.3585236083146702,-0.13503200595738407,0.1692076843715223
0.3558597491045009,-0.49633815042458884,0.0940869420837439
0.36058432274836416,0.8304931434354491,0.14333220920950498
0.35230515048838756,-1.7988814682581329,0.2859595916765857
0.3575061205069965,-0.11754453247432901,0.19652077981717134
0.3621989201541617,0.7445614653387979,0.2234629949039805
0.35715587040824687,-0.29949584893486303,0.09004188141170884
0.3568924395910126,-0.6544308696818211,0.1878669280264769
0.36294632391562265,1.1208528291257989,0.2269338672312544
0.35921151657052763,0.4734409689458246,0.17155479768258483
0.36034118196928144,0.5663194129981601,0.21316437722733123
0.3644324400833719,1.7293542895129905,0.21251959178454588
0.35250545688571333,-1.5927793091498725,0.08751702066096406
0.3578141541203528,-0.2640240031376567,0.22365676788298963
0.35587207842263735,-0.5561385634408653,0.16837570385344855
0.352843216190934,-1.6419105215996814,0.27215942352499356
0.35531135803114294,-0.9623533021046795,0.2586691248889793
0.3653868409378807,1.9228485230583605,0.15423502618872797
0.35458550515018594,-0.9619723647952944,0.25819124929630366
0.35943437904814246,0.5452092701413137,0.15801272670919114
0.3536385372491415,-1.2607449885297044,0.22357180796336362
0.362938768040178,1.0113126323468875,0.21476522578549315
0.35250401030756573,-1.5600124223983398,0.2808102950353702
0.35999007438139125,0.3490269656875744,0.21780856872870175
0.3573030782881437,-0.209444152751172,0.26807634550622533
0.35808883901362637,-0.3024858228627325,0.2016299590272403
0.3590430256805569,0.27686913432217575,0.13924410141987986
0.3628765877412114,1.3167482201211758,0.1731472377211458
0.35369083902655424,-1.403361166418926,0.24932051361263285
0.3528264029469068,-1.5049205216885158,0.2856572981682515
0.3560809080906397,-0.6756051573051584,0.24763911072086303
0.35147483483979436,-2.0924362080940537,0.06540819590730079
0.36081704537981885,0.7801106626910247,0.19603429681575515
0.3550654641885192,-1.0678885740996527,0.1606879328834898
0.36572267816841625,2.1213808331926445,0.24676628337136436
0.3579724808196277,-0.1313221383096087,0.2454859647990684
0.35460341975281023,-1.0178634989433342,0.09583809221448905
0.36241235305398173,1.4036409267165262,0.1438735270477749
0.3587010580658465,0.33048810785150357,0.16171628421719847
0.35285607809693254,-1.5024238637931548,0.2166151562381543
0.3562677421241947,-0.5814961290057595,0.20420151578133933
0.3577358281072534,-0.24386831031913203,0.2574690217237391
0.3587779345084455,0.3299732902565319,0.1479610535476784
0.36325051764486027,1.5302633202143439,0.1573550440162307
0.36444615936822217,1.4055552393651805,0.17944967703498965
0.3611993318176313,0.8869243380732249,0.1986138572023831
0.36224871677060866,1.1033627681299296,0.21985408271374715
0.35750888538119885,-0.3675217365593345,0.22801823353322653
0.3601562606068896,0.7248059375471106,0.15395707663599123
0.35831665046271594,-0.08112429290622572,0.16800136174936928
0.3581541993010631,0.025948090622621326,0.15824363279020856
0.3544073119572616,-1.0709167630381844,0.19428736015416787
0.35787515207715853,-0.19343712427129664,0.12442234188258262
0.36160021536620923,0.9926255410424825,0.16976129610125273
0.36242860163515306,1.097741956913544,0.23102286776683814
0.36459648700907066,1.9401873657194468,0.19123568215278117
0.3626959758668321,1.3150544087322746,0.19199639312725275
0.3622284748811449,1.0821973750560618,0.1695225641486164
0.3611893847786705,0.8815928185700024,0.18470159402751565
0.3544379543304171,-1.4823272779110148,0.2681618560423691
0.36362615064802795,1.68466820311575,0.15949495728572222
0.3538838757223605,-1.3204134739870974,0.23964819130080545
0.35654288108575516,-0.39078704762848954,0.12735137778391642
0.3551396510362279,-0.7664450171227364,0.16287605082623574
0.3574979938663457,-0.49595920275784355,0.10630145072955753
0.3585915961754534,0.27624654286345385,0.16113337253292462
0.35703519940459566,-0.19786305152185327,0.23677825589498963
0.35315388376636236,-1.3565219271365083,0.16530743576379803
0.36433844175186614,1.4770229085948,0.1620760733983778
0.35403303173760314,-1.2673346256731377,0.18352493363045758
0.358655031225442,0.2721247069566374,0.13818653912088028
0.35964072537668584,0.5036339697485239,0.19116501059647162
0.3572126892810339,-0.13552517704655984,0.16286889259179976
0.356649631799734,-0.4093981922699815,0.24546216735744494
0.35478061803902333,-0.950808092657654,0.25742146744888494
0.36055354585276905,0.28042980121467004,0.25073303586973505
0.35279412762872375,-1.6525506628588762,0.17403754215639075
0.36041009496143905,0.45823746386385633,0.214815289008184
0.35742578750633935,-0.42122458369327304,0.1931826384788388
0.3624734631358398,1.4215343569073435,0.14356489725544094
0.3543518323854628,-0.8796686483218019,0.19951950119164488
0.3551999611268329,-0.8024913753407241,0.14342075821497766
0.3616682724023453,1.066533786852402,0.1431161286270402
0.3528028600769103,-1.6717024624188492,0.16276432055461446
0.3583209074817777,0.057464793047570566,0.20515880694787034
0.36450710083899107,1.852447086038919,0.15061238291111023
0.360412488362428,0.30617245187717107,0.19751220380277823
0.35966030457202525,0.40225395347214365,0.18295672681971129
0.36083649704544934,0.24153305208012554,0.2760440095049129
0.36062715333458856,0.5391518796295794,0.15635538884216593
0.3555241248079651,-1.1579832455257506,0.26280824516113277
0.35812733467984037,-0.013194855731866463,0.08071998964591058
0.35843851622355755,-0.22402694088906477,0.2876171698388505
0.3570304723056936,-0.21318849299891485,0.19878855460105058
0.3604949398641683,0.7035342495831698,0.1855157042152866
0.36201473192056827,0.9391135359934321,0.18216874783109863
0.358484505302997,0.1796611172158628,0.2194921641479062
0.35923701213174924,0.226923025190224,0.2343888620067702
0.3568887562791509,-0.4085021537005466,0.14951288472761926
0.3511880682043559,-1.9354779284417023,0.09450162328772863
0.35952284636417914,0.4365310460788495,0.17782049084164386
0.354145630934645,-1.0719912939672376,0.1606064267458106
0.3589591510880601,0.1560046016700427,0.23142570311705107
0.3546561317040767,-1.078900232832217,0.1643837122196235
0.35514810327593366,-0.7614292121223215,0.14549932006386623
0.3655068291500958,2.139661331606783,0.17948112636521282
0.35688093251806596,-0.330351828194746,0.22822057269745283
0.35824168107744864,-0.08234455365302147,0.1737064342132349
0.3575604783753784,-0.1646419288948472,0.07659241832461808
0.3532896680654928,-1.4541049634169785,0.2513280658525243
0.35510982255649054,-1.0283832781373923,0.2796536982720915
0.3603444699689546,0.7965343704952087,0.169491324716234
0.35494897535861286,-0.9854994801637377,0.26570883890710084
0.35205511107003895,-1.9373358190797014,0.18681058624343286
0.35540337998839316,-1.2464686459728556,0.21294891913634248
0.3627924019100104,1.2440507463256116,0.1950530529052227
0.35572163012034946,-0.769308303096191,0.16999502341033493
0.35832967229252993,0.1524035316018749,0.16052488141932192
0.3560908947411683,-0.6994199804983342,0.3155213251185757
0.3581668893446528,-0.060193726795432875,0.23296162821162997
0.3557571180504778,-0.7604829591999113,0.24492758361588143
0.3611782480914987,0.906352452959597,0.1929650875192152
0.3533141720662675,-1.3581213775381276,0.11908488735934178
0.3610834396350473,0.48584534455813233,0.20354634412005213
0.3550549696234557,-0.7689971810754193,0.27324154551888713
0.356138607417086,-0.9039924225679065,0.14236255716023588
0.35118901812509845,-2.0532449987223,0.19952692970636782
0.36178056310658363,1.0075727881659415,0.08355742737394603
0.3527898388414524,-1.4610086289546222,0.19712135868386801
0.356243544844289,-0.4696506970132434,0.2145715201342513
0.3570154415904419,-0.23578888747450638,0.30033150142707543
0.35507038097336696,-0.8456899514298404,0.21202099976393163
0.3603211956069002,0.5595225012153187,0.21365054174466594
0.3598075539952002,0.4068071161681196,0.1296820534052943
0.36126164222757023,0.97680482793283,0.19422669130765566
0.3562826049091393,-0.5378465421494742,0.10124920222404274
0.36039908654403097,0.74154894149038,0.17989943706443784
0.36042370767152543,0.672092194927637,0.18602353446793532
0.3620811058985537,1.0479148454695535,0.2020181285163767
0.36118714383400147,0.7644103151084883,0.22992603260859826
0.3546599038967953,-0.907677143642549,0.13531745699217326
0.3603561929929029,0.813630462261718,0.15524215927756374
0.3592879670537637,0.15588232060957852,0.24895532630232553
0.3556229359653718,-0.6764570412026125,0.2188174688836215
0.36137268039993015,0.8259592505601464,0.10985910859370605
0.35692261550344306,-0.3319199493141882,0.15575260000159846
0.3560191869595538,-0.6630395145939795,0.2388293725605119
0.35701361181208285,-0.3560317920282043,0.2077177407407956
0.3588227891635822,0.039959651097051276,0.2061199751659364
0.5586529819429144,-0.6637498969705606,0.7193234242626836
0.5642233717844684,0.7208929234398717,0.6952709498870756
0.5560609089323585,-1.6570907440354041,0.7019280222201133
0.5629626511456819,0.42333792012145455,0.7207515752174585
0.5561186647181712,-1.7482058156812237,0.687576579308068
0.5563903791600516,-1.5425002697641745,0.6760153024594803
0.5609646533293012,-0.29662772257771414,0.7708445182581503
0.557598664555669,-1.3514342924601306,0.7296077240876602
0.5598147563854624,-0.5711926284004619,0.7944617658435068
0.5610962505132612,-0.283149185526909,0.8112846540797437
0.5593013103903443,-0.8315438686249508,0.806957675928914
0.5698161953463361,2.2618932894127286,0.7613432594271042
0.5579395652793425,-0.9722332379504945,0.7135190796922408
0.5555649090739964,-1.7275440855696553,0.7790514616524591
0.5609150038340356,-0.1433605769629548,0.7505897827289085
0.5651215054744897,0.611531257702234,0.7591012954041134
0.5622186786780652,0.21807578943056705,0.6533968598256356
0.558047473943041,-1.1853582930717048,0.6889005400391295
0.5657479620881589,1.0623826155512466,0.7418611965580009
0.5696494919177836,2.2758215537296334,0.6935034435358182
0.5657769266046807,1.1477147298049126,0.6224827415014552
0.5588366723810234,-0.6499882652309621,0.748806054867105
0.5652515510337275,0.9182555030615274,0.6601626888988832
0.5624828148150148,0.21363007965337338,0.7468119776351814
0.5612602118161314,0.0594474197786744,0.7314350992608903
0.5589994335458777,-0.6816531211955547,0.7214869011247828
0.5585711342128696,-0.9810255947594222,0.7096577545878746
0.557506865628993,-1.2766823978964186,0.6951658444051008
0.5656670440477559,1.0761003829946154,0.6941532860004006
0.5595094669121113,-0.6793635627077439,0.6886421745688333
0.5632631006280496,0.4172713957020342,0.7569670504213492
0.5645105214268752,0.8298585169032012,0.7083856310502269
0.5621832330485838,-0.24383021445506406,0.706675116445867
0.5565414138061008,-1.4916135511036763,0.6207562214956597
0.5585774546643854,-0.718424444027621,0.7004408396459224
0.5665470404216597,1.59170057940667,0.6590085659736266
0.5550597918935257,-1.8356511899408747,0.6043138098521028
0.5548564584447481,-1.9929648910905742,0.6270352502433965
0.5703522167893802,2.4417762427313137,0.7068885638987464
0.5684485355456924,1.957135375343951,0.6808296560529787
0.5616180256252257,-0.24701153727511024,0.6391463699938171
0.5526503749998523,0.005939943798247359,-2.4922809657694005
0.5677186769453765,1.9022688161302441,0.6659210909130766
0.5619204811871665,-0.10585266094964521,0.7685149906815097
0.5669545064684591,1.5636940757390334,0.7085527634312331
0.56229659706555,0.1803612044403882,0.7057794341401792
0.5679245024836325,1.955755146159579,0.7067011668591329
0.5624837897527097,0.09695223008618786,0.7793434921292723
0.5673686992921585,1.7396602347542856,0.6047063077216743
0.5687830002564392,2.1002732122189123,0.648120257985912
0.5663947811335863,1.276717182017972,0.6398568315339491
0.5586970973692669,-1.0374354949713118,0.7146094459920085
0.5583886284514917,-0.9534908561987006,0.7937067142988266
0.5639192132686291,0.18174559976065532,0.7575664050173547
0.5596677486410253,-0.593398635831315,0.8255887435981555
0.5701458679915575,2.513380451935199,0.7049054820504048
0.5586375192755638,-0.8711493167605902,0.7251568485810561
0.5612095407116431,-0.11601151859163329,0.7084681055963675
0.5588617615229968,-0.6317029855779397,0.7438179731507103
0.5639219069893961,0.7433352176598804,0.7898412049947616
0.558579842737169,-0.9347170307204895,0.7552320882690446
0.5665877851556375,1.5045827923602881,0.7325477001371354
0.5698754287668282,2.315151305664765,0.749980818597292
0.5650524928819273,0.829305296318888,0.7120604084937487
0.5639062651868378,0.6674766096744277,0.6569449880141655
0.5648428052859388,0.9336652648442845,0.6478243838991138
0.5617985585179771,-0.03348761563620565,0.6986855164568978
0.5587066132082664,-0.7497844043916065,0.7124608060153534
0.5650492350205111,0.8256844492354207,0.8016648335431373
0.5655809037942868,1.0562283326677715,0.6997037393335352
0.5702135280529084,2.2349908523972086,0.6778219498681229
0.5703124980788765,2.424266047054053,0.7550194598227488
0.5582439684855304,-1.05637305286865,0.6449979630446407
0.5686081176068677,2.0999935403584553,0.7051606751926975
0.5599745777221268,-0.30738189863045445,0.7162803830603518
0.5652867955174717,1.0790865891720585,0.734979466443502
0.5624057272070774,0.03719201645458794,0.7653349724390235
0.5594814039587162,-0.47218182752234616,0.7574032119464186
0.5651423592743969,1.0083575777632132,0.7216918780946654
0.5604742777464139,-0.2515747562003318,0.744588747033074
0.5600709198343279,-0.30240938117869914,0.6533661005423045
0.5620236221276507,0.04176509365242166,0.7231650162652303
0.5566692435539479,-1.625332880075216,0.785465058525167
0.5680060889344866,1.8327891118990125,0.7211732951856562
0.5697571135363169,2.385343059326538,0.6831452250592694
0.5591474436259898,-0.71418636208206,0.5941790443560594
0.5594602136263429,-0.7983381996429488,0.7744024290282205
0.5699021145370319,2.351049974497493,0.7569219440683472
0.56631933643998,1.2068797211601139,0.7367881651188877
0.5571084478040359,-1.2251774431011664,0.7590195719886951
0.5566050211216304,-1.3977333941042966,0.7095997989169912
0.5649349377931099,0.9358668812123792,0.7147908312663791
0.5690600671429714,2.172601380089302,0.7149002955046838
0.5677619379032214,1.7723091221348852,0.7062469729800481
0.5639492207246657,0.5372456616781048,0.8120393496510302
0.5626967764539348,0.40102584371111827,0.7295404260165926
0.5636616711129165,0.719251106163764,0.6651165362261876
0.5667819798900552,1.5817515405260445,0.7260110015721636
0.558763679821753,-0.806219425465397,0.7774780625571621
0.5617995612978351,0.2206189386942658,0.6696038384859162
0.561205084674826,-0.15922762382602335,0.6709797253387654
0.5634004450961655,0.6418989522901865,0.683498480612293
0.5653614736027949,1.2042285648585624,0.68704534489679
0.561665576513155,0.14196107686421724,0.7073862336094645
0.5587207739446634,-1.0302753777937226,0.7616950199222324
0.5653980721992228,1.0277132379921259,0.7569654835175953
0.5604784432127872,-0.37982481076150604,0.6692375505952536
0.5584808550165811,-0.8669111855973286,0.7562478004653383
0.570688253165597,2.4677973393490764,0.6513524534084626
0.5626941793976673,0.16608368368304377,0.6934410202964254
0.561727231748858,-0.053451480947287994,0.6266778452179501
0.5556983959846822,-1.9847297568080824,0.7816656071713476
0.5590075430643634,-0.6583017468716954,0.7582095460032063
0.5630452983442159,0.513260810050019,0.6537574511161058
0.5626619345594399,0.2047401037710137,0.7632579664088376
0.563412683669286,0.431633070738884,0.7524876555801122
0.5627280836675219,0.4320379156470803,0.6530958533636604
0.5665859223045953,1.082634636877453,0.7532289790699698
0.563149314645357,0.34567742705849613,0.7448373647174498
0.5625337102186596,0.24344274602838556,0.703348242457172
0.5595103733396525,-0.42990071455366813,0.6793206417062922
0.5569035012850658,-1.6482028087192435,0.7187021347655103
0.5630011760208086,0.25271598655833394,0.7441894003316489
0.5630254628679844,0.21837667467914607,0.6384838498839075
0.5647571750849928,0.5976796497894413,0.7337041846383588
0.5704756342888554,2.5312700492275018,0.7307750468956511
0.5643164703464396,0.6973442468414393,0.699795797633325
0.5603636631413415,-0.2504438912560819,0.7282137457007921
0.5680901692333474,1.9228547225671342,0.704963060292415
0.5566606594059761,-1.483042308483925,0.7349082348702877
0.56583542263204,1.171811549962407,0.7154165411294057
0.5657240146257437,0.9389485716529535,0.773816009278867
0.5666612160682516,1.2732819064263114,0.7966630712045711
0.5595177088045973,-0.5066298234036138,0.6441061982776534
0.5606184388128681,-0.612340571097163,0.7792858441271128
0.5616909343567897,-0.02913283884558334,0.7085454268339981
0.5584753690750617,-0.8237592902800628,0.7151755364181385
0.5633827978008231,0.29124237524174496,0.703303403611504
0.5585707834908686,-0.725281581034057,0.6945220052738795
0.5589696072278039,-0.6818449276059931,0.6966487997650898
0.5695383798845095,2.29633252433706,0.7303974126615038
0.5602638938931642,-0.3535908283841585,0.7558964181045048
0.5587916762296861,-1.1282307385156918,0.8413761401819683
0.5587267734220273,-0.6869487462084922,0.7849040333200666
0.5676447713340194,1.7246571226138716,0.7279325649436613
0.5557456218033455,-1.6374922942622452,0.8200970494286387
0.5642433038174522,0.6414842602543886,0.6947966864222139
0.5604531643957299,-0.4832303997274013,0.7084759369477949
0.5635759583027223,0.5385380701892242,0.6270632835766314
0.5615652484642775,-0.13750960631070253,0.699678825346959
0.5616564583693932,-0.26226795842083733,0.7350564828585174
0.5613614674955223,0.07278069507655736,0.7097200732478351
0.5600305509471919,-0.43023978264721874,0.6477061171946363
0.5613558977623372,-0.2838726121791335,0.7013729242599422
0.5628135886339037,0.3900544506471206,0.6828661807322153
0.5601489403325821,-0.4754721444694608,0.6765186695623019
0.5608866599003727,-0.24776166963371649,0.7531544664103282
0.5601974197304995,-0.3759228478351591,0.6906974756262108
0.5698051913468167,2.420911180626923,0.7255707104831344
0.5681422918836049,1.7597154565661257,0.6976255269967521
0.562893750066671,0.27467250040495866,0.7518685527123671
0.560803827913675,-0.1658497921951983,0.805979787999555
0.5580562755462537,-1.1672820234564554,0.8333503730620456
0.5617340259347459,-0.13887604750414076,0.6204430631244634
0.5617479761981742,0.1055147345708978,0.6344815609429952
0.5572897868731492,-1.3491455929433709,0.6388838281390697
0.5645322861284534,0.8480329783103747,0.7146994186194837
0.5640319136660519,0.6805638624631412,0.7263349678290844
0.5587633592162914,-0.7009080068407503,0.7326389456070013
0.5628474477711273,0.45922148700279747,0.6944435469614536
0.5569462296599685,-1.27499387342247,0.7923695422465695
0.5641019878170328,0.6504872073874653,0.7178323671997997
0.5592600702818874,-0.7545998330678744,0.642502310551019
0.5678688743815664,1.475754051346421,0.7310694590133578
0.5688879089203424,2.026711762843135,0.7654487532483593
0.5604562967634742,-0.27113153920045097,0.6953862519390474
0.561617819995579,-0.01253532549520965,0.701217650286074
0.5678903539407565,1.8512667756150714,0.7202506564583021
0.5617206758682718,-0.08100918388344602,0.791135393540712
0.5601835864622783,-0.40654689424834584,0.7594362951302153
0.5645795188084877,0.8474023046470662,0.714664691242398
0.5599895554557297,-0.5890963307342337,0.8024718722239415
0.5656683321829887,1.2769762970398353,0.7289052653709819
0.5589429660046173,-0.8460160315327316,0.6818390844620338
0.5625077600445464,0.06059310849355744,0.7937389893425141
0.5687155509056999,2.135166324053526,0.6834053417701014
0.5588598493874497,-0.9699744190067803,0.6783373623788611
0.5618453954756815,0.09624054467994923,0.7114793810458778
0.5588672047389425,-1.1309758426617798,0.775008627564977
0.5587209955860585,-0.8659556073394084,0.6415560430875998
0.5686115809219288,2.0806883724677956,0.677828812817481
0.5614929023876216,-0.3500154974220929,0.7403450830615751
0.5556582747844373,-1.69211579936535,0.6492210738995677
0.5634892040627488,0.3051209543196947,0.7655310817866511
0.5656664654983983,1.0432733998154837,0.7866578668509027
0.56052067943911,-0.32808181919428986,0.6621677650635152
0.5606037831108619,-0.22073737928465084,0.7645744558066571
0.5603755965699098,-0.25043797655780053,0.7380598020436246
0.5613642432226122,-0.19625423929631167,0.736559307383385
0.5658642825926914,0.974593164450811,0.7780043502974087
0.5573825453059461,-1.2915913364875473,0.7439107254176854
0.5667924968557307,1.5974680857426409,0.6049448750573369
0.5608836384457515,-0.15870511787853303,0.7621535565436122
0.5575432245827173,-1.0382340223464712,0.6851955978256916
0.5586489293749524,-0.6482453043879718,0.6967862947574591
0.5599402019163431,-0.5537744022908107,0.6788491947830709
0.5689535304966927,2.1542369667913253,0.7005440114474958
0.563233932453173,0.538486542612026,0.7599684881020814
0.565628988608487,1.1335920983104992,0.7075825229947285
0.5650691323436929,0.7859605957860589,0.8088789550788004
0.5683924456876603,1.9383100901261845,0.72115735696512
0.55641318978586,-1.5366536002455693,0.6791699249057338
0.5695469290633404,2.2783015231846084,0.6791747624453546
0.5629845025126051,0.15090242304145318,0.7098515959466604
0.5556832203574394,-1.7444303788706257,0.6715476578295511
0.5550887685138455,-2.109750913552501,0.7177754318489745
0.5598899329474739,-0.7052914801299489,0.6938194611410796
0.5626924521560238,0.23505807243768423,0.8207144568994409
0.5620912914279411,0.060827230600751195,0.7614286967273864
0.5586230888644702,-0.7889032672842903,0.7376382145600379
0.5574620809907325,-1.3478326014695126,0.7484972989768994
0.5679397816418671,1.9725307489133217,0.6098528279291692
0.5683354712569975,1.4341925206549668,0.7491092138546457
0.5652678368002166,0.9895331601742208,0.7390971136146918
0.5605645964455249,-0.3202805455042674,0.7757438377680888
0.5644703208828095,0.6144665321044099,0.7153610626106268
0.5641035917972209,0.7181428395712349,0.7275606282917889
0.5684742222548994,1.745058972074072,0.7140584240820554
0.5592428340303527,-0.5052126669873886,0.6812669838054219
0.5580048778806643,-1.254702909551958,0.7505449832396486
0.562497161668651,0.11929672930001166,0.6735179502405987
0.5571680526667254,-1.399946754507661,0.7915917511906249
0.564985888217783,1.0215454952699576,0.638084406682986
0.5685753474185579,2.045679256222459,0.7228537155967909
0.5621431130621641,-0.10196006552333597,0.7076888841351732
0.5603516656324892,-0.5578191277001701,0.6876720469789132
0.5695921122186541,2.3322204247968013,0.7094386063821947
0.5616387833531523,0.2631349291231079,0.6918392026683108
0.5632163811625818,0.5027154356134329,0.6164441313155937
0.5612169012989041,-0.46038083255395634,0.8483755828807744
0.5652431456053713,0.9911803389948457,0.813083133723586
0.559357072080844,-0.6076484521423686,0.7508137858862627
0.5666249465927174,1.4207903678071327,0.7001093445807995
0.5578318125525799,-1.1185870192696206,0.7757864186722319
0.5575180725846901,-1.0430132401739731,0.5960364030726076
0.5626001109009274,0.20740851574594676,0.684900736339367
0.560253551990056,-0.4629844970620932,0.8193528908926824
0.5590451000898933,-1.0931512891068573,0.8165807444736893
0.5630200606595065,0.23960943042796487,0.7686334098672386
0.5630802792028683,0.504917011748058,0.712005617419948
0.5679288384321038,1.742451477105404,0.6575199926926175
0.5612379978469099,-0.10937411031980744,0.7248727074063256
0.5580992089411448,-0.898931644755042,0.7141653310355045
0.564339352643906,0.8461592056704182,0.6545096223860454
0.5571934777871743,-1.4396501221269424,0.6342862187651179
0.5645816063625738,0.7203202225013201,0.7360086105625961
0.5646598577539208,0.9016880060147666,0.7002656227705608
0.5597712227922134,-0.6223896808658882,0.7020367894111801
0.5640803176527668,0.6482084521057301,0.767593472928522
0.5623165803289629,0.2026143977229676,0.7053219083210871
0.5662804024431335,1.3184025805515653,0.7429748276366737
0.5548088943382287,-2.0308403850306713,0.7013809530353324
0.5682563541949122,1.7436244492210868,0.741325784142657
0.5670599952353684,1.223718686036585,0.7671436906813134
0.5556197436372533,-1.8434577049363075,0.8446363204253277
0.5695408752889444,2.2782433647040503,0.7122264743765803
0.5676605804618524,1.4500159286822256,0.6901397471957451
0.5603196646993079,-0.5698782565639738,0.8224824026890776
0.5590505154195932,-0.8900621790490051,0.7367663340575442
0.5664132530439594,1.294991629330145,0.6805375345210041
0.5594649685637699,-0.6797793135227722,0.7644325839520486
0.564310289344515,0.7714670376952275,0.7514621309625211
0.5618511446206883,0.14445387702369644,0.6782937669272033
0.56602250953851,1.1697392948898584,0.7026007987905194
0.5592118957962773,-0.5554983162022908,0.676401972043808
0.5647349622535882,0.7868462777852875,0.6957686855214452
0.5602396100314483,-0.4432530283297106,0.6661713923455019
0.560256091292321,-0.4396919632411807,0.8230939667961309
0.5672950990185944,1.5658166353022442,0.7591684858823602
0.5581467566056859,-0.8966944443277652,0.8151281208007314
0.5601890860155979,-0.540168132965202,0.645086787453977
0.5657387043171523,1.275942249579854,0.6819685751697981
0.5694013368450717,2.1919181138983164,0.7323951559405657
0.5636513266874209,0.5685479256232446,0.7291019002000154
0.5675281136320376,1.7056126825834814,0.6381286479131182
0.5652073550945228,0.8644770888512571,0.7061983311712771
0.566729051152508,1.0457694963635258,0.7513168984374383
0.5668982993027359,1.4853928702338843,0.6650480943651979
0.559902602183796,-0.4477471210596894,0.7945658137589374
0.5613660361537581,-0.30312198294130926,0.7351008958038618
0.568412668535413,1.9940586508495957,0.6899643011157693
0.5579693647705943,-0.8673895699335684,0.7688793514529575
0.5598328518809856,-0.8551415500989368,0.8157396383770095
0.5624303769990804,0.2760196208339688,0.7973067025285887
0.5668586447933431,1.5990361924182541,0.6464842481266845
0.5637112248194511,0.41604820411928894,0.7347911948475142
0.5686951882162414,1.9915152978597215,0.6552746266612057
0.5609926667796861,-0.33455122718060126,0.8240381586853874
0.5607606852547661,-0.30435660566772593,0.7713412158823744
0.557144390512702,-1.2045290606900745,0.7374668662721514
0.5637788103930802,0.6901750956659674,0.7256435419623294
0.5622149163382848,0.18175190306790184,0.6616466395310976
0.5635577774465558,0.2140242828551302,0.801490054330882
0.5613720687209053,-0.05258197240906021,0.7315599198533058
0.5680285105424752,1.9566665890197108,0.6963580417183316
0.5630049537660463,0.4692722342603748,0.7099480303504443
0.5606253471001126,-0.4258445384720653,0.7283159655503797
0.5588684682356784,-0.8780872648632505,0.829679542056528
0.562921761066333,0.396557145482047,0.7041858286984546
0.5599431067341967,-0.5251135054485695,0.7136207769073046
0.5636683141594537,0.5961910518534052,0.6884567532790794
0.5640219122873227,0.6342102044588036,0.6947552796118127
0.560008402036311,-0.4429010767022255,0.7345517313587097
0.5613892178313008,-0.0906127701396062,0.6890979296103237
0.56301414656539,0.2168469149640484,0.7442768145563873
0.5624920348492087,0.36067683217223095,0.710557680583449
0.5604325966032188,-0.6370175288353026,0.7632691783780761
0.5625801847833641,0.20330146590350598,0.6809293626990843
0.5603326993737936,-0.2500073468888274,0.7573037364357307
0.5666812504865888,1.5082560648042669,0.6328142761749589
0.5584738588110114,-1.2300719717270063,0.7690430584171173
0.5553504266899082,-1.8162778877286747,0.7316210436290306
0.5578203347045781,-1.0469393203566677,0.6230418554259234
0.5644692599028508,0.7883612943081322,0.7271895243409616
0.5644046425752057,0.5430704734224189,0.7561203164492228
0.5609385447438205,-0.21969666924438228,0.6771739916904197
0.5559015688262113,-1.7837767062691652,0.6674969755962257
0.5704664311294977,2.405422672188063,0.7148250160925111
0.5611841720200866,-0.2947728498691609,0.6824274618716696
0.5590468845639928,-0.7349394650959036,0.622467387564596
0.557902548549096,-1.28001337054158,0.6908340593680223
0.5688726218617073,2.1547183353312778,0.7032556507505634
0.5575137991706378,-1.2432642014888446,0.6796286664190797
0.5593216719960677,-0.5420889519933821,0.7666023101179653
0.5704166160998878,2.45955628415605,0.7630052114687043
0.5591770145954978,-0.6837904262181068,0.731260833175587
0.560807675897242,-0.04184839255449877,0.7210071151297279
0.5619467592562116,0.03178623451612248,0.788160295556985
0.5701455608747356,2.4754579228031632,0.752915510590398
0.5629524871893673,0.14913834447156496,0.7198711428290606
0.5569964924156742,-1.4715949002491526,0.6381468020518097
0.561661737341083,0.00378892595255488,0.7181004394997524
0.5646145278110712,0.8948129590617423,0.5699407897622681
0.5672159910777911,1.5933227455966565,0.7058892506610662
0.5586280076089482,-1.085762862185396,0.691493843368955
0.5652906934410066,1.1344865833072384,0.7162257441286387
0.5624084446126332,0.03796941516714022,0.6627806037044928
0.5621816721729213,0.11146062320924123,0.6229607416688364
0.5647738218669983,0.9374657832487097,0.6977043923039715
0.5614102886751351,-0.06575866714609466,0.7256390788141849
0.5647989316269436,0.722575425428528,0.7832660754706929
0.5586331159068328,-0.8315737390266437,0.815302629630104
0.5687286916694246,2.0641287200890326,0.7079219059491051
0.5643815296036024,0.6850606775803224,0.6726364143264726
0.5667327442028259,1.456836132211433,0.7257274625321426
0.5692336897096055,2.1340634927983455,0.7270115292777345
0.5611863789188479,0.10415005085882717,0.6980009996837566
0.5636577032339332,0.6603501788089754,0.664906635825415
0.5643546492124379,0.4356738993274937,0.721924883809506
0.5652861527003091,1.0011765298570614,0.7319116280593005
0.559162533492882,-0.7382291542605272,0.6705136057064606
0.5614102170848322,-0.28573266119363006,0.7027362113864289
0.559056580372619,-0.7354748072985972,0.6190574892082421
0.5694808589809172,2.2967531148193774,0.7087990522488572
0.5582698132646664,-0.9159575366231252,0.7305404252520801
0.5627994044111818,0.20550546228829786,0.7962531572650882
0.5603522242041721,-0.6424477796702183,0.7552612289761064
0.5595055521678288,-0.47834838077262665,0.7134669701669568
0.5649451752145858,0.6333072407029261,0.7441248622941914
0.5623234094446072,0.024597074588094854,0.7525025247974529
0.5688296339258477,2.101212775158114,0.701347518532784
0.5583798910532867,-0.9004381614268492,0.8222725966768994
0.5615264963806251,0.14729845388852258,0.6916801495802587
0.5639141061931392,0.6680980013905001,0.6659625450795372
0.5646345014517442,0.5211325767531759,0.808828217331824
0.5604945726263884,-0.109000344663166,0.731169046968684
0.568601030836372,1.974698522577638,0.759025893046091
0.5660027452426866,0.8299952810417588,0.8352327702722747
0.5620577342642722,0.0037790275000561943,0.7565856802245199
0.559491865325448,-0.7957448833700361,0.6000077460473645
0.5623913249149948,0.3059360153009749,0.7443786938208217
0.5650672590607418,0.8474021166192468,0.7378183296772158
0.557309333577317,-1.109510209882179,0.7545694697791856
0.5563303301623097,-1.360692582960156,0.6864856783782829
0.5618614167155437,0.06655834778589557,0.7695418586343603
0.5615827807661935,-0.09916750317588115,0.7601999702112163
0.5641243930154576,0.7688690264817925,0.6596965917144154
0.562620684732068,0.3464327121446858,0.6886995299505071
0.5594043412728018,-0.6887461784436066,0.7662950364587108
0.5597005557953993,-0.5209822126357332,0.674981827382254
0.5610342479239666,-0.12353530928762485,0.7836648002150489
0.5638756404024499,0.2755392679639725,0.7192050306788705
0.5649304701985467,0.7032861927169647,0.7345491886532011
0.5661086310300822,1.3630247476841715,0.724659222952893
0.56001690704416,-0.4480017981132956,0.7606335341977095
0.5590725817003989,-0.8422280795314089,0.6320086258325823
0.5580841983773204,-1.0062250721242951,0.7613930579880973
0.5636228173967981,0.5021143402036216,0.7896643483353801
0.5564241343459849,-1.5407603424042897,0.666480316949926
0.5612258941369421,0.1447024956835606,0.63363390021992
0.560525103523825,-0.3747953084371598,0.7768649325787463
0.5598324668269349,-0.8185217983220235,0.7018215288818528
0.5605684909090785,-0.25281921573223637,0.6179067164471128
0.5671713775735765,1.153435675790906,0.7639060153931782
0.5587724265753481,-0.8735432348590498,0.7675530346678194
0.5577351916521686,-1.1315236414592522,0.7745273670018945
0.5676919630286007,1.4724237730157212,0.7311739700240066
0.5622747839066192,0.32316510932661113,0.6543901276060127
0.5633375015978377,0.46959463216334296,0.6734184466400476
0.5656286783428895,0.9299152106967077,0.7942885935146455
0.5680409177386739,1.851097165517862,0.7220286902691502
0.5626113070255656,0.091500194058632,0.6815353508621951
0.5568912794837216,-1.3691318482412753,0.6337848816224461
0.5606372298792934,-0.28197449190374263,0.7353194080822701
0.5598582396183571,-0.43027826726869917,0.7231853306925655
0.5618555609637572,0.18247345394552164,0.7088731868754137
0.5683243524679742,1.8681822111448212,0.6904400399307216
0.5591503854235708,-0.7182577685602948,0.7923890617144054
0.557721908394205,-1.2472532533383378,0.8211753063628604
0.5602327153898121,-0.5274176732677208,0.7136034495877871
0.5661033266020222,1.1695909288678465,0.7089966791688334
0.5633506154566855,0.7490533938896288,0.6739276231933156
0.5603985127157354,-0.4105778789744513,0.7375744573931343
0.5635449682687339,0.5409747240457793,0.7118813949483042
0.562838003234496,0.16711561200456432,0.775862274976719
0.5641567736502491,0.7160377278236402,0.697538033489288
0.5666546274431498,1.2424129494968543,0.7485454340022651
0.5566083788696329,-1.596224824272399,0.6925658280610737
0.563305012457505,0.4115514040537118,0.7117920291205443
0.5640921776433498,0.6465300308892156,0.640236326040316
0.5646135291469268,0.8975771563366963,0.6118208566969672
0.5554983332234658,-1.7230376790721116,0.6517504017299028
0.559193005377705,-0.607745175092791,0.6599639339594047
0.5595261546059613,-0.5600901956113692,0.7997442671160906
0.5584463163962867,-0.7652585346242456,0.7138057918556071
0.5574191790499801,-1.2641129528255788,0.7585571449807645
0.5682595675547071,1.9565413714431572,0.6222986967631244
0.5609501072086397,-0.2541513515419045,0.7457632084591158
0.5558496100718958,-1.6482262628836606,0.6389127952205398
0.5654561942471895,0.9000965320095046,0.7091344596821944
0.5709411708288726,2.4954109152614454,0.7295343051235482
0.5644773629469765,0.771678771219427,0.8011833971095351
0.5617420560768984,-0.15733015866211883,0.6905076228505347
0.556695586679509,-1.399455889473217,0.6281269986928149
0.5585157814903632,-0.7237755855526301,0.7369205097573881
0.5637168709706555,0.41734229306422627,0.7174862746808665
0.5693050984061692,2.2082838394988276,0.7153360871802689
0.5628168878980663,0.23756851770629092,0.7504947432531143
0.5596964550967299,-0.647712143031606,0.7571120886582271
0.5597215812810032,-0.7305298474072768,0.8734001101083877
0.5624967684390614,0.4126620846628406,0.7467945665925352
0.5668889773460886,1.613815490017995,0.677540000541098
0.5610633177727524,-0.3499212182105162,0.7855538282765269
0.562860382484773,0.1616981435254145,0.7684325239839909
0.5659129255073454,1.1161480338583833,0.7505294215005278
0.560695091559806,-0.2518275076350703,0.7416004303010886
0.5638926003333053,0.41733147260832254,0.7448664161760316
0.5640488332599796,0.7674147891428064,0.6969488448576394
0.5589906765605017,-0.9303277394862618,0.6600226215490324
0.5607348248836527,-0.2093157063701924,0.713423141529556
0.5602167249475035,-0.5183762716801076,0.7529210979788743
0.5688684775509915,2.1713616671421505,0.626887686684883
0.5677194300511915,1.6709213742321007,0.734278957304012
0.5623254044731009,0.09518329253655339,0.7825426404324451
0.5605820865570631,-0.2991012966390789,0.7630479209740739
0.5578055797680683,-1.0237767332323586,0.6980853782195288
0.5591644519015232,-0.5382043174749159,0.6736576920220664
0.5703228027156505,2.5130630295055942,0.7104527124436404
0.5658634011154069,1.0632236431919604,0.7346652769399927
0.5668446265518529,1.3161987036167617,0.7847222277069122
0.5596064365518452,-0.548834548209012,0.7273494807203263
0.5626950751127926,0.13181156868178454,0.7521615194717969
0.5560284431282891,-1.898638668539286,0.7603389081350799
0.5562609749130988,-1.8840020453171065,0.7282710206451353
0.5615274369271307,-0.10001987074641436,0.7966520225220127
0.5566300885883807,-1.4566839268458913,0.6454223615096218
0.5646778424281462,0.3548874298513363,0.6843687110874407
0.5573302830569083,-1.3683895316757093,0.7969295178966306
0.5658532418250465,1.3287488094647546,0.6743245675227691
0.5600625871530187,-0.44200402449992376,0.7128173306355561
0.557249840493173,-1.1592515010193056,0.7425719786239177
0.563427260974225,0.5782283466980765,0.6895193742348612
0.559801657793945,-0.6030163466476478,0.6586704732492972
0.565222790745696,1.0444314125738652,0.754680142362775
0.563350296763453,0.43494650767254267,0.6603099655420381
0.5634582716199416,0.505687792797459,0.6639194584037081
0.5638758599068177,0.607244414967333,0.6484612083835106
0.5596825178787065,-0.534134345921858,0.6303467976624246
0.5653111929304886,1.0686889223100646,0.744295104726369
0.5597093124488819,-0.44191928941355413,0.6793352140191359
0.5590803670971781,-0.6130480815764425,0.7498280662638124
0.5629077275972141,0.3470735281291583,0.7056152647078473
0.5645216953831728,0.9167411938455218,0.597741588819338
0.565105048020434,1.1509610026704444,0.7168898996690813
0.5662406760049594,1.3870077549707875,0.6970184329702642
0.5564063928475483,-1.484084468077317,0.8047533247010212
0.5615327505896339,-0.17328345409197116,0.7210783336411454
0.5673210362472866,1.564481581664032,0.7324022576790874
0.5598484427444352,-0.5682209489438758,0.8047177229209916
0.5690562118987502,2.0283621500351985,0.7350257368513484
0.5641974328750837,0.7569135806512803,0.7256629076203933
0.5604011811814054,-0.3519793488053096,0.6968536273275039
0.5598857211493257,-0.4815711816315434,0.6969377939902295
0.5626412138006486,0.11273345395194279,0.6867867178662554
0.557513309408827,-1.1091541856649092,0.7305902536676122
0.5586504638512946,-0.8352940935357993,0.7652030380100698
0.5614110497603962,-0.05421771940078247,0.7557523492248118
0.5592074658469117,-0.6218837479408285,0.7412734038358676
0.5568595076445915,-1.4686118975330473,0.711384047626766
0.5625245762638696,0.394263012066287,0.6951086631116382
0.5647946473454769,0.6138560774697035,0.6701479723461103
0.5619961982491232,-0.1190111398263263,0.6802825903453323
0.5562754806054374,-1.4501853702410032,0.7162152141952937
0.5566798032755671,-1.4147700927015148,0.7258927903538809
0.5606779747563284,-0.4033249379462036,0.7841867322500833
0.5666251035709081,1.5270433252861249,0.6804499364449059
0.5599293451705021,-0.5742000890886858,0.6392397587147274
0.5583841766484698,-0.801574739431712,0.6829250397343452
0.560208591141807,-0.3038883168488211,0.765955059702629
0.5638207578120961,0.615525725097774,0.7202789174532582
0.5566206179141032,-1.3009315433821378,0.7660048881017798
0.5563411065931292,-1.4554063848240406,0.637000322996648
0.5591424511096998,-0.605124675406787,0.6986088719799092
0.5657616563021769,1.206230505751171,0.7363690491413225
0.5600898326097633,-0.6734949943867045,0.8147402691211607
0.5593955854168635,-0.5563632797046238,0.758172330573694
0.5677752472095576,1.8838227824923486,0.6419442949763189
0.5676411412645469,1.8143642799052306,0.7077559759144753
0.5646332365771082,0.8838343745597257,0.650957590434053
0.5674435821596497,1.7770135446837916,0.6868142074247529
0.5615865810222869,0.11070212196009933,0.7284906592863273
0.5661740603559046,1.1773007521014354,0.6448574810784978
0.5654718783092753,1.204634026027063,0.6137982175288705
0.5670647273478445,1.6160863047989735,0.7114349677460011
0.5600846143125784,-0.4995724195811893,0.7761989446090414
0.5605931672914396,-0.24711817462097732,0.7001748658912847
0.5551497076754045,-1.8991532807210911,0.6588262342071111
0.5655476726283983,1.2226738849986023,0.7196372396310925
0.5645738493552543,0.399733357845621,0.7254756528899203
0.5581944721113808,-1.0678069179074159,0.8262583560726068
0.5590576233679899,-0.6424335848032415,0.7378278134794886
0.5656306076677918,1.1999480373890725,0.7054783123223872
0.5635983609454902,0.614461377571737,0.7373756334364973
0.5577026943017646,-1.1086001043300884,0.7103915992953106
0.5592167067633839,-0.6636588636320845,0.7151228423109066
0.5569178516788312,-1.3243310552612164,0.6919014844768717
0.5568678314339951,-1.2895589730288468,0.6900333914246156
0.5579873927229866,-1.1039581730226677,0.7586482328244847
0.5590067259194624,-0.8353020603340078,0.7395543180207336
0.5677467368877306,1.84818500346451,0.695505799854368
0.5611186539706681,-0.33960659542271626,0.7006564084358498
0.559119930603667,-0.5941692025058,0.6939923952543222
0.5554258557594766,-1.732673381618968,0.7711328259739335
0.5563366973477756,-1.6302335296048127,0.6795098046191903
0.5624234747788239,0.18501123648304876,0.7197306493436046
0.5557679124227738,-1.5713159857077514,0.7079289192426486
0.5671035578182216,1.635782510809956,0.724309558800744
0.5601398989052522,-0.3210941250506035,0.6915213440332707
0.5593762596986559,-0.8213408377088499,0.7990166224671646
0.5647263019246516,0.9556161143049261,0.7080234449253252
0.564605839099321,0.8472204437972753,0.7551704328114117
0.5563166295700784,-1.487836968076586,0.8255605038110425
0.5563210521921196,-1.5195260850001768,0.7743336568421921
0.5692407437682153,2.1896967203459905,0.7127059492363476
0.5587384578181946,-0.9955430096738849,0.6799203517490717
0.5653530823210563,1.0808124105430836,0.7390513278757792
0.5587566499656442,-1.0192262825682534,0.8469981265948836
0.5643979799716884,0.8297648151391875,0.7141516081052085
0.5546317221007947,-2.1364245233754233,0.596575445577146
0.5633301716825585,0.3811858189376314,0.7249119343025249
0.5644286818907189,0.8401792971886485,0.6417309686217039
0.5632422142214123,0.4855382089306889,0.6710883414618057
0.5661201893402266,1.3777564797771071,0.6479559906494279
0.5612279688938776,-0.15566147331885355,0.6898869942301633
0.5645086707104356,0.9705286510588126,0.6912461781157231
0.5577850881971499,-1.1327408635340628,0.5981332835188753
0.5553905409692445,-2.0333836551251414,0.8214337396137499
0.5665308124309216,1.2942408780503467,0.7049635063795022
0.5662744059391094,1.2775129280847386,0.751036456296391
0.560526790860964,-0.39669188289017565,0.6120983572330078
0.5588480294403584,-0.8520376580454561,0.7558212288851581
0.5626357486344016,0.3052320356799637,0.7781145958731427
0.5657396929759885,1.2067050128879946,0.7402308247383705
0.5628510189984232,0.2218850154611442,0.6968518663031041
0.5565680035181328,-1.5784387350953486,0.6791425247914861
0.5695449754837848,2.315354464486812,0.7402778279843638
0.5641028680917967,0.8462720960441515,0.6772005984103487
0.5626692251042495,0.2169558363462446,0.8048540952350629
0.5663332676420283,1.3677855423340823,0.7429092031020293
0.559027040585669,-0.6218034056203696,0.6981115535087572
0.5620585948682755,0.043050436287834455,0.7768699149915432
0.5634629262445129,0.6799869255508051,0.7224210851750297
0.5640380189351931,0.7234712758401234,0.7232455125726734
0.5553058305702876,-1.7959507341190348,0.7633042280906664
0.5613234677339256,-0.22688305379975465,0.7784897504036357
0.564803850758714,0.8837702238512326,0.6969759953496674
0.5586676816465076,-0.6835500845239003,0.6886728317555235
0.561561079794542,0.09460929391313481,0.657749443061792
0.5594553850634812,-0.6625593768947656,0.7664290286687588
0.5599537993205803,-0.485096529385337,0.6280017451948012
0.5669372283040613,1.508740865615877,0.640526288920385
0.5605955393445029,-0.4672340097299212,0.8192899441230037
0.5612252416869077,-0.33878564248142257,0.801568014728386
0.5565190106104431,-1.2404166999499375,0.7157676078034825
0.5627326580626502,0.3623939670876084,0.6636919136387054
0.5646973507591948,0.7403990445213874,0.7559694765701064
0.5599089484922574,-0.4278328956913478,0.7409007597817083
0.5635098174808334,0.4716632445923863,0.7505609802033507
0.5666480385998518,1.4463840900002114,0.6459447962222168
0.5689777927933912,1.994010771265923,0.7016291585310632
0.5626520709610305,0.3074874314490095,0.7314305600845386
0.5632595816811865,0.3440192494076767,0.6605141471100265
0.5647644851090179,0.9357322101567136,0.6736346148711534
0.5599097567435911,-0.8001797290290665,0.6474363369454673
0.5542841652929602,-2.0162947415381685,0.6787698766854343
0.5580713880110442,-1.293294635930783,0.7271449833000426
0.5550165787584668,-1.8276080009009419,0.6414766303987167
0.5568897592579534,-1.2506692240334716,0.7046411560763101
0.5619802134703221,0.21530370398647752,0.7096885799764222
0.5645952393884344,0.9168641963430241,0.6026482395193521
0.5626832027012413,0.35919445308831266,0.7007471251339363
0.5563508937638699,-1.4767031881356052,0.7803222703818277
0.5551301905671602,-1.8972438810398975,0.7444812273438983
0.5639045207702922,0.7399229810622536,0.7084561610943938
0.5647620268090102,0.6839253034979578,0.7332968562297864
0.5625263403079993,0.14904993595831892,0.768393961507656
0.5652149830813463,1.095847371116488,0.6148731687221487
0.555859501030838,-1.6648390351382416,0.6470076500407631
0.5692872230277903,2.153327167227615,0.7356952978834461
0.5634358870590371,0.5555944101305587,0.7251691697002427
0.5588314391252196,-0.727844449441239,0.7476113978965384
0.5585480476288321,-0.9499530778865287,0.8529404407496445
0.5591113474815049,-0.8435854753048951,0.8359145105337206
0.5643333151940941,0.7754582910027081,0.6658524709749718
0.5657506774236,1.275094902811214,0.6162361682086814
0.5565496858527736,-1.5071255974096573,0.657016758251798
0.5639206364915431,0.6495452341565288,0.7134072180844926
0.5585774031710927,-1.1441036828649083,0.7548500710899531
0.5579489029695435,-1.2122072963825425,0.8069812473704473
0.5617452068812105,0.05804100615111654,0.674007501930001
0.5646132092113697,0.9353484469718752,0.6147504455842615
0.5572477807645373,-1.25322412996604,0.7516934981957821
0.5663250559875399,1.3296743877016994,0.7452019971242781
0.5600457113000045,-0.6266735691680614,0.6730895350843518
0.5647934844197838,0.5786976699890721,0.6914139619309783
0.5583383485509172,-0.7004464864581377,0.7280899225425617
0.5651726646616569,1.027868253284607,0.7332763178210536
0.5702328186743277,2.3496946919530752,0.7132497781704753
0.5549941669913488,-1.92188444657606,0.7703163873534157
0.5659311725593046,1.3114947196244757,0.7191280588189514
0.5629360850505737,0.3247874702290722,0.696580636822184
0.566378364924536,1.3823025680627992,0.6965901604633
0.5627857001568559,-0.009496302610889672,0.7801442734512334
0.5599939038942121,-0.35294551224198684,0.7271579354278385
0.5655043853709637,0.9683974881645838,0.7817290511992252
0.5605527622975853,-0.35878067741322084,0.6802232111743362
0.5567475951069984,-1.4337342655244965,0.6624962429558107
0.5638042992940776,0.7044203330295955,0.7261096332685579
0.5598318459504201,-0.7128206767123402,0.6276107546622913
0.561793992837093,-0.000908380981349036,0.630979505195612
0.5659191559304795,1.4023881441205217,0.6675954643216422
0.5640471207236052,0.7925028718638415,0.6796490323983619
0.5701065008627265,2.3122320524922073,0.688588056018741
0.5632829804275515,0.45382821348440183,0.7151143214309311
0.5551003549945669,-1.7713124660080317,0.7393740677459506
0.5633797216980814,0.5260392459715496,0.7551955686503046
0.5621446879049884,-0.20997549129839588,0.7596165677251107
0.5610442918539179,-0.35540380344668,0.7743998090642965
0.566636054219287,1.153937172850722,0.725413261800969
0.5597019213172948,-0.6419491099025038,0.669339996661768
0.5609727555423647,-0.20996024238222685,0.6761975247230813
0.5628791800565658,0.3060191280779522,0.757282078159988
0.5565479083017593,-1.5717587536852655,0.7297225133966766
0.5565042031234197,-1.4780232509865314,0.6935435350287954
0.5597909151997841,-0.6102645801943285,0.7007211347351368
0.5599696372482839,-0.5480189929685882,0.7566239664301067
0.5628607223490842,0.18616682984559682,0.7870681625884988
0.5670016059862323,1.4211271503843865,0.6717118937049791
0.5637607226723167,0.36579011220025853,0.7488883411445855
0.5563349576674499,-1.4707484953942904,0.7820839954484823
0.5631034085309097,0.30781745571809066,0.7670897582913275
0.5593684368310404,-0.6974544228674157,0.6250121119585895
0.5652710104964102,1.0056692166606103,0.7534316967736888
0.5619524149156985,0.1108597596733009,0.6453507008291566
0.568935652018998,2.0104727485305776,0.7697144138787311
0.5618117617614412,-0.10757399389780371,0.6928664202362174
0.5615093890471606,-0.28187225446147035,0.6820017515467577
0.5575374490120379,-1.104246394098922,0.7390327155916377
0.5598631347608615,-0.5130245778945417,0.7600462847410863
0.5658635426027784,1.2581084903520083,0.685625533990666
0.5600400792741628,-0.5337256158997173,0.7787129958879634
0.5604934265319763,-0.28025632612079227,0.7262042396049224
0.5662844619081215,1.3675940761505863,0.7526193314829697
0.5642581869362446,0.6236733171023983,0.8051572500499458
0.5551732496691671,-1.8673490246779105,0.7815082703777722
0.568766399006557,1.9555976008133311,0.7560216293961927
0.5597391552179813,-0.9248500370017961,0.8215111119116424
0.5617552814955818,-0.17123220357986102,0.7756162219538139
0.5580575054179724,-1.1317212340714597,0.8209707907548797
0.5566303685854208,-1.322851057949866,0.742925151536146
0.565215101880406,1.0434686838654041,0.6562314786947885
0.5588395668083243,-0.7151880849121234,0.718971727730909
0.5609489390891618,-0.09139187628149428,0.6169749138082687
0.5601505079972594,-0.44752394764921627,0.6789856192287091
0.5632472212253907,0.3960136673538077,0.7426984063721201
0.5588967247342782,-1.0044893222796896,0.8082092831140468
0.5650204931442192,0.8979946807334803,0.7063684103253227
0.5602292137392489,-0.42824744324404707,0.6560134894303132
0.5678119205238684,1.3856327518945772,0.7342310832540141
0.5680015780150746,1.760525090533374,0.7104930193091437
0.5637594210888419,0.5953370192205669,0.741652082279472
0.5599179324797277,-0.2819753383370392,0.698278082346125
0.5558743944409494,-1.6112427421963489,0.6954145136491973
0.559801683283137,-0.42797119180320975,0.668129784161001
0.5601233733785258,-0.5000375146170773,0.7622280538088131
0.5609394152603844,-0.14789940725266823,0.7713026663505468
0.5676107813076366,1.6348467921068082,0.7025527791473463
0.5674037483764691,1.6353080151876975,0.6630657432756273
0.566406674338876,1.3491900560809709,0.7748358080419186
0.5603282344532093,-0.4826885109609409,0.781735458466813
0.5642551416379709,0.3940613401633874,0.6457987421733904
0.5574669861210421,-1.197092652868321,0.7298982038931625
0.5602048028538746,-0.3000804560594083,0.7083454657458255
0.5577365693850677,-1.290355036630092,0.7391932651939634
0.5633501021090663,0.4711687386174427,0.6990739886250311
0.5592900636699382,-0.8791826724381947,0.7539707519878949
0.5547318882046877,-1.914661211491867,0.7479790248228099
0.5687292472487433,2.044561120050849,0.7456597495473395
0.566258740506849,1.258973854316316,0.7094214344281579
0.561939471454694,0.19891361341647654,0.7013230805836708
0.5655298458236108,1.1878209409741143,0.7067410909461376
0.5588865192151095,-0.9676972751062591,0.6616364432989476
0.559313495000487,-0.8197888565171669,0.7036430676478013
0.5695572510965762,2.259442196090958,0.6795852591844114
0.5622992812450093,0.07911502198648698,0.7536629991436071
0.5610853334922833,-0.14273751530918485,0.7347783079270066
0.5522786257082215,0.004223136802372207,-2.4625619060617443
0.5659113948391968,1.1665776819592377,0.7309046466573282
0.5636971997245511,0.6127324956049356,0.6240046683251511
0.5547804004077731,-1.8428060181441797,0.7276977563445066
0.5643645766896792,0.8299741855940858,0.7432686914515162
0.5700081888430372,2.353201735681455,0.7377603660878116
0.5549873131652094,-1.936751803624528,0.5902814476589736
0.5578702159643963,-1.0397394684005494,0.8065056387142931
0.5654994107849919,1.205150264537948,0.6840802815126121
0.5615707055777269,-0.04863135366937012,0.7281569825232173
0.5670856318762938,1.5444219948825009,0.6605650848620102
0.5573822925529607,-1.0589311349149984,0.6970494038411468
0.5585536402280926,-0.6967630995366775,0.6993509351928079
0.5630749001373867,0.490086651294132,0.6919670625431101
0.5577338883547331,-1.127009344161244,0.7258994588511197
0.5573433686819091,-1.1999019158277833,0.7194205744492572
0.5616211836011186,0.11387777073939567,0.7040781944280686
0.5603693093085188,-0.3878196205736258,0.7361366055790542
0.5593576509957945,-0.5317007704007406,0.7136862820691147
0.565744600011991,1.2584920876697203,0.693663873899011
0.5676989498515671,1.7255880108615644,0.7234541406724566
0.5551250408064963,-2.0617946650489767,0.6929425902660954
0.5617654998885907,-0.1891429766610151,0.7574190520040736
0.5559056887476244,-1.7193750518788185,0.6829339804349873
0.5576042332081121,-1.1214242474517973,0.76656442669869
0.5538242869927562,-2.1098252111361266,0.7120032652461293
0.5570524582825491,-1.1615297246103973,0.6980288849946487
0.5675922102702035,1.647241074561243,0.6640344711089978
0.5676657857744736,1.6828405771583823,0.712310759218305
0.5584163507265175,-0.8847717637965791,0.691706685806691
0.5631429090332482,0.2557462800323963,0.7624195748330038
0.5597330720605492,-0.39236335565615216,0.6725385564327385
0.5670723904565598,1.6167815382364281,0.6122957389394784
0.5637740518025404,0.5966915478144125,0.6671456148008543
0.5572846994733786,-1.39449579861894,0.676878108117602
0.5665752364946308,1.4923943236712263,0.7137648395885079
0.5593674389976622,-0.6614514903263489,0.7137496917698806
0.5646744033123937,1.0234467792839597,0.6540194559397179
0.5593911314479489,-0.6755282568828144,0.661963361697356
0.562387833536481,0.3745521763828331,0.6840973429514168
0.5666604998603836,1.3848867743208995,0.7314283790630874
0.5598673144290205,-0.6035540447339844,0.7340727791370089
0.5546548104647196,-2.0265064741461476,0.6320372013124312
0.5626758661682044,0.1857946459460308,0.7387315495466993
0.5652107562820303,1.1140613094553238,0.596432181549445
0.5623754756827177,0.04015334555194448,0.7709571501846268
0.5610126940218257,-0.1789039388815656,0.6870699012131123
0.5672823996499701,1.7063948958329578,0.6570377072875947
0.5670482274246351,1.5471205317830843,0.7505139193704099
0.5703334004785663,2.332802696517546,0.7189042630089094
0.5595805244671374,-0.7269354058681302,0.7680473158091771
0.5679766162253902,1.688905802180963,0.7729732928483556
0.5545149781466061,-1.970376301003688,0.6921461933241284
0.5572898250076566,-1.0876698152677045,0.6801895487543822
0.561235667525531,0.03526463559275236,0.6908894071327517
0.5578909403875699,-1.131784849330676,0.8227595589277322
0.5560565776777457,-1.6544288850463884,0.7060248913283891
0.5660726599490788,1.3397123347070183,0.6410018767765316
0.559298099132658,-0.6426690444087474,0.7720489659352315
0.5650107138204422,0.9909303087612629,0.7435382337093147
0.5640016475525573,0.6481023203147017,0.7307711507399876
0.5674847381659177,1.294367141181155,0.7730213754802383
0.5636852104361962,0.6847569018304398,0.702885432346462
0.5586161070328272,-0.8086327227833024,0.795555573080401
0.5565025189342877,-1.3778612089872022,0.7283406764572362
0.5636806446402829,0.454748648323668,0.7614354327288858
0.55853671074578,-1.321453102694238,0.7816324047690999
0.5588424796004334,-0.7163153849260123,0.6927827602517509
0.5590536212174141,-0.6969813287608041,0.7518116453082188
0.5672546367151405,1.509558824731712,0.6673192228921914
0.5618950543153177,-0.08259486503404703,0.6683259736751956
0.5615121110538858,0.06011349273023012,0.6851254926696834
0.5620067815116133,0.09419401991640196,0.7357077181342953
0.5618714133283746,0.10704524783714636,0.692134238349507
0.5695231312131253,2.3128253898802797,0.6322368040522192
0.5574886281141064,-1.1242811824155001,0.7545463701164414
0.5630078951960068,0.2519276484830437,0.7245745567594458
0.564632901788136,0.4849655649724275,0.7080001390212539
0.5629458556967267,0.0036886430861639698,0.8461779730250073
0.5596043794784853,-0.5854280095772241,0.7605877975783686
0.5611711257030465,-0.2998883626299861,0.773049766686857
0.5648854224328567,1.0259681742197715,0.717698042908131
0.5643390345341929,0.47326085319389305,0.7516098753168747
0.5558343409406035,-1.9016703434647726,0.671074779294735
0.5692855333028212,2.155391140105648,0.7574537230134207
0.5636301784936093,0.5516724573703472,0.7459430613218484
0.5561581834752098,-1.5582186105070548,0.6177443580647973
0.5624298276840742,0.12869832775168188,0.6404424775017123
0.5594145075791613,-0.7517456938590371,0.6519125133856972
0.5621236088663306,-0.04471916376815849,0.7860438892097955
0.5618545357410082,0.05407305141924091,0.6960677922275247
0.5558166921410851,-1.7489911122327093,0.816286720831193
0.5649592848313951,0.8479737790130436,0.7517016904119663
0.5611171118178151,-0.2241012218045683,0.7632484505101388
0.557982716786153,-0.9639402870415382,0.7075452590261446
0.5659159769203952,1.277079436834178,0.6475185320852623
0.5659619279976927,1.1704229006113187,0.7109474102266485
0.566774148269584,1.5793537872082537,0.6251119890616627
0.5672912182515013,1.6328878354823027,0.700908957034688
0.5639261483725152,0.6858547696873767,0.639836509859593
0.5661861332336631,1.4551501875028647,0.7193934798425294
0.5621957433528583,0.017320914211387588,0.7243942764829999
0.5661396031830574,1.2880310395381858,0.7202393728717995
0.5626544067740938,0.36340589409964114,0.7336099979900631
0.5585514667241872,-0.7793390936896323,0.7718900710683911
0.5613920522093188,-0.04725582514290877,0.736754393852237
0.5673650051310695,1.3987608475359639,0.7662216136489873
0.5628848150743709,0.28874198352963215,0.610938988109827
0.5674597827081107,1.6510989221019834,0.6890166098527581
0.5689858659433211,2.047269641880399,0.7687514892559404
0.5673774855963066,1.5285830442423405,0.6944135490657919
0.5562502360554799,-1.5395271562035093,0.6309030558286443
0.5636578548220422,0.6440301548621465,0.678214013709531
0.5592271026741159,-0.6952350954993254,0.7329947766834214
0.5579972813332291,-0.9629704522327024,0.779718731123943
0.5618921626697861,-0.011863041818152951,0.7395356296603659
0.5600591748827447,-0.5003459505095798,0.7434801996368549
0.5670043547155982,1.5984558351164038,0.681438193998594
0.5600097144055363,-0.7869531086794872,0.7837047796310513
0.5590262948393185,-0.7702807204324945,0.7290854936992015
0.5615963836842374,-0.08496557750954083,0.7094434976724374
0.5700516304271617,2.367768758184701,0.6913366606579218
0.5578650398228514,-0.9439996244955557,0.6935156528734743
0.5644886452206743,0.6498621835711803,0.6906895752618414
0.5657723210858807,1.2610275985066932,0.7049076368679593
0.5657335324727885,1.2230276714134884,0.6921163266012497
0.5607645355167603,-0.1750438040294025,0.6969469745322137
0.55605771179815,-1.7212582013720479,0.7839861382691574
0.5565978990761256,-1.360897056809917,0.6735287826595928
0.5651658412664254,1.0613206385659233,0.7114503065663402
0.5605822075004151,-0.2681514863274695,0.6010327463720597
0.5643816128838751,0.561115596619362,0.7143420253645091
0.5579205890098612,-1.091122821590646,0.7904145573598995
0.5616849891780751,-0.048073392382701516,0.7505268147252669
0.564959305606988,0.7600007165320883,0.7795995595061875
0.5556762990920063,-1.8059050998022408,0.7995102712439108
0.5621851610987334,0.0408059968225848,0.6748669038157972
0.5603053214305214,-0.2799109679439376,0.7171066910165849
0.5643319530836155,0.7765879443312316,0.743532330628637
0.5552283954356256,-1.9162054558466382,0.6442689662613599
0.566108164751941,1.3834581105973218,0.6623438015675315
0.5673156304824125,1.6318235215871966,0.7238622355366151
0.559638732136015,-0.638064449167975,0.7175140374897296
0.5643848018220359,0.7225866549676759,0.763757891177284
0.5575889465528694,-1.071857165748365,0.7214916568296031
0.5581922913139951,-0.998283561506536,0.7339722018116529
0.5576581039885768,-0.9820118984315167,0.6991311602669679
0.555120587263634,-1.9338879317118756,0.6794118043418128
0.5575633801115583,-1.1129818030100314,0.7808036803841968
0.5664072957511888,1.3304966422593036,0.6371989804240764
0.566816635783082,1.4402370050217,0.714736372056807
0.5559957592203653,-1.509834881348772,0.7464891297183874
0.5662896086604725,1.2784959122199187,0.7380643334971105
0.5653082318424574,1.1155853540037322,0.7073611614858097
0.5621237543305245,-0.1334542941656896,0.8121191074678057
0.5633761223202837,0.1577944098316803,0.6405575185111904
0.5633664342692143,0.45419971293146005,0.7002161421555596
0.5579482428383625,-0.9675713898523955,0.6759742012768318
0.5556519797564777,-1.7890645501350355,0.6939764627316823
0.5618381227700263,0.07718221318075712,0.7013082896576973
0.5578492531405574,-1.0794266784634348,0.7175768336603301
0.5628061791848041,0.22192438033694278,0.693400008007823
0.5620105355733322,0.23200868399514335,0.7233012781974434
0.5698468359774126,2.36828695447014,0.7363106337913444
0.5657478631669988,0.807870147722628,0.7484246909771469
0.5677137745898055,1.6914623664756583,0.743055165532578
0.5579272453645309,-0.9116487029800119,0.7201901983027769
0.5552453379419703,-1.8784734863564583,0.731848443360372
0.5585290021299497,-1.0033217424561742,0.6898605400258826
0.5586853394000735,-0.9318739505070893,0.8728314926566868
0.5587648855436889,-0.7835597379164666,0.7164073848059933
0.5631392628634498,0.41312562227112704,0.7360776892395615
0.5667677796541676,1.3845819579186158,0.6907208915619244
0.5616212549394659,-0.17387114723328959,0.7139442538413184
0.5570362898982529,-1.1866205072033142,0.7853505280333044
0.5677919881628946,1.7452705403457,0.7350134700919458
0.5628735910866796,0.025452268514062924,0.8145587263507105
0.5628705035765003,0.43258506330100377,0.6318226165821732
0.5617723063277057,-0.08242896629554075,0.7579731142329742
0.5596347180308188,-0.571626003004492,0.6342767142002239
0.5687190875990608,1.9749021928529857,0.6947388659764172
0.5631331510225267,0.3620945984526619,0.6856678773814882
0.5592162924877933,-1.0292202551833534,0.8685967245689468
0.5599737867285972,-0.35746192806844834,0.723699419613712
0.5663089284680656,0.9928289696029876,0.7727360412400849
0.5663537175889928,1.439186855876988,0.7287321837388152
0.567009881153882,1.6339629774715831,0.6654775594163072
0.5660900090103325,1.04523816811197,0.7817602029322361
0.5611415003691824,-0.15456899102027286,0.708033210414726
0.5651270242879267,1.0965143512621784,0.6338861484782148
0.5622828134426351,0.14781174286850432,0.7523564106811441
0.5626665752355012,0.20381180802424184,0.7340623056344026
0.5622622731365786,0.040441205506096714,0.7464029261284169
0.5667495279821341,1.3316203850287553,0.7248645622258083
0.5581034352289154,-1.0440715205386961,0.6535296498397583
0.5549687322580577,-1.9549423340013716,0.7187312562701675
0.5571377093485549,-1.1612854205579468,0.7254622210347753
0.5563998212209972,-1.3560244029687387,0.7027439843074663
0.5572041393433474,-1.4304193607947802,0.8239591436405477
0.5669850279930916,1.4922711840530838,0.7120054237412258
0.5615945117557178,0.08952190519648089,0.6838352491446987
0.5566066211184646,-1.4695095556022082,0.6985427150656408
0.5584867137241828,-0.7888182623608766,0.6550819038550311
0.560004154715308,-0.7268776613277264,0.7143986736133189
0.5588606093560566,-0.8197970844165942,0.7445065582433049
0.5609369908122347,-0.14359974264412195,0.6505037974293467
0.5623292435316197,0.3028824792964897,0.6073221057819166
0.5584975780798382,-1.0012989858318408,0.7748425360304372
0.5591720801591181,-0.5909101096031897,0.7262018539502819
0.5611161948769484,-0.176014437904498,0.6842950210215826
0.566454785311417,1.0078744280461003,0.6852309006767956
0.559375390861869,-0.7792802436374557,0.7897341825592893
0.5597688182952808,-0.5379162880188069,0.7249137457545365
0.5585827137056593,-0.806295807594307,0.7067928661517136
0.5619743090524053,0.001206541288447575,0.7674008574832627
0.5601076754595455,-0.43173692050725065,0.6343575564952889
0.5643183829493394,0.5435139868189208,0.7757449096037965
0.5563873345724869,-1.5615363236546755,0.8494217975974346
0.5668722718067641,1.4749538455604865,0.6824196035748006
0.5548138515364012,-2.0118040011646063,0.6900568302679376
0.5600293835820931,-0.4134636647474297,0.6474004641792348
0.5571635202619445,-1.1797722888521376,0.7027336059332748
0.5628921149020657,0.17154100943475753,0.7370289296725526
0.5614620993027833,-0.11435736504901828,0.6097254116982607
0.558365922771075,-0.8183223758877433,0.719487438327196
0.5581191854953499,-0.9297400972277853,0.7330773837915862
0.5572236535962946,-1.3536664513473473,0.760911750627574
0.5649843193118987,1.0091143792059085,0.6670558315490563
0.5638559198818711,0.3994976015233199,0.7253760875237726
0.5662668562356108,0.8785057207637336,0.7622216402965741
0.5548771397433337,-2.0867200709556024,0.6873234532747514
0.5596746757174581,-0.5687052609307283,0.7639674796971238
0.5604041386346653,-0.5494276148950139,0.7206653025464508
0.5628829131371905,0.28740160292641087,0.8136451946220605
0.5629367758105923,0.3662542427787381,0.7531705992580078
0.5588316043747825,-0.7524019839136472,0.7526415340684818
0.566187227383438,0.9913636002065435,0.7479581091337195
0.560116125827627,-0.387445311344403,0.7348524937831695
0.5562096218471703,-1.359881806229002,0.7016603075130228
0.5678337623456634,1.7955217920068658,0.7258068706275812
0.5573119074060083,-1.4075825334408687,0.7741608447869873
0.5651313753061733,1.098040530210666,0.7217140906630735
0.5651663791809008,1.0426308567654403,0.6611373267495418
0.5570846042250777,-1.3518421551024813,0.7953202156378808
0.5599538012864945,-0.4992311878009867,0.7201529273842984
0.5650380207927382,1.0241236005221057,0.695422181499479
0.5596730447872593,-0.6742312003344154,0.7123852927393877
0.5575399780854389,-1.2209580679021312,0.830875765108842
0.556312527890927,-1.483200583425517,0.7803768120763792
0.5666281087051886,1.402504060826447,0.7048405297693601
0.5583519703060772,-1.1055087700656636,0.7234147121136436
0.5671470758257121,1.3322655509266348,0.7630346592294971
0.5600902488591074,-0.3870483588622439,0.7221192214375424
0.5582610374353337,-0.9366031923919819,0.7385498961135283
0.5633459445298691,0.36504229721179743,0.7540445345729493
0.5604064737255338,-0.27947765012523956,0.7267131571183644
0.5581643768316634,-1.2339727856701534,0.7210779291143647
0.5567766055602903,-1.2496182744854323,0.716128187286289
0.5596072927671675,-0.39065755253334294,0.6903659264050684
0.5585906638557934,-0.9246938617753325,0.7400502141243226
0.561853787837456,0.005492480156019185,0.7408792009328059
0.5559872225645079,-1.5217424077659774,0.6884291776951516
0.5573724782266409,-1.2139372095728977,0.7669623732471248
0.5674219473744437,1.5761074293111959,0.7367053345926412
0.5633373997869606,0.29253002143072276,0.7574811455600079
0.5639676031302207,0.6831748199232567,0.7505133783848543
0.568178912835678,1.8150488777448868,0.7267193607815611
0.5651760578961301,1.1099872579608727,0.6447067770627806
0.5691091926913192,2.2268774647649274,0.6957359730132939
0.5658611545748081,1.0089959002224382,0.7241597979068904
0.5576511430414713,-0.9921758481245339,0.6565752403899838
0.5564954954202445,-1.4441151590845296,0.7221835247846178
0.5617529001424559,-0.0698303790378317,0.6492567911870346
0.5655631733967246,1.2220960903220093,0.6871441394366936
0.55561641072353,-1.6424357950064945,0.721407289331734
0.5569491677445203,-1.5289608504054317,0.7501392520637047
0.5650778746374152,0.8474145163290161,0.6985667910850097
0.5676291319943925,1.6522787876278446,0.6938696083634465
0.5577282720231402,-1.1648791817037105,0.818863487358875
0.557818863776584,-1.2227748934135605,0.7472758671609577
0.5675822783463809,1.7598895234344527,0.7303378330163534
0.5602697683333583,-0.7275314869299038,0.7379777756397639
0.5583676711301465,-1.2869983712495932,0.7504469190954884
0.555553033720203,-1.9528845116590294,0.8325961346623338
0.5630670886302385,0.16574748279590498,0.7894590193734851
0.566093342022278,1.3139618963779927,0.716340427169402
0.5653839466014648,0.6816361913654412,0.7972247624531744
0.5571948082682399,-1.1794897736333678,0.7331333832670685
0.5659662303411849,1.3297000652609863,0.6995753520724844
0.5569772556681102,-1.3840650808883481,0.6388973279137745
0.5572089878955967,-1.1043062629574776,0.7218348377437309
0.5620131055800391,0.1275297845774945,0.6936421358289019
0.5589595128972075,-0.7362201443031418,0.7249014405499379
0.559876565970715,-0.5764658122230476,0.8452399577083703
0.5585381170258414,-0.8229143637633349,0.7305958205276308
0.5617731909641445,-0.04963462905294496,0.7195355910973784
0.5572894713044034,-1.1615497722515826,0.725577421519709
0.5569995998964608,-1.2732464930688172,0.7306356393686657
0.5667201855203342,1.4033752024856099,0.7492861365491952
0.567441967385878,1.651272949689832,0.7010376784624529
0.5651301259674643,0.6687684050244921,0.7295919970434872
0.5586806582207354,-0.876896779990105,0.7067399215538119
0.5696634374219117,2.2963994754580193,0.7126416145144512
0.566989667056557,1.509745970578981,0.7216831933340351
0.5617764438168045,0.00551530493751422,0.7390668638573579
0.5658489742206435,1.0279296220586682,0.7500870773496533
0.5585554264728227,-0.7095279445987329,0.7055300360658742
0.5595372017061561,-0.49734781306920467,0.6794150734083423
0.5586380002885796,-0.6836772256386419,0.7279231441207215
0.555535778200957,-1.779740546440667,0.8236566440197974
0.5627930215331336,0.29134328482277144,0.7026548271809376
0.5668486249034742,1.5456465223196603,0.6415826449609929
0.5554897908431844,-1.8815636800069377,0.6184934327855932
0.562852541125518,0.19915614516463157,0.7182496850606491
0.5593064225619031,-1.037194312954284,0.7813545426485798
0.5614598271464932,-0.0710669617774365,0.7305800078684808
0.5629228798106072,0.39311167763601557,0.6924021241515437
0.5653568196048876,1.07938055128773,0.650132436740859
0.5558091246613674,-1.5062124411463318,0.7050392213809512
0.5643630058116349,0.5912916602545499,0.73757339181288
0.5644692597541271,0.8265056564683692,0.6603566729699788
0.5652545317285221,0.9496190025043026,0.632805623195774
0.5608028070981662,-0.23574453532504885,0.6947176276964585
0.5652906478046461,1.0618821145703323,0.678782156306272
0.5679657324506505,1.8132375424816694,0.673451425006084
0.5599882368634276,-0.44313174337581107,0.7601736660833339
0.5591503995831498,-0.7004703902851576,0.6586656737111423
0.5610415018760719,-0.2077443853615887,0.7126926958838175
0.5608210530321209,-0.4229776939381292,0.8116006787949499
0.5597298285308336,-0.4428997059719797,0.7127640926849056
0.5635328282857708,0.43598233067440506,0.7134902650731058
0.5617757652671154,0.23768426621680644,0.6833501105303863
0.5616166184154983,-0.029470354170742282,0.6892619486446473
0.5673053632913331,1.650442646697865,0.6539731978385699
0.5628346156886466,0.34444376479857647,0.7297133790905698
0.5660600138523119,0.897299841271787,0.7544805584746679
0.5590622093542156,-0.8711738158857282,0.7357822017661164
0.5677749520990493,1.811165301252565,0.6456366743469071
0.5637043140307582,0.6257221752656389,0.7290692715075572
0.5600047524263343,-0.42716960417660504,0.7623840587063466
0.5596890355329549,-0.4244586462247957,0.7263804309115596
0.5585683551142532,-0.9252216216846644,0.7420553925892656
0.5643344319084213,0.6509431318519886,0.7036301837862192
0.5622311099871483,0.136977061718826,0.7747850302527354
0.5605238448634682,-0.25053472333875554,0.7521114494770724
0.5649560033347379,0.5622705438105258,0.7157688894161855
0.5608561065970002,-0.3490916154937979,0.7517451438994612
0.5611422136998966,-0.1204156323090021,0.6886468034409333
0.5589897431084975,-0.7312804980700452,0.7380280288753303
0.5583607496557376,-0.9730701372445067,0.7938757478110551
0.5608784897438408,-0.3038387464993915,0.6830248813643223
0.56949854651936,2.1185842683142986,0.7092618768044063
0.5615958767468054,-0.040430818466031325,0.7578526621202669
0.5609644399352862,-0.22579052178868486,0.7715224385754125
0.5581319904558408,-1.2871838399171802,0.8151971310533471
0.5596772307662872,-0.7556371680685632,0.8413016560569142
0.5607974720831859,-0.07049708189124113,0.6550827269074097
0.5625653060647596,0.30852170984920896,0.6981145134249376
0.5610890425845195,-0.24214984101717632,0.7631043165580885
0.5570171911122246,-1.3737765866985352,0.7801581357336963
0.5641257989387106,0.6485706706696487,0.6857981565384517
0.5599191782725395,-0.48232573095742476,0.7005607846327423
0.5552964016179305,-1.8435060049797323,0.7140552301569263
0.5632807215882518,0.0014503666824942968,0.7553706562505687
0.5624539715767551,0.2712394371754665,0.6653375667826946
0.5572969389814499,-1.2570629910602127,0.7331780286975651
0.5634202782367408,0.3988065602055431,0.7480136792048125
0.556942099715426,-1.6121270761452464,0.785340955730772
0.559724780714468,-0.45870549128861904,0.7602468231893401
0.564683021507009,0.8306824687667216,0.6994776605100881
0.5592817774151503,-0.6766175905361086,0.7938172840078539
0.5607438707990045,-0.31871104512847,0.8095728032719139
0.5595853551107,-0.5690300190951854,0.6940177032045468
0.5565261014651465,-1.3647650497622295,0.6931169590210413
0.5591268366456681,-0.913983873727862,0.7994172840420065
0.5650310905989152,0.8097272686185952,0.6874145568048602
0.5633540140268013,0.39747797572186283,0.7268560165698489
0.5691809855190252,1.939957271123936,0.7229294180804208
0.5583740473504485,-1.0867483785190524,0.7183446468819825
0.5594693563023511,-0.7309476066546552,0.7994072905712415
0.562345763883053,0.11538803014790336,0.747956727189246
0.5573128987462431,-1.2737742391261946,0.700920327434222
0.5602910127375398,-0.2811259801847533,0.7078028483479484
0.5569332720516257,-1.203731247614238,0.7830661475120398
0.5612670933028406,-0.158182507622736,0.6057297669613074
0.5579225067488546,-0.9291221319363511,0.7500207999649469
0.558650685741578,-0.7664419244903696,0.758117247562705
0.5560614391044586,-1.6257143214954175,0.6480004457907922
0.5542742313433275,-2.098883101403595,0.633003105475111
0.5592297496207376,-0.6379717029019898,0.7356972686144176
0.5647723576759092,0.8127206548069398,0.7167229186293584
0.5577797651536804,-1.108103030394633,0.8127786893933491
0.5617332833123002,-0.013323784843078588,0.7027780652420192
0.5671986952723377,1.5252328689749723,0.67309287064601
0.563285857368477,0.5885372223488677,0.6481296887057032
0.555737868582932,-1.7033797029646083,0.7827650129108659
0.5560348567502383,-1.7049861321753763,0.6832111342516473
0.5582322183602554,-0.8199993334805542,0.7205285587369787
0.570178415109377,2.36848157533909,0.7757720910836361
0.5617377793937393,-0.31345953773660845,0.7992268221032555
0.5646582345970426,0.9723331828209383,0.6772736727177263
0.5637620790982001,0.664043452712914,0.7041212487285455
0.5592376951933057,-0.6920234427441452,0.7285266178412395
0.5669122808797472,1.544049183971092,0.6926577252207301
0.5646961724399905,0.6502956318290455,0.7264633043260019
0.564807530043067,0.9002598479333797,0.6869248888936141
0.5610361066242637,-0.16014172751172087,0.7758368972542568
0.5624780399932325,0.042295436441401074,0.7048049372688545
0.5579619674255037,-1.0852884050436697,0.7689259260314892
0.5596936426476709,-0.5517296455250846,0.62358264591418
0.5581764018762565,-1.0960093324385596,0.7375729143185881
0.5598816760010132,-0.4994613355242152,0.7470640846045409
0.5639887451184242,0.5563812858736837,0.7314473984283988
0.564253066587035,0.6857717906952366,0.7145676409442199
0.558123984782617,-0.8947851972164614,0.7030726366470457
0.7386720203746736,-1.1385896198182273,-1.2680887005928168
0.7407373044269312,-0.37555888344113675,-1.2326513782470623
0.7417530875925882,-0.3179296740514966,-1.163845342478735
0.7402344435131536,-0.8438893501430128,-1.130296120388436
0.7435936171956857,0.2531067998562795,-1.1769781050473893
0.7420993432469764,-0.021259414754434255,-1.2180867284295769
0.7403910770310685,-0.8286749085900783,-1.2050468619426304
0.7481193442302038,1.6119131140865428,-1.2845347277594361
0.7382568900590282,-1.3175875705858273,-1.1261803917132878
0.7427685043686126,0.14558141195824978,-1.1993729963506565
0.7396445052390044,-0.8950184898378927,-1.148764883522219
0.7387871484159416,-1.2265548112062492,-1.2673938774837328
0.7383426546497691,-1.0086355489379881,-1.2274803917079433
0.742612131654597,-0.11904260501300791,-1.1335841712179682
0.7430079453780796,0.07407322128261937,-1.1736359871679356
0.7499828511205404,1.9892554463966863,-1.2253023228293896
0.7364270416604399,-1.8146478469542584,-1.1535704927071881
0.739996804340708,-0.8847177843966557,-1.1164556183251937
0.739383641309921,-0.8656476008194354,-1.2981414603245656
0.7425196946501329,-0.0028609672713851846,-1.1515584027694161
0.7402350282755755,-0.5535807488324562,-1.1857006981739466
0.7405497408106674,-0.6672872177383574,-1.203510446152977
0.7441933623015351,0.4109834607646392,-1.1813723902251143
0.7368165410022715,-1.7906684815395788,-1.1027041287253958
0.7472510653739421,1.416620380533103,-1.230249021047771
0.746146895537718,0.9346085160135932,-1.2091052250361778
0.7428601364087005,0.0839629362899612,-1.161667829680062
0.7410438760986566,-0.7238348448370656,-1.1608941717248729
0.743059345445415,0.02103309108729462,-1.1220905976826416
0.7442282265943653,0.5918595527538969,-1.2455980431043134
0.744825303546017,0.6543637676301245,-1.1620515924556674
0.7453083513671662,0.8618619565756795,-1.2442712600517778
0.7407498389012556,-0.643598068617477,-1.183300950393573
0.7381723993239632,-1.171334958462509,-1.2147365352758508
0.7385146557504432,-1.26194407737098,-1.2709823922528456
0.7454498386155344,0.876080560059941,-1.165171602840437
0.7438496742822917,0.3732410266353315,-1.1720400204626613
0.7399419356533932,-1.043097485302465,-1.1007922270349395
0.7510173024204085,2.420374000109488,-1.182698682404814
0.7479601247218105,1.4701445721717035,-1.1944115055131295
0.7415342682525086,-0.5050828056209786,-1.2272909957502498
0.7453364226838259,0.7673829651444231,-1.149933508641697
0.7385652049294428,-0.9872126333675899,-1.219956756787914
0.74285504161617,0.07398887744845141,-1.1894623913013889
0.7476985125971334,1.4564663044612596,-1.3376419316424828
0.7378764316982965,-1.3078519617231898,-1.1673157217632437
0.7395946181454908,-0.7253476742721361,-1.1538324991340254
0.7461292124577461,0.5896808462152421,-1.1186060136236784
0.7507940564736318,2.311130660985336,-1.2759044569582954
0.744503094902475,0.5227016499807622,-1.1579039880745936
0.7458758083832785,0.8074764520148981,-1.139023556295424
0.7425807391299362,-0.10345770600079952,-1.1644967954698409
0.7443438404129875,0.6813142442297281,-1.2352627696916183
0.7460588849753691,1.1503256998809321,-1.1736152804806335
0.7479968798887512,1.55530582449557,-1.1385398792414698
0.7423169890929711,-0.1417695889112307,-1.1628950030691079
0.7402997910758786,-0.8038885361748532,-1.2320442205208657
0.741892828004129,-0.33830724826814157,-1.1435955972577478
0.7477084549681537,1.48736338384339,-1.1981291638622433
0.7436484682694826,0.21509525370832586,-1.241966795583097
0.7404742764717691,-0.42975779326518637,-1.226688650152637
0.7388027103569125,-1.0552169840766978,-1.1290304774420956
0.7407852897334867,-0.6624153652329139,-1.2070300808534233
0.7417047172928928,-0.3898634638492928,-1.2483754725800686
0.7427262513611766,0.013774394733895133,-1.2234866578917063
0.7432210533003727,0.022183068609843565,-1.1602690564700746
0.7381485376204181,-1.1445414536410807,-1.1507730621608077
0.7387486278229716,-1.2301144218617297,-1.0681406908845772
0.7439295798434803,0.4111801219594308,-1.2451181700899894
0.7449712312178308,0.6414294822041182,-1.1496147805781958
0.7377026289806367,-1.5029521917903976,-1.1276433143198743
0.7443739135728141,0.34561261910979046,-1.119948282113001
0.7483920715215356,1.701085059149256,-1.2883918687879719
0.745101366397383,0.8196356953126488,-1.1877177018804008
0.7433079852781659,0.35394942058414036,-1.2069793900990415
0.7438109802867906,0.30367004800964853,-1.1844983501785384
0.7419407821679554,-0.3566056462302677,-1.2549199909635462
0.7466334723568702,1.2555741542953465,-1.208294815547553
0.7374236403402303,-1.4179342178256826,-1.1715342003165254
0.7491390052211859,1.8822949129993822,-1.2602803031662995
0.750174844057373,2.1081206868900777,-1.2470059706650185
0.7453809082776655,0.9272883277185088,-1.2251695060701793
0.739836119190233,-0.6064122232412692,-1.2039710045841796
0.7410518286514632,-0.3751924489988089,-1.1995430207331135
0.7472854951430179,1.3975046166808172,-1.2568481634429367
0.742891498754213,0.05726803601096323,-1.1755781159919536
0.7461369687189017,1.0594089451034967,-1.2683494244163616
0.738997043163991,-0.9352437469487512,-1.1674071719887442
0.7432198574382795,0.14048649694941456,-1.2407894506856347
0.7416483678404506,-0.14252951670082042,-1.1984484243769982
0.7452412610695878,0.5001901445115574,-1.0858793921094736
0.7472881671163074,1.50556873946813,-1.2868268505606748
0.7402716664039646,-0.7133810720670591,-1.1727788281003682
0.7377154241055037,-1.2190074914199127,-1.1962519718390898
0.7460401661809942,1.1408487341450169,-1.2597208907009527
0.7456337020240117,0.9620729468256546,-1.226517200500886
0.7509007712829566,2.239502554725107,-1.1998196230669653
0.7421860516942556,-0.1222744633112688,-1.1605108584315125
0.7421918403964632,0.016431695332993355,-1.1920860600077157
0.7376204701736616,-1.3770034300590932,-1.1330508552349845
0.7465162455165565,1.1145588622973548,-1.1608655114670103
0.7456895272856388,0.861521484023636,-1.14065875383317
0.7454629052351012,0.7732561118614294,-1.1642851147984836
0.7409547696449694,-0.3995730572331212,-1.1869410477044837
0.7395690925046217,-0.6565638899223578,-1.212479725965885
0.7511188458055024,2.3652559519764176,-1.2338413214746815
0.7450250217474971,0.7849163774493497,-1.3332877241535306
0.745556267059199,0.7546810482476816,-1.1697161415966668
0.7407192393904334,-0.5503989621328718,-1.1439979901183284
0.7487283784206415,1.8094107859344353,-1.2196536130537563
0.742491944980326,0.018293677113510765,-1.211115204126544
0.7439954566003095,0.37704896094047247,-1.197046595218662
0.7414720396233172,-0.35888572223390713,-1.1087372572849938
0.7403660762539855,-0.5557610628341256,-1.1672975967100583
0.7386274455877522,-1.1407454435357356,-1.0778806653136062
0.7467195719837315,1.0953576993610568,-1.2108836336240496
0.7420244543275022,-0.1806538119245386,-1.1325658602959279
0.7479960050044088,1.5418628218315407,-1.243235787171473
0.7425544536863491,0.08998978477106728,-1.2199622709097329
0.7373365534534457,-1.6373899353305084,-1.1995591670368098
0.7444066799458648,0.4972079245434353,-1.153255019425066
0.7394524844510322,-0.8116961701562245,-1.1013266517717233
0.7422903502847945,-0.21168177652832218,-1.1542812204389146
0.7443694026539749,0.5926239301199929,-1.2146526684454773
0.7454902196228568,0.8781711032790268,-1.1718162720075715
0.7432761352456015,0.08742461361850441,-1.1601853485582958
0.7454338383008361,0.8767473152163858,-1.2993305168322906
0.7357131301433705,-2.068660617594397,-1.2104411806530353
0.7362097077771419,-2.028256305294686,-1.2219341613373569
0.7407889660964314,-0.4447565316734146,-1.16924101676333
0.7463715506278082,1.104718147321736,-1.259158791335096
0.7399068764149525,-0.7855238842932966,-1.1717597514774145
0.7379373753551324,-1.20285367513404,-1.2183059869984145
0.7402999747902073,-0.5043756700113595,-1.273922000357569
0.7431141064117223,0.23319656969537791,-1.2771868592095206
0.7363310785877578,-1.9274163716501058,-1.1925529593858586
0.7484398617914922,1.7023820732522266,-1.272332648213566
0.7426585649611827,-0.12219477950949816,-1.248182572704568
0.7437015984043337,0.33948529181485665,-1.278817542165213
0.7425572115863928,0.03123430044452002,-1.2257264856130508
0.7404714980622215,-0.8094700834495823,-1.2236561293814852
0.7440552997939507,0.48121573552633173,-1.199321166402086
0.7481019097790222,1.5607789283317877,-1.235713812676015
0.7406070783384787,-0.5899579935353799,-1.219639650640601
0.7406925766803956,-0.4640324790330638,-1.2949452025643848
0.7389205047065022,-0.9410342479792536,-1.2292468165526262
0.7434878057153511,0.3123952691408501,-1.2531810706014734
0.7495340689085674,2.0066085392270843,-1.1982400692842663
0.7440888945904457,0.2432631448604252,-1.1058439857026519
0.7415301481067862,-0.5562915811642056,-1.277135145750945
0.7415401605672801,-0.4408793623593502,-1.1279370726757778
0.7483724528135833,1.721190854421861,-1.2670438827717554
0.7416998455011475,-0.3789627865385021,-1.1787938818596138
0.7439512842430009,0.19941467876826702,-1.1372425467268314
0.7432515125297796,0.12348362538629376,-1.1842014498674893
0.7433840381934963,0.09217571334962528,-1.1699112666388296
0.7385849736923041,-0.9018356040417006,-1.241612733107363
0.7357052533234515,-2.0839235493882278,-1.2760945178959495
0.7496050917154327,2.02514116864388,-1.2689787230027807
0.7382633511553846,-1.3988260077098493,-1.2367553117499186
0.7390851591092391,-0.8987632717650389,-1.2135399695095883
0.7512170968057206,2.383148863421821,-1.205061434377601
0.7505749684745273,2.1688195123501113,-1.2047681389328693
0.7427313218212112,-0.012598605222977186,-1.1156382129053137
0.7442083945077699,0.269939913556463,-1.1817335672830143
0.7421184183554602,-0.1597691903370384,-1.2049827074093273
0.747935148952414,1.129930123520751,-1.1360934985798194
0.740954934117431,-0.4633035421364086,-1.152220529881077
0.7504568360702634,2.2044223391945885,-1.2026372008523945
0.7445496071406966,0.5238324936836273,-1.193535936079298
0.7442423540518427,0.14760302152847277,-1.204827688137976
0.7417073952320898,-0.30278704315257443,-1.1931887196644542
0.743262394147264,0.39399691353699684,-1.2126302103971371
0.7409768356645324,-0.4453651292042384,-1.1873879199949127
0.7416598147563412,-0.5559745324912744,-1.1760330556559788
0.7432892938545964,0.040957940214390386,-1.1460623271089492
0.745134607739137,0.5525328144674092,-1.11060219037765
0.7446244933327112,0.6766078821190593,-1.2717046129383458
0.7398001620738378,-0.7437394189629883,-1.2940243084399037
0.7468089816569721,1.1994040568935365,-1.1836036865372082
0.7422729178859465,-0.023078829217389688,-1.2490390400014766
0.748137898716334,1.579802729534128,-1.144532881135382
0.7460330308906837,0.6763145748509319,-1.1765724704269842
0.748441230722586,1.6323863452784915,-1.1668639662176923
0.7460678200004697,1.1117936553374679,-1.2176628962160303
0.7395125277840883,-0.8107448819045953,-1.268799759437637
0.7472714389093168,1.380723448380141,-1.1954575770681264
0.7438238321927568,0.4851490077781287,-1.264590203964135
0.7377320128282753,-1.3538872812166391,-1.1374495535329388
0.7426149446660149,-0.10400903439210099,-1.1406568117947014
0.750412026315158,2.2041933958595155,-1.2224589200230198
0.7426896314017708,0.14053361502667883,-1.1916413795372298
0.746107180007486,0.6301208769174037,-1.1775866870082177
0.7419426379980611,-0.28402013641322776,-1.2004909212258552
0.7401347153804834,-0.9266100178128401,-1.1534819058369379
0.7447643540853989,0.41423849307023836,-1.132638951447092
0.7437964227346083,0.2999882783540855,-1.1845552286353846
0.7455711172078002,0.8757020982987372,-1.2491615071518203
0.738679370488135,-1.2254505316186644,-1.2789356941455778
0.7502514962120833,2.2046585258390414,-1.2115756805335465
0.7414713600708649,-0.26982992418597257,-1.2535784225001618
0.7477195526969694,1.0953851018121812,-1.184928537672182
0.7495656622867695,1.9730192378625473,-1.163167234676171
0.7397510674492048,-0.7368824042192285,-1.1534924370213302
0.7373045293216665,-1.3763102815118724,-1.230020007301573
0.7473179362823641,1.4511007596272034,-1.2300210744192785
0.7469619366055859,1.1254044284920035,-1.3099637963851745
0.7369813324184626,-1.6862557586917677,-1.225061199710447
0.7422911410164065,-0.14570148382896694,-1.226787504759105
0.7427128100847178,-0.11909905965807975,-1.156428351940036
0.7434158108207349,-0.0339729357483848,-1.195439322390007
0.7374602069674709,-1.3306733710934284,-1.1498033750831573
0.7358383585230464,-2.116167616858847,-1.068874538388773
0.7460848617595165,1.0749156315633415,-1.2704502917523939
0.7378462795764912,-1.246452425431254,-1.2414331590785512
0.7459028001631588,1.0934665759648008,-1.2411113992308807
0.7462010619076019,1.0401490489494125,-1.2583776863451823
0.7389813073979157,-1.0003792054257867,-1.2554962049401908
0.7441998088647529,0.45237336249174176,-1.1851183760991504
0.7368509163186523,-1.484883109425035,-1.216315662679342
0.7452186331868528,0.8423163333066925,-1.2177607248980278
0.7428052426768914,0.10986887250980532,-1.2110362283872278
0.7438719909874645,0.05093490841170125,-1.232621912881861
0.7461686053973817,0.9520113512925907,-1.1408125807453
0.7453313483233334,0.5591940280008084,-1.1323872581904484
0.7443413199871157,0.23041086748033823,-1.1589061097091033
0.742887188789131,-0.12279175703731676,-1.2040092231115471
0.7383181375938533,-1.119671977252811,-1.3267869063221038
0.7389510268524935,-1.0442026099435469,-1.136391097966143
0.7400645908595862,-0.6133535222493124,-1.2445213086639138
0.7446594551060649,0.5945433451178823,-1.1932404247901665
0.7432106832415495,0.1270583597664324,-1.1978831042206715
0.748498366230045,1.273388913839187,-1.1993770904098249
0.7476509153302394,1.2989005685160828,-1.2855900162126421
0.7437884173931278,0.35969377064362473,-1.161062221733163
0.7367012960045354,-1.6514232042084434,-1.10627153355287
0.74033377996129,-0.46449883680413456,-1.2030943785560313
0.7456201463496286,0.5730792180350653,-1.2542584760489284
0.7390949703208474,-1.0202053961713258,-1.1611387938041207
0.7451907107056142,0.8965575271905546,-1.275291983155103
0.7438944055540914,0.43208827346276585,-1.2232210416807028
0.739190114502628,-0.8989810237729037,-1.2144647175428982
0.7466366691820117,0.9717405562883173,-1.1440734572576257
0.7369196067876761,-1.637951438410921,-1.222906512577995
0.7384256163658341,-1.2728413976519608,-1.265206390068923
0.7446900185684706,0.5287888060348682,-1.244453622524335
0.7470413979331377,1.3440504011753036,-1.1941804796931481
0.7414209430178551,-0.4308962243116516,-1.1190904944974385
0.7469404656697507,1.1997812117712312,-1.2734636981822636
0.7471987634307331,1.4353819419180462,-1.1773573638730808
0.7409794995121085,-0.4815722021833249,-1.2073314287058827
0.745980137780227,0.9519798178379973,-1.2051690203459349
0.7455264709795324,0.6275676986115797,-1.2270195784751858
0.737069416254189,-1.6140034447380178,-1.226763168967487
0.7428130443922976,0.13901463213474108,-1.223878548737788
0.7399463237625719,-0.6887516223800992,-1.2320164885637435
0.7429194967749708,0.01619292014838925,-1.218660766041552
0.7403938171505442,-0.5367155432384372,-1.1839066562373202
0.7402814835626169,-0.5405307259723952,-1.200535449208555
0.741307445521446,-0.3735324349774649,-1.1446880206769263
0.7429946542478645,0.19841996205318949,-1.2554843065467514
0.746358179818698,0.7036578726562913,-1.19164806583172
0.7449385346557014,0.467310910616636,-1.212090891166123
0.7420881987263611,-0.20083852183720283,-1.2096034775336164
0.7476853938101684,1.5598614653802338,-1.2693216806010736
0.7460425483669402,0.9694557356749892,-1.1648306429474324
0.7356131046903401,-2.0085312448847112,-1.1561083325195785
0.7429804490058862,-0.05567348738057234,-1.1681674350529876
0.7411409521949529,-0.5211739260306247,-1.1427041635404964
0.7485188627916725,1.5988821977050045,-1.1481360269513587
0.7483107140835139,1.2330962633243034,-1.1768725271135534
0.748365104770044,1.6690624633354028,-1.2024031655834484
0.7415360310007689,-0.28679771183486613,-1.1727757427940804
0.750278887708183,2.23894292138324,-1.257480354747377
0.7455272190487263,0.7714877615906585,-1.2532214904344714
0.7437990382349944,0.324493293324787,-1.126472701355063
0.7359127372000275,-1.765880317727722,-1.1001955897838251
0.7381144617664619,-1.482439941804507,-1.1285695134600335
0.7441440253012018,0.46132704027897903,-1.2160845712601944
0.7362991890271272,-2.0421251424527926,-1.0928708407707464
0.7407527565585542,-0.3675899387008849,-1.1567088682015407
0.7397255411968326,-0.7190082837595534,-1.1546223134201414
0.7369629494399603,-1.7883200704669378,-1.1918643045666526
0.7416518779833194,-0.5704755329944619,-1.2000489229816287
0.746906767646787,1.1822320586033659,-1.2165702832186918
0.7457225825103834,0.9494090976109916,-1.2373487464211084
0.7422575222075076,-0.09797616886894416,-1.1698676579719054
0.7495733020319804,2.1326303742870327,-1.261816846106201
0.7481964810250055,1.6876705088152524,-1.172543546822471
0.7395835915063221,-0.7869758639638297,-1.2701558493374965
0.7476504253313628,1.5071837888533337,-1.21527647819595
0.7478534883575861,1.416209463927662,-1.248556114815506
0.7412919847549863,-0.3962476881299111,-1.1288519925055909
0.7501087790497757,2.0791806519846223,-1.2513347185576016
0.7470972340756568,1.1256672879377818,-1.1937851845673644
0.7434879622222902,0.014735278769760756,-1.231869710512361
0.7414064328635284,-0.6060629886928276,-1.0767146825418874
0.7355203776554874,-2.012642636543682,-1.2683759898442855
0.7430480582429476,-0.0015586078554231861,-1.1433334862992517
0.7400970160249324,-0.6807334635252091,-1.1514572240891765
0.746509899096192,0.8252813177374293,-1.154734839979306
0.7406980542964583,-0.7303442320223535,-1.1562402004537269
0.7494819068076242,1.9730323911381764,-1.204542641693994
0.7432396807065847,0.08996875707840413,-1.2176568367397236
0.7397582522723811,-0.7689549453819859,-1.2032548876387834
0.7437899743169151,0.36197353975875896,-1.1815254183261075
0.7454090514818721,0.8640240853719202,-1.1740947234825228
0.7469596662266852,1.4166400550720142,-1.2427911663711415
0.7379872313209643,-1.1649809361504504,-1.2267632753823445
0.7386086342445838,-1.2493091874181903,-1.112983787614181
0.7415427208580222,-0.1961051626986459,-1.1902537985737331
0.7351877638259923,-1.9393995659020673,-1.1196676478385394
0.7414413392406545,-0.42629861133397623,-1.1544006510947984
0.7422187078609976,-0.19226144086983296,-1.0949197637450516
0.7374310538084965,-1.472948422453291,-1.1348834593148087
0.7472347599724086,1.4005173472632337,-1.2078469929726552
0.741503427781547,-0.6146520354030542,-1.1932300860883458
0.7497662845137383,1.9356861031951675,-1.2040833284931993
0.7468075157511646,1.2589740589242229,-1.1707485685465777
0.745855030263532,1.0567494690553743,-1.2992466017462325
0.7484287016653003,1.5597347267706907,-1.264426463897046
0.7434498659135943,-0.04943948666851196,-1.1158005036373444
0.7445956210008506,0.37897028437754676,-1.129166895124405
0.7460731740917228,0.9325694143482115,-1.2824139058291726
0.7466103953955444,0.8574260850794613,-1.1965243486751043
0.7466391047683162,1.221171135563561,-1.1826046721842862
0.7466264469817742,1.167730134457675,-1.1997908679277165
0.7364719439603068,-1.489645806309094,-1.2207396922181302
0.7464705824441854,1.166270865747855,-1.1574567316582058
0.7392763208212855,-0.8243683378368516,-1.2245320871210041
0.7419369919584919,-0.026979227964332823,-1.1172909425600654
0.741738732518873,-0.6268118233370807,-1.147912750013994
0.7435529698959432,0.16000312081896,-1.2080083028453117
0.7456911027577567,0.7724318582044446,-1.1976145029062162
0.7455480150657918,0.8900707029001325,-1.2567696114896596
0.7390842278946451,-0.8412404743774016,-1.181425786819019
0.7375749501725195,-1.2915568072775372,-1.2317102962681659
0.7413319333848434,-0.49587288625781645,-1.148301867806157
0.7505239833088659,2.41669344503208,-1.2945384624714944
0.746472744968831,1.1300987979627677,-1.1781118029097688
0.7422216955205746,-0.07234056962861574,-1.2615849021705117
0.7379889355471838,-1.3389502723876976,-1.3088481586013934
0.7476856134822248,1.506407345998004,-1.2408199043774009
0.747669574000833,1.205337214789507,-1.1381339601384899
0.7475930223603758,1.2701790680473763,-1.2410219360306947
0.7438240920209875,0.4161978028804975,-1.130741466578077
0.7465185042769442,0.982843971704386,-1.0987579472350961
0.7381218519435869,-1.3803561928300876,-1.1000636954398422
0.7463226613861957,1.1673463400956097,-1.180906334512963
0.7414396993775877,-0.2492086326947337,-1.212842226543519
0.7356652606893077,-1.9010263433883288,-1.242140203315919
0.7502935452606496,2.2030164993754457,-1.2477270598101555
0.7389900929284936,-0.8791290139593967,-1.2241480296723288
0.7455836196343253,0.9122597543907115,-1.1947669573129638
0.7444805323699291,0.19518979994520974,-1.125144833543842
0.748742678240222,1.6836799443634958,-1.230447351532558
0.7386232121428268,-1.0674356420827031,-1.3359544580579255
0.742455458368252,-0.024377232392013587,-1.179908556994786
0.7370060922800997,-1.61450762105654,-1.2595684618636385
0.741774710688313,-0.46546008058943844,-1.2709195137778992
0.7429521721444318,-0.05774198314698315,-1.1945313879338648
0.7376244929286256,-1.5941328654157694,-1.1606879358648063
0.7465299231852809,1.0202831043815068,-1.260891577272986
0.7438421521843752,0.32173836426805485,-1.0881660783497515
0.743989555189908,0.3054025141081518,-1.3114138762761296
0.7451461305818419,0.800617894650364,-1.292496093962575
0.7475140507775265,1.0049942217239873,-1.2002273425843226
0.7417997176006509,-0.1459212348358111,-1.1800579696988782
0.7459891800859301,0.9162125105645292,-1.222517402875776
0.7420176925936905,-0.1265596274563987,-1.3169728173805333
0.7402678793475449,-0.6063614653102621,-1.12637310857764
0.7445968628574277,0.5686353070365711,-1.154509699272153
0.7365028827696806,-1.794995465446484,-1.0717221877388439
0.738987073173361,-1.0041064549646705,-1.1577471515301043
0.7394468241792488,-0.9716464318765025,-1.283090720026036
0.7412325750267463,-0.336036858568313,-1.1876584049762902
0.7448790189579211,0.7556952119637268,-1.1847391401857925
0.7386902875918127,-1.248964383145371,-1.2289903455895639
0.7489587036097539,1.899566315366888,-1.24048134796416
0.7433844384410173,0.3546594148684561,-1.1929180186946173
0.7473807394402344,1.3277252390360166,-1.1470133663240631
0.7498162391228332,1.9353231911414204,-1.2211135471672732
0.7382881738875721,-1.235608755649028,-1.2725292594162625
0.7404788807574529,-0.7210105620239714,-1.2141613850671318
0.744021885160278,0.2345770477042077,-1.1893403016098134
0.7358694250697386,-1.8504679419849666,-1.1251997934638411
0.73921618799664,-0.805374501021967,-1.2542916966106865
0.7435947067149726,0.27022354565989737,-1.2150196719909583
0.7412800659804925,-0.4604137841548892,-1.142095583195601
0.7468266760630208,1.3254085937813294,-1.2864297452369813
0.7408370127117273,-0.5157455067912928,-1.1924869696488667
0.7475673703981376,1.4162263072269257,-1.2688487348678978
0.7474856602038261,1.3465160177168356,-1.2288594691784906
0.7496030043328588,1.954860358595991,-1.145258349897697
0.7421878114864754,-0.02053194412993068,-1.3521091233770468
0.7365606688894564,-1.7963599037090114,-1.0754152158845736
0.7476550317111539,1.5763831202636553,-1.2591438892898625
0.7398185375438125,-0.9642881938475346,-1.157065295791046
0.7416930793935653,-0.30966776496441495,-1.2908957023248497
0.7476142113123692,1.359186882409635,-1.2378538444241498
0.7428435847307784,-0.43067539603794724,-1.1454946894304774
0.7435326459464108,0.20055576485828647,-1.13777823726208
0.7390620656410181,-1.0377571190910442,-1.273297401534499
0.7476302126843454,1.4703214961352298,-1.2588088892524711
0.7433900290023213,0.3793655290532777,-1.219150554749351
0.7440836159420555,0.3623616623869329,-1.1223474261266209
0.7389287224422568,-0.9762766796725064,-1.0909486819964367
0.7399190520692247,-0.7534483308208455,-1.1358829654620357
0.7364210965307656,-0.0014600594428227673,-3.935221772283736
0.7439511245209155,0.4126678771142639,-1.2731095750527979
0.7403630695652397,-0.6113961625928549,-1.1645969914413177
0.7383121538882931,-1.1321653214293859,-1.1627683264086324
0.736530303284805,-1.8149861258396802,-1.2721257817570637
0.7386703771498488,-1.017880522647248,-1.1716564296206071
0.7376016445960683,-1.3715927745070433,-1.0988914971764774
0.7447575475775543,0.6186100322823238,-1.1544272142218903
0.7403657455217391,-0.8591730087275867,-1.2701658808524596
0.7411281926398167,-0.3569205177265823,-1.1659078248521169
0.7434996498288269,0.27064297857900416,-1.2146398038589115
0.7421922771079379,-0.2851781353023329,-1.1321379224268562
0.7448193529817859,0.656439093973391,-1.2789660466097716
0.7456382403703355,0.750438428902235,-1.1587967818899132
0.74339144838888,0.2472049438331018,-1.2141921287944726
0.7494906407702959,1.9524526789305994,-1.2134079240501978
0.7403115723731186,-0.913353368754843,-1.1691617283579245
0.742189795275052,-0.18827988221124128,-1.1542725397462803
0.7412317838176662,-0.37896530609005696,-1.146951625663041
0.7472902909261367,1.4176083607002339,-1.2414120728717828
0.7448752793342066,0.6997882937045837,-1.1691863500349904
0.7407684265369466,-0.48768874487550384,-1.2443660301668678
0.7422297996735486,-0.06943778545990675,-1.1291603015573044
0.7442162090796995,0.1826018383053449,-1.1617955498527373
0.7459405550211142,1.0236843248843657,-1.1851555059554972
0.7365975904099435,-1.555316111651686,-1.2609766343651119
0.7391614032069512,-0.9772518852849882,-1.1572051635420948
0.7370708033224836,-1.4549508088971899,-1.2407535499530857
0.7432432425140685,0.20971941289894222,-1.238621385818476
0.7489297531817585,1.865130416486669,-1.2076161186493914
0.7423462268823791,-0.17476601533275327,-1.1753154118278635
0.7419998742631942,-0.23098887172112303,-1.1383926598756149
0.7456269044176397,0.8923563921823975,-1.1344620231566818
0.7434208296215898,0.31867095423128255,-1.24727699570139
0.7370291068974173,-1.4919106244408915,-1.1730780429975338
0.739181762774915,-1.0117267443558333,-1.2809068949060376
0.7383621806897538,-1.3319787108810195,-1.2770127976057017
0.7410109612759631,-0.4520267971729414,-1.1911888607866308
0.741391308152553,-0.13227480399346045,-1.1690054666524998
0.7407887894863677,-0.4018717746115714,-1.1717724058930352
0.7470230316438128,1.1485884250354754,-1.246303253680036
0.739210877705917,-1.2583790063904439,-1.185693497757231
0.745810140708784,0.5177188041638882,-1.1795644244711372
0.7411183816761341,-0.6311305063417603,-1.2179039219283674
0.7445549913981615,0.5573159422661287,-1.1981089740674864
0.7435871482813863,0.3905066369836391,-1.2370491874680842
0.7400889980409063,-0.8636853212171814,-1.1260710648658152
0.7406198588537936,-0.44089253417584684,-1.126565269504736
0.7408028147549921,-0.46291467985083135,-1.1363171767352487
0.7502245452279418,2.1854212538453415,-1.2424351088625682
0.7417850770334917,-0.25344728078113216,-1.230821823549208
0.7384257488619566,-1.079468819124297,-1.2568176123311119
0.7448423076550602,0.5755288452910499,-1.2090511920208407
0.7470720003104608,1.3812320553868322,-1.2316134027659713
0.7414184659936293,-0.2733102150888081,-1.2309203220423657
0.7455187329056092,0.5935616730046057,-1.166630049423553
0.7460809710758152,0.8456292408807993,-1.1610581871419834
0.746351796101004,0.6834175204027989,-1.2059293130912285
0.7390912885815445,-0.843266515385427,-1.1944310284697666
0.7412167465702572,-0.2718887099380469,-1.1985790883320062
0.744586849602106,0.6766929792989882,-1.2137665101117852
0.7457526231465053,0.879705054167388,-1.217473894667228
0.7467695510005655,1.0571499121973695,-1.2004526749069597
0.7429472346751558,0.053610978189255185,-1.2814623084496046
0.7455625146145822,0.9146518797211761,-1.2574524604562063
0.7412683707716368,-0.5376662598903744,-1.130465489684825
0.7367822964970228,-1.5480959532360283,-1.152411199786717
0.7382057723728587,-1.4519943056841236,-1.2062762525529103
0.7421727180028745,0.13819968978647973,-1.186130260205652
0.7381441537934175,-1.543246615573921,-1.2007065041549057
0.7506165546551978,2.401451419443214,-1.2587882798932775
0.7379709501142535,-1.3453822284179002,-1.2252639459001842
0.7470518035660664,1.3258561644973472,-1.2724948924504509
0.7419131942798802,-0.23623541333248094,-1.190557696355254
0.7414098425146196,-0.3244185155360972,-1.2478410903423847
0.7435778512526969,0.3762426948287784,-1.2611364395870255
0.7407559294607922,-0.8204541893307224,-1.1858278470548154
0.7406324275342171,-0.6258197190361551,-1.1772584715753818
0.7360654011547335,-1.9808417637126303,-1.2874089774833475
0.74213053819574,-0.21740835540955725,-1.092281887202986
0.7363484006394807,-1.9403397603902772,-1.1937675565099508
0.7358911511015239,-2.1136573458774057,-1.2394536594312149
0.7373905063043227,-1.412222067820169,-1.1753759588966999
0.7422312559541131,-0.33769800138146266,-1.2424451104186531
0.7465133905922877,1.1666790377497935,-1.1728815461233355
0.7445437101657986,0.5895508907115868,-1.204719797357626
0.7399064436335338,-0.8780704366338544,-1.1154326677091617
0.740501351113754,-0.6346123953083963,-1.1474484948505084
0.745740602304188,0.9329713951560228,-1.2568315107636223
0.7422966236742784,-0.12587004721670758,-1.173017767925763
0.742376222545797,-0.2327644902062803,-1.1733591708484519
0.7358663278100941,-1.95534043834855,-1.2319072209459703
0.7493647682988078,1.9911028315161394,-1.2250939386274615
0.745715153054646,0.43371795208262526,-1.1463451728522194
0.7426111017173916,0.015300866549535004,-1.1676749279553125
0.7416059533739996,-0.3198374057311196,-1.2066135582484427
0.7418324094223715,-0.30383732741511466,-1.1686456121152686
0.74615634410718,0.9345318171232829,-1.1931227712409365
0.7419256682728469,-0.12949967720326583,-1.222999395739009
0.7421022618885775,-0.25195267886703265,-1.130113787126122
0.7462967852738571,1.0601314421142736,-1.1648329011887835
0.738652302048624,-1.060186928763605,-1.2220043358696309
0.7407529078122398,-0.5830389225449456,-1.1892374057021782
0.7402158907808959,-0.8272445414931837,-1.186890122187887
0.742469990243179,-0.05192784844716098,-1.1737880819016828
0.7387171730427049,-1.228148325984704,-1.187092529954694
0.7449134112361172,0.5228611536687519,-1.1906507261051833
0.7448026675780369,0.57423236384671,-1.2808859224439313
0.7407224445514529,-0.7192234423517685,-1.20994337871579
0.7357116818227089,-1.8520342261604577,-1.1975611578315912
0.744984648710692,0.6647019204731057,-1.234046754857958
0.7390054681277297,-0.861486588256808,-1.2072859755816656
0.7438249803358131,0.39634351427486736,-1.1631357243534415
0.7485407952860903,1.6669696439354804,-1.2544860143031178
0.7456896562833216,0.8245016181983902,-1.213470214846965
0.7418327603676685,-0.151500300133803,-1.123353393018423
0.743047567975128,0.06705310432510964,-1.2312133188589132
0.7414784238987343,-0.2647642080183151,-1.159413818795753
0.74267646782629,0.07182846292913861,-1.1915499351881023
0.7423313498723016,-0.2102144943981235,-1.1595701572556785
0.7405778892422723,-0.8091069695180637,-1.203836900357993
0.7384517019024133,-1.236190690361554,-1.158850784194078
0.7410782636814265,-0.3382291076249791,-1.242645370770337
0.7379992401143767,-1.45510471572048,-1.2583836285229069
0.741811631226527,-0.3900500306879512,-1.1536966363461008
0.7390327814460809,-1.2590543394091098,-1.226811725880681
0.7452837808439533,0.4349574286859819,-1.1653331968221998
0.7475696933641837,1.2879422462065018,-1.1603658282410954
0.7415824631492026,-0.16397755805278588,-1.3027590225856787
0.7400432652923199,-0.8022944344038776,-1.1644499995973725
0.7435468447717261,0.34078370991570306,-1.2312157903698555
0.741245795666661,-0.4810067607834684,-1.1854678239601553
0.7453655219217217,0.8059354034489021,-1.318688000763286
0.7424123033579955,-0.2301223029195839,-1.2289009421985895
0.7501504432165944,2.1513723329142223,-1.1724099685553664
0.7495952431646353,2.078259380474088,-1.2134497931996433
0.7430363107410242,-0.0012731202480977,-1.2478154858068764
0.7437446344240962,0.2519228008965074,-1.308580471154938
0.7374079858973882,-1.6146229612004337,-1.168737642700649
0.7502449541748344,2.081014426814934,-1.181939695976112
0.7366610427055996,-1.7839724928586362,-1.1806788620194901
0.7447218783046186,0.6455314286082608,-1.1995309571546784
0.7422299731785807,-0.2752757000351172,-1.2144878431211394
0.7406345545088764,-0.6122370480409196,-1.1439952385882572
0.742711001876705,0.0465411996688527,-1.1758526509229956
0.740938195664377,-0.5350875223432766,-1.1907690600508731
0.7403925360140279,-0.4355012542446007,-1.1579879333916614
0.7477440787730008,1.4180534569232397,-1.23096900488665
0.7468401653041116,1.1482098557452,-1.226321455358406
0.7382908606595354,-1.2552710625864294,-1.1483820030318876
0.7406738842250273,-0.6437381197364108,-1.281120813907673
0.7419083506420321,-0.32133942247262914,-1.1805575051193042
0.7393421561380775,-0.9139116691674763,-1.293418733538974
0.7465447684245773,1.1296252800071447,-1.2339681492969221
0.7441845667246935,0.44974840169313596,-1.2338327023034734
0.7462365351111794,1.219563949947942,-1.2184118969972366
0.7440099547306472,0.6170657414179331,-1.2030120970745992
0.7418072725425805,-0.33357807422113184,-1.1528682462776354
0.7375599143532884,-1.5678442939388053,-1.1854597679270855
0.7484395608210137,1.5028186432815085,-1.2116912752395412
0.744813051959007,0.5946039923989832,-1.183037179485714
0.7413809460889975,-0.2043581077555014,-1.121706691009241
0.7430001414165198,0.08727814901805425,-1.2748654623339573
0.7475287411626611,1.4179065140394254,-1.2441991125337022
0.7460371780559086,1.0245459012025389,-1.1988757779984165
0.7493170263779869,1.7931200633076372,-1.1899631022166002
0.7376966161439324,-1.4478037741056604,-1.1187121408907799
0.7505740003729882,2.349848901516176,-1.1816764914767939
0.7416576113834717,-0.2278030134788528,-1.2354824515463747
0.7395083290220257,-0.803580983750536,-1.139399797305092
0.7450336631180569,0.788050566696966,-1.2228204777930674
0.7426524763261276,0.050409087093889436,-1.2007662635076335
0.7405419366302335,-0.43733719533728327,-1.2519273003229325
0.7479818947266152,1.594614435846229,-1.2650755466000925
0.739516409602941,-0.8740020363443413,-1.1799210002549056
0.7396901377037738,-1.0009417984779299,-1.0759628679557647
0.7366086347338608,-1.5782852538048493,-1.1839865438307424
0.7383740680914898,-1.0978437000281056,-1.1542434953644198
0.7389414997168221,-0.9907496889661933,-1.135783449329503
0.7488871983548802,1.9008463442736876,-1.2027124600947112
0.7487181725817242,1.7383171770779506,-1.2391741397396405
0.7474691778751347,1.4885055062303814,-1.2527425858687147
0.738818513095873,-1.1077586805382962,-1.170481842277634
0.7479078707987034,1.6495325770291591,-1.253897979832541
0.746716111077429,1.30808078882085,-1.2893573218439691
0.7445993269543598,0.5207397984895913,-1.210078168722828
0.7429109305401671,0.01820266255252456,-1.1728983063525231
0.73884329962401,-1.315859992182934,-1.1486810338802433
0.7432760737361125,0.14966498590231145,-1.2315416021221934
0.7507154232077301,2.292676876916537,-1.2076982884048875
0.7434985181704282,0.2301102534701159,-1.2138929977188202
0.7387161397396976,-1.1510427766165086,-1.2473138376618695
0.7447136018703154,0.7290741523032369,-1.2431977094125781
0.7477565742230635,1.5432543441302173,-1.2022050674476756
0.7414913410793141,-0.2019560374760873,-1.2228526671555344
0.7465174481549477,0.918970700666988,-1.1150437594811458
0.7435928380480414,0.30322614396152064,-1.2002499424731217
0.7481284532694062,1.579407399756686,-1.1686810947989803
0.7448439190159762,0.36008838730509174,-1.2700556207925502
0.7493858231776125,1.7031319795372566,-1.2375007461041894
0.7381257961035207,-1.3402255013209785,-1.120539269387733
0.7369730018860684,-1.7379406549168441,-1.181816079194227
0.7357564674287338,-2.0012730118214987,-1.1328837052228236
0.7446595783322877,0.5587861229516007,-1.2101960631008146
0.74322840773676,0.15816787637118443,-1.213589058275648
0.7426256651003832,-0.033006360202836,-1.2512202946799196
0.7505611270627636,2.2401656242414707,-1.17854600658116
0.7394942177185487,-1.0242837468033685,-1.1837760656276224
0.7469947908438224,1.3629389339135407,-1.2189908250365782
0.7467873504247666,1.2037075578198446,-1.1964833429949977
0.743654440716963,0.376010608686192,-1.204249674993925
0.7401797106643142,-0.9926814767201219,-1.2648964341627527
0.7394091810315511,-1.0096992072835567,-1.2520106359937409
0.7397621230336372,-0.6898639605776524,-1.1550177009831144
0.735831017930192,-1.9951790321934408,-1.255928404587773
0.7461749258078694,1.0941543535595777,-1.2578869594976805
0.7484944707024394,1.6319731494597678,-1.232686323563014
0.743940206331285,0.28234828205797796,-1.2735861580786094
0.7409373359374235,-0.3438421909795418,-1.2757796841947022
0.7459198388762946,1.0071057379912616,-1.1828116585067237
0.7389519149829644,-1.1591664170999025,-1.1360273707696844
0.7433772439388824,0.16557135446064195,-1.127387327443101
0.7405811255540254,-0.534000908600047,-1.1889295273659424
0.7463280299954107,1.0220899320884131,-1.2224185684343056
0.7453482427810644,0.7920907644789711,-1.1430268635642675
0.7394935049093472,-0.9427033453473597,-1.235582565751117
0.7465866147213975,1.2205093628084331,-1.2611366865756768
0.7417048855636214,-0.23364488542710907,-1.2796428125816965
0.7442975257382765,0.513768485700547,-1.167386905273289
0.7478126069389437,1.4877539350943145,-1.2519446536714638
0.7420510779275102,-0.12898174302093235,-1.180628308321796
0.7422692100046766,-0.05610326401503555,-1.1603941876987656
0.7373785120523353,-1.3792214997273302,-1.1866807464566878
0.7495865456768499,2.0595859587361938,-1.272610629951347
0.7428537193442418,0.18881442812107155,-1.1259591536718874
0.7429807355282204,-0.08721835404458238,-1.1672015720985138
0.7455154206564365,0.8790587326901039,-1.2629895130340023
0.7440389722195401,0.532534680059263,-1.1776689979855393
0.7382515768980317,-1.00593409275259,-1.263381469816223
0.7417096333377702,-0.16753355683640495,-1.1838083487619144
0.7405401099183068,-0.6932457419305383,-1.0846744147144152
0.7393987875001145,-0.742529802576876,-1.1568569931702044
0.7357065119639954,-1.9979426794518098,-1.1999826792459147
0.7398637132184455,-0.5640022764418473,-1.1999558777715382
0.7420590123937743,-0.30198812131072333,-1.1933712120201776
0.7366386460305173,-1.7219099127312771,-1.238528842026195
0.7460361289801116,0.9702099836437386,-1.242653351806254
0.7500353961274779,1.9906324802922108,-1.1794671359008104
0.7405741492201047,-0.6087768760034591,-1.216042475659207
0.7471569653427849,1.380495204320249,-1.2585615001821688
0.7415358827145861,-0.22998482176540888,-1.165752924480671
0.7456548337611528,0.4519717720944301,-1.1878257281707283
0.7384435233468098,-1.2971915787478618,-1.0957260200163974
0.7447260597572708,0.729651613211234,-1.2209874255164024
0.7390834117211817,-1.2452089255687218,-1.2424357580428436
0.7413345541077644,-0.3916755677245242,-1.1556513344759571
0.736448733809489,-1.5773802953612146,-1.2113598594497292
0.7415147457684005,-0.3280414324861351,-1.2055721390850886
0.7451133158976037,0.6271471758371449,-1.1983227345864464
0.7423847854143333,-0.03405180821316768,-1.1941118555325783
0.7395714365125435,-0.9520495491374712,-1.275164090731065
0.738716117383886,-1.0017827957451966,-1.2218687445892866
0.7488513047844493,1.7041915036717143,-1.1651936494706079
0.748548886451903,1.7750682659573709,-1.168951140839626
0.7429155777857538,-0.033084858366857504,-1.2033740563702786
0.7458359899472476,1.0951256552487592,-1.190482635048771
0.7419655949608577,-0.14021581954819115,-1.1392468697621845
0.744184368812082,0.48714999551838106,-1.1945920653922844
0.7399485620243127,-0.770909211986268,-1.299000694236684
0.7414589493540661,-0.25051686760131137,-1.240784376342325
0.7407066875866567,-0.4885419267994323,-1.1863201431790225
0.7410332841238817,-0.35589881817661345,-1.1734959331282728
0.7362085372649545,-1.6556384903825183,-1.172568506158854
0.7423127146364878,0.08574115767120263,-1.198191723921316
0.7481273929606601,1.5739110214601275,-1.203141936154792
0.747072447730544,1.256494810384176,-1.2587176275990961
0.7409192029329319,-0.39331376069811996,-1.1407264434542064
0.7501257986036538,2.167616407414187,-1.2682359460155093
0.7423586656065867,-0.05428776879668182,-1.2505492223868715
0.7409411217346275,-0.5832861340170831,-1.2331596447384925
0.7403351744757442,-0.7512695638328558,-1.2505068450702288
0.7477695739019803,1.2564408920317056,-1.2213640844367228
0.7403899130638072,-0.5526944874466341,-1.191044874912449
0.7386328294201446,-1.0412891041194796,-1.1984774148028716
0.7422252273009274,-0.27173507182057116,-1.2013106358365053
0.7380148025633594,-1.2034045793395525,-1.2309338367547573
0.7474833465614478,1.4344915439309571,-1.1571895844029436
0.7422617239900862,-0.06888052794983607,-1.2120420119874586
0.7367604971751787,-1.654391563705707,-1.0954954652970612
0.7395557836693232,-0.8400870245612658,-1.18255917461909
0.7363574027993388,-1.835006696509516,-1.2492244710145963
0.7395763150966257,-1.2436067227737067,-1.1382789327936065
0.7401094785909434,-0.7994876670668691,-1.1411152697499025
0.7473041031116463,1.276408252931779,-1.1557115690400543
0.7432442183311997,0.2004046734375264,-1.1959211759329715
0.7411402052521866,-0.26518974320100697,-1.218247152213334
0.7416248347499527,-0.266659346244771,-1.1650787160283367
0.7403740262367036,-0.6435260659222195,-1.2244924535788198
0.7399965218212315,-0.8806481298766147,-1.1704147390916924
0.7412978628374146,-0.2500073515992158,-1.2776752576740067
0.740153495368543,-0.8026514232637996,-1.1805472343636885
0.741518555790872,-0.3391335328819763,-1.194871783628065
0.7487426640425843,1.6307933511730903,-1.183991056304504
0.7488027672617941,1.8278403688214102,-1.2063539315155354
0.7357884537512478,-2.1065776718670186,-1.2049497885031228
0.7484293107973,1.7397577469628587,-1.2118533197032868
0.744693645574245,0.19114840600958607,-1.196434893472234
0.7399494981337736,-0.6165993562572907,-1.2133297874596214
0.7483506182136298,1.7211902035481814,-1.2576002363946939
0.7422536507612734,-0.05564379026319601,-1.1612758275014892
0.7458183074463737,0.9674735915995373,-1.2172303240355764
0.7393503601544308,-0.9839508088189076,-1.1914384768753457
0.7375796878183426,-1.4371841387602768,-1.0791331822868908
0.7422932051473643,-0.2607071602492991,-1.1739685673670177
0.7383298271374024,-1.0820488852393342,-1.2077918116006896
0.7419012341821595,-0.3724821358939303,-1.1576600437778797
0.7417339223801016,-0.16054251179432938,-1.2128970789426046
0.7412355179200738,-0.359982712464105,-1.2030122896514115
0.7380839718683869,-1.2023789618507197,-1.1778298426294
0.7386560061500912,-1.2420723177561086,-1.0858656925684593
0.7509502862655966,2.2572414581032545,-1.206719003233875
0.7426691312468896,0.17014999610319784,-1.2662048986822108
0.7387099195405198,-1.0087522091947538,-1.1479523198451609
0.7370950370484431,-1.3120442123662561,-1.2115566036230645
0.744011759012822,0.30725837620140894,-1.1602151223381885
0.7495464403858625,2.04342205184875,-1.2181020037053494
0.7392662878406354,-0.8266805433161308,-1.2250018506338347
0.7382431007069447,-1.2609498393361185,-1.061310756152697
0.7369671217397726,-1.757733713861579,-1.1594845213322262
0.7416012390393172,-0.23768018056171245,-1.1804577106221839
0.740057592533155,-1.0322838239488938,-1.1099434868712161
0.737292584804526,-1.45994674681795,-1.1334580452567697
0.743095341751216,0.21482086294700445,-1.1364224392723836
0.7434103414363394,0.1433847441261213,-1.2412786698875518
0.744456651481738,0.5745179277532128,-1.2018758236784495
0.7394865919294481,-1.1310986615039123,-1.1015711603000204
0.7455647979754901,0.9167763914543752,-1.1914196488815019
0.7492173320193295,1.8465008564447392,-1.1666123001907132
0.7424930897154189,-0.10256539241916565,-1.23367923949734
0.7418600905283085,-0.09566466663003761,-1.303067679626264
0.7481255021208728,1.5937065239912636,-1.2538582776941154
0.7394396407783478,-1.1302877977879286,-1.2186417837808519
0.7377917216993901,-1.359724190881719,-1.1430749176089445
0.7459487147600841,0.9506699107164609,-1.171926976747951
0.7415178807785696,-0.2642483236182195,-1.2030587080068793
0.7430785170150233,0.05566414888964039,-1.2407643636554528
0.7426690614430974,-0.14145932106068582,-1.158474035226414
0.7368640358528971,-1.6702476225879812,-1.2391719365603246
0.7435378435550712,0.2735243033215563,-1.1970637057837639
0.7370691836486442,-1.7319823098244016,-1.2333726681345591
0.739369939605011,-0.7862660916445163,-1.2182870905313747
0.7427509468068925,-0.05255572913090365,-1.1756258045492647
0.7388758054102944,-0.932815214151356,-1.1587084925522628
0.7384910696721253,-1.1721820141939923,-1.1802157653056489
0.7384092372086098,-1.2061705133560636,-1.2653544938944705
0.7399226322317467,-0.9639529873319035,-1.2328221363102054
0.7477130407277741,1.1486924248806858,-1.1997437672471871
0.7434107293849523,0.33444020629425447,-1.190130709840574
0.7415113569194955,-0.2643316764343837,-1.1237019838354452
0.7416566345275072,-0.35836929922900146,-1.237923633476734
0.7403205946610998,-0.6867723785807545,-1.23830363229584
0.7467494170224791,1.2318226921948463,-1.1942766302245353
0.7429275082116825,0.17786356059405703,-1.168164245839361
0.7400389589063651,-1.0203995944696287,-1.1555428170752389
0.7383973826579929,-1.2557265972844482,-1.1875616461623528
0.7400070594194741,-0.6458876958394401,-1.2294746196734345
0.7434221315320925,0.41251274343807787,-1.206090462279123
0.7357571166987535,-1.7883751014288607,-1.2055291227234193
0.7452625808083614,0.8907031758547915,-1.1661406385700575
0.735262257718146,-2.0434458737644325,-1.2657095291969132
0.7507546452177646,2.186924389534186,-1.2052926381378577
0.7404395990883211,-0.6866460099852362,-1.1301865421017374
0.7447997911439549,0.5590911084604344,-1.1753095817738917
0.7390489957324649,-0.9896370802780328,-1.159281218365937
0.7430156708925815,0.05389378758619425,-1.224434602068661
0.7448559518146575,0.3252417302679388,-1.1663238494360826
0.7408270395383425,-0.40909120451207404,-1.2337442039637014
0.7451852219564522,0.7900545351877952,-1.2312962580652465
0.7415595701651836,-0.22058697365837499,-1.1750083587343032
0.7459205009841513,1.0059173727377941,-1.2121954194028974
0.7393777217542118,-0.9581693766838199,-1.1496019712578838
0.7420921852984504,-0.03161417937285345,-1.1699243565092896
0.7471395832541741,1.183059154590029,-1.2313177469259733
0.7381385560213649,-1.256687564077932,-1.1399683266222622
0.751308126781543,2.419493631968545,-1.214676456532708
0.7464443590967357,1.1081521855185723,-1.146559151993527
0.7479654439500122,1.5790447339314968,-1.150577432978749
0.7418193257405338,-0.5203224124875776,-1.2325272944640049
0.7404596375565071,-0.5082184113421552,-1.1223743758426754
0.7387576884052048,-0.935246825175316,-1.1935877657206715
0.7384643442394019,-1.2689507340138881,-1.1042776545479744
0.745278509867567,0.8433390489899191,-1.255769530096789
0.7483957311806098,1.7371550363529893,-1.2633539328904777
0.7484693224124787,1.740167241831986,-1.2063398423690386
0.740626294193526,-0.6936630031496273,-1.2158848548909833
0.7460618326933071,1.1283833117045075,-1.2037110388802525
0.744785382209172,0.5224804368466764,-1.1933566255880157
0.74555537435123,0.34136889391280145,-1.18434024707368
0.7420278142393267,-0.14345809674850482,-1.2658361586621447
0.7396152221636562,-1.0232626373499205,-1.177508179624638
0.7431159887625376,-0.09047954132713806,-1.1323432120410388
0.7432871405479952,0.1804533677741916,-1.1968655718871013
0.7443059180752459,0.0545770910484857,-1.1051470367776781
0.7485467228665106,1.704993883947788,-1.1619351971478766
0.7411002889311976,-0.44567356621960846,-1.2340066645776833
0.740257475720352,-0.717385005477265,-1.1073883911037667
0.7407872255680817,-0.41237210192738305,-1.2424703399818076
0.7434317023239801,0.07418645146726514,-1.1329545879930178
0.7418779473540272,-0.28182421597126306,-1.1675768639268032
0.7425962077724385,0.1460866820547997,-1.179160728678484
0.7419249032041859,-0.5064600067982421,-1.1417689240105617
0.7399843210368074,-0.7497307553403251,-1.2764557412368456
0.7411803675357567,-0.7126317815089344,-1.104034652945339
0.7422158186547224,-0.19361514457539455,-1.1210874321355153
0.7379055535167514,-1.3533528381538964,-1.0810988076182104
0.7440340925042748,0.4323494749090387,-1.228573710045692
0.7436002570955742,0.11026638538255093,-1.1768722882899854
0.7406729831743941,-0.6403781932049829,-1.17518513549117
0.7380527837101007,-1.2963365162974816,-1.2268753358966795
0.7454174753037349,0.91534022070034,-1.2315140804618987
0.7375286947624828,-1.222623987100073,-1.158514188069623
0.7408367616250947,-0.5404019126049456,-1.2201025754651051
0.7404743388608093,-0.48355855803080156,-1.2503608732031373
0.74155229528696,-0.23014537705021623,-1.1944695852931788
0.7401428464690543,-0.8516269461277609,-1.2364531867167852
0.7363514049689092,-1.6129543020608932,-1.2078627680616407
0.7483608396770658,1.8455465743736938,-1.2641172501499518
0.7414793366176083,-0.2384117266860184,-1.2373905522879696
0.7379001874442046,-1.2548212741888205,-1.1712626968908901
0.7417699032441744,-0.3409794762044878,-1.0938736136188967
0.745550245240152,0.774232326350715,-1.2280460471761947
0.7367335503926804,-2.0466582372072524,-1.0981364048953046
0.7375463016109467,-1.4903981840554288,-1.227880412768921
0.7392276416633872,-1.033319076779916,-1.1828406776992957
0.748688983915281,1.7577017392578622,-1.2648572009881787
0.7421582446634305,-0.14610316466843462,-1.147807197086495
0.7436153112411718,0.4994449030959659,-1.1834202799917124
0.7371982684373333,-1.4479832596342226,-1.1898333683792817
0.745451594500878,0.8614964614861329,-1.2514279351941562
0.7439839300041163,0.5129523227634171,-1.1385355748917938
0.7431362203677668,0.018733323530033315,-1.243473761852275
0.7451614754676746,0.7180049042532033,-1.1868395697278165
0.7440222281916645,0.26814881468519336,-1.1468645742846981
0.7393184120261601,-0.9708256314306578,-1.2369138018437023
0.7425889531748388,-0.10829633060241965,-1.2173389238601424
0.7384821754442261,-1.1850415249881365,-1.3096987966126943
0.7424453534399029,-0.06937578418002564,-1.1875877686190552
0.7407325701502446,-0.4656777809795268,-1.1956404746965708
0.7438234107638375,0.19134758222484585,-1.1224204532416016
0.7384303037065649,-1.2358518340418794,-1.2129297742446905
0.7475827754195661,1.5191523847029085,-1.2073168447965341
0.7428430267365183,-0.21026210876442147,-1.1511502016572825
0.7411817140662608,-0.4659734031749011,-1.1112563764233347
0.7398412224190335,-0.7039644384094139,-1.1946417579467792
0.7457209081077595,0.9241697035267221,-1.1910240183300047
0.7425867682517299,0.03812653452873563,-1.1673876828387386
0.7417339544335587,-0.10618781347866067,-1.2295451838376383
0.7509184180276014,2.2761692641999933,-1.1850724912173873
0.7482050942761977,1.6665250083013474,-1.2985452375133117
0.7467817701803923,1.0564042836592324,-1.24896225311097
0.7360841536072136,-1.6734248080423153,-1.1377711397410772
0.7380950851751105,-1.3126217084268137,-1.102214808681056
0.7407583003980555,-0.539120440809633,-1.1635968907913756
0.7381134787048141,-1.3941462181390298,-1.159583002509499
0.7384465867222387,-1.1502224646806616,-1.1669345495857497
0.7406369286666551,-0.7479255911076377,-1.1395855146612848
0.741591910424338,-0.4123271168110772,-1.1079137533207004
0.738336825543886,-1.4227430532830545,-1.2215037491449476
0.7401703070902906,-0.5174960266333791,-1.160395110913501
0.7407265444084135,-0.46646787653599087,-1.2119978344772666
0.7411145398960747,-0.5582423059810412,-1.231545773032803
0.7473238513048598,1.3630718012178449,-1.2516778052905262
0.7353715684219319,-2.1375837384676624,-1.2544203743754365
0.739387929545582,-0.8859881033908182,-1.1469283272485398
0.7435796894377722,-0.12299913321440677,-1.1793274170963257
0.7453088249105572,0.8972593347573442,-1.158457898595839
0.7387590318494256,-1.1227605197090684,-1.1315297736640102
0.7365130842103926,-1.732078178875826,-1.2800688168897958
0.7407168041960689,-0.6265259263617179,-1.0632158335357316
0.7372179412015492,-1.5084572645393801,-1.2915628895925921
0.7367018673768666,-1.4918029625811984,-1.1433313253786421
0.7426932171374289,0.08949462478125417,-1.203132763627982
0.7450279242140176,0.8786404569931924,-1.2538963744085867
0.7425431431448305,-0.054493771395043106,-1.274919033575384
0.7471214780235135,1.297987301786573,-1.3048365473322334
0.7392793945996435,-1.0769856818223196,-1.030558647994977
0.7378178471729803,-1.3712002553532667,-1.0884858631422294
0.7398913815539906,-0.7561635391946256,-1.1889017864102505
0.7407950190268072,-0.5886979410393516,-1.2072162018326393
0.7379082631237279,-1.4626766989575686,-1.2132593193858392
0.7441972736650417,0.46313046496633586,-1.2026673741167253
0.7421497106877589,-0.2344640042717067,-1.294637203631829
0.7371207492598774,-1.7020360961575087,-1.287583083524963
0.746790752126895,0.986811888753549,-1.1477366612529152
0.7428896043191108,0.30412769043635435,-1.1806523124034516
0.7476976206928428,1.525657663851381,-1.1847118512927357
0.7443202113672668,0.5713060631898884,-1.1978459456821748
0.7368877108896148,-1.6688971824841219,-1.2216032298795225
0.7433170365062388,0.23118684725694302,-1.200443037243526
0.7492436200411908,1.8983753588991603,-1.202844590337258
0.7395943067600429,-0.8583239830629693,-1.1412883714264057
0.7387472538152411,-1.025285957572758,-1.307300954857632
0.7482353097662255,1.0925248899407083,-1.1524760983927769
0.7491462697220329,1.8987044895246845,-1.2754102453301508
0.7427864810959678,0.2699834611742319,-1.2356333299180915
0.7400838622144167,-0.9915121488241867,-1.2235635848856243
0.7407383798548145,-0.7557972130889843,-1.1097521031361257
0.7394507691935258,-0.935555986237145,-1.3097979712744783
0.7400069215948217,-0.537856445037609,-1.2770636232361763
0.744781117517982,0.6807944149668687,-1.163716106773663
0.7394948204647429,-0.8130693706465789,-1.1227232832025547
0.7415309995759399,-0.39265613450260073,-1.2017800730014039
0.7445283320014696,0.355306925079994,-1.2132188473426058
0.7403538798932484,-0.5726087145813559,-1.1606418990005494
0.7486363393305656,1.4344210457535513,-1.1549895274427557
0.7415454029682007,-0.5057695670040586,-1.2011109017843231
0.7407119184469935,-0.581725656955984,-1.3056055533412965
0.7454933185510204,0.7913491717058345,-1.2210629101265666
0.7407138619350747,-0.3802121658961148,-1.1565898221627744
0.7387103353234236,-0.96969257050523,-1.2234982681395925
0.7437370903819783,0.46543524496552835,-1.2801439733162985
0.7424879472333644,-0.4494830967401735,-1.124434231434131
0.7383339753772764,-1.1093329320292324,-1.2097447521373115
0.7356354546863975,-1.937817841515634,-1.2836779496785449
0.7448729889409763,0.608756876373322,-1.2671642850003546
0.7394358941422099,-0.6805348071237619,-1.2268466110544203
0.7401481171819906,-0.613924851852219,-1.1335340207531082
0.7373065379781805,-1.4938886144565224,-1.297983357324423
0.7372566610933529,-1.5451493346152672,-1.2677701128857484
0.7424896365105748,-0.043174900014285665,-1.1471612147096926
0.745792953517605,0.9284791937598986,-1.1778960840106654
0.7432993938053946,-0.07167396528468774,-1.2172633858722552
0.7497466572867559,2.204445712372845,-1.240176248350854
0.7425272289324035,0.03778511394850773,-1.203365586683073
0.7472016517445836,1.365671369024494,-1.1607679805116486
0.7469432548240527,1.148420082499608,-1.2429610894923002
0.7474276955500303,1.4709852027113937,-1.2455426287916311
0.7483831164316179,1.6524264215128723,-1.1652851137649878
0.7405931671606905,-0.45240192983110306,-1.1513780928432649
0.739038410448867,-0.8915636754111587,-1.2063939372126629
0.7367582259290475,-1.6543655934411037,-1.262508301066228
0.742990955322823,0.09109918548521294,-1.2359850994487034
0.7389011873919866,-1.255372698829336,-1.1821257725529706
0.739243993973528,-1.1507246245002973,-1.2478558343199748
0.7447543954680192,0.5575836463532122,-1.2271295411753593
0.7505423945864395,2.2059891935763387,-1.1877763155734669
0.7382265114366899,-1.1157813848260916,-1.1302958406698986
0.7422816352982816,-0.1603115086302024,-1.1856422113523837
0.7372566223708763,-1.5415193157713034,-1.2896335945354451
0.7407864806992671,-0.5365522729473441,-1.289205642842327
0.7369486145606746,-1.5620660567262894,-1.1051630589294288
0.7391862367853975,-1.272185743610457,-1.1119972229644095
0.7475831788332072,1.451880370983225,-1.2624292074939394
0.7438185018119889,0.27023469555521146,-1.229166470218445
0.7434634215439562,0.2650242299374244,-1.2556208338102308
0.7480282880874265,1.3281185021233346,-1.1909959309562739
0.7380351355400832,-1.2895617244357822,-1.300823187116485
0.7482290259375013,1.611738565884133,-1.2753220567249866
0.7448272641800601,0.5856133801409136,-1.2602179372228783
0.7423689393079902,-0.08966119840568458,-1.2654880002891697
0.7438747532531237,0.37724257787667487,-1.248548601240073
0.7413097249824363,-0.4374426953410217,-1.098439199647966
0.7394508675985109,-0.8928605889521108,-1.2211918721425654
0.7444405559474142,0.3786678379957831,-1.1935749139152136
0.7401611294432374,-0.7457508827196511,-1.1525792067431722
0.7417773040890514,-0.31851004074785055,-1.166057985023809
0.742467635901628,0.017180991817779396,-1.3048181051834977
0.7401086500641741,-0.6496239755930909,-1.3034233731187799
0.7432029567118692,0.2453028585723441,-1.31532482216267
0.7485374420579736,1.7915137067254652,-1.2880638022419646
0.7442064465418696,0.48623749947185285,-1.1395181981718456
0.7424321152106962,-0.10717731824231135,-1.2535529870617887
0.7422071940421789,-0.24781700333951426,-1.1387473362803016
0.7478371842431646,1.4707803601752851,-1.2223351414472046
0.740838738634215,-0.6452643842070462,-1.1220257719217488
0.7356690467643089,-1.8913531674349011,-1.1006957452810944
0.738561654374462,-1.0902557205618615,-1.1755229587923282
0.7380505248231426,-1.1984164245274096,-1.2064916075026961
0.744513560546495,0.6455514584666252,-1.247461421449053
0.7395517199578041,-0.6473194683544558,-1.2512092154927517
0.7382897167981862,-1.1273658776506132,-1.175491370873431
0.7495441072536908,2.1673733630411762,-1.2825564686864703
0.7496122327049449,2.0058797943124005,-1.2255315522473875
0.7506146975506353,2.2203821415429656,-1.2204284844886482
0.7425705303933193,0.087238127559561,-1.2584021154983505
0.7420198427711446,-0.12303005416067295,-1.1453835177510914
0.740029978636484,-1.182970519428133,-1.1600259071980636
0.7409616596909955,-0.5382507537808736,-1.1449459751708269
0.7449354503058243,0.7351822411720264,-1.2312057153014153
0.742136365628356,-0.2902926237920182,-1.2266611286253872
0.7446836664903664,0.7537307870885042,-1.2421807073496396
0.7388109633527512,-0.9577548056436092,-1.1115992015116516
0.7464216159979603,1.0948286057786223,-1.262441484195696
0.7426803943321212,0.030563826739565692,-1.2985229053351213
0.741779359147437,-0.32322902731688224,-1.121591868898612
0.7386708183259081,-1.433613994020514,-1.1973710755145004
0.7461753106668783,0.9596922211998037,-1.344433057576673
0.735011075833301,-2.079647077085378,-1.2002186352354849
0.7508309668692993,2.4029719696821275,-1.1740168633725017
0.7405364944093008,-0.4135448760495937,-1.243461584974484
0.7469014775406214,1.1252522200175015,-1.1809808153355015
0.7458027875230157,0.9510923698749089,-1.2618449716592197
0.7428604459087655,-0.1934664945929398,-1.2094916394231097
0.7402286202023828,-0.6847945512860049,-1.163449312472031
0.7454393088832734,0.7730106992479685,-1.1588930070131729
0.7382040153512813,-1.0603194647368752,-1.1664529741802925
0.7484049316039202,1.7225102067082647,-1.186987222206857
0.7416909379241493,-0.32467258998172815,-1.182527616875937
0.7368946635655952,-1.958611363655166,-1.2133501642863136
0.7356029541209717,-2.0288215628978326,-1.3419828226419561
0.75106485635523,2.329835599863637,-1.232275913330178
0.7408530351363851,-0.25772790429590486,-1.2054883751321965
0.7481471382733471,1.6329543717266202,-1.2148103807310704
0.7388849124554051,-1.2347738287723062,-1.2346378834197995
0.7422239368906245,-0.3725683872762112,-1.2012676488571075
0.7400914694876919,-0.8176403051896755,-1.225552976463387
0.7424079492171944,-0.0848321512570468,-1.150866292643884
0.7456134869350635,0.7834473916679339,-1.14109450352333
0.7446043647554629,0.4872093833099888,-1.1795923286603405
0.7445177969758571,0.4827401578643856,-1.2814619565244403
0.7503127173137553,2.241229536991338,-1.1665669020235734
0.7379224228268146,-1.136061765736352,-1.2321233195485788
0.7416026334939994,-0.2905470521134712,-1.227415837494237
0.7463196742853578,0.6276609034761937,-1.122555004966971
0.7448210091076963,0.3075873535687487,-1.184712009340095
0.7393768106544517,-0.945165925556754,-1.1833003041331815
0.7421402198648664,0.031078281683694885,-1.2447093441243005
0.7390795421929371,-1.1166286595264427,-1.0850501248226865
0.7481778646119751,1.6659149023123772,-1.2870026291352064
0.7387668802307225,-1.0164572085282126,-1.1567502291621403
0.7478487900341343,1.5594227869564625,-1.23513705832865
0.7432214432278159,0.00210052440498653,-1.1677941530905531
0.7465309465702703,1.1836445836193057,-1.2701967118222706
0.7437252691594145,0.020230663584773993,-1.2662777662293745
0.7445455356748479,0.629144622964793,-1.195706198385745
0.7441770559565432,0.5208714887496007,-1.2300647055969198
0.7356689784145067,-1.8965881931301058,-1.1906762687092727
0.7457475471445425,0.8957532142017819,-1.2564457641495232
0.7451721025367571,0.5184860834775834,-1.2345204265066967
0.7419758386186289,-0.16620442849182368,-1.1809084035411708
0.7391207218517877,-1.004953183073467,-1.1408340587836678
0.7402868641533616,-0.6427694214780528,-1.2133874510144729
0.7457943337447072,0.6128669739391864,-1.1626334293465423
0.7428307692507516,-0.10527638481353958,-1.1816315195568687
0.7401469094573635,-0.6167373219084614,-1.2101461430118174
0.7374827347850305,-1.5295891155194166,-1.2920938542321816
0.7403838499323435,-0.594236051231413,-1.3266893775253246
0.7454411640937008,0.7839169824581882,-1.1765509433516916
0.7386131453168986,-1.1873736347689328,-1.186369787867903
0.7508182765737822,2.312162318516782,-1.175668026428031
0.7385366273476461,-1.0055652365411807,-1.2042926982038609
0.7417742603887152,-0.2353781847104175,-1.196551211368109
0.7502234629000825,2.3194785431005314,-1.3292104561441305
0.7418644909612464,-0.18402661561813483,-1.2651633453525526
0.7420655422560545,-0.1610073603369892,-1.1841981827179344
0.7387821766625394,-1.4787997045121597,-1.1648948324292985
0.7381057944353695,-1.203189157905484,-1.2204697284335926
0.7379270560163258,-1.1891340183309003,-1.179298000305756
0.7396893232596163,-0.8321481124669172,-1.1188931750091333
0.7412835701978185,-0.26855603898367864,-1.2483440102326044
0.7441792704599058,0.41206950119300184,-1.1376090091529003
0.739870194116221,-0.6446396381363079,-1.2063861133744722
0.7498285513222023,2.098643565832166,-1.1818427682482746
0.7411911527212839,-0.6952226973364651,-1.1889506434789547
0.7385307319178609,-1.2694239966497607,-1.0885475551448933
0.7475144331068045,1.488709792788129,-1.2250694944909633
0.7415369909621405,-0.08839118500754024,-1.2534574436527333
0.7394233687047108,-1.1113223478839862,-1.201950799994809
0.7360025945418359,-1.8734141415636327,-1.2693781766525816
0.7472388235334111,1.5050594809499047,-1.2704429305822134
0.7432059988676332,0.04043348037692999,-1.168201036546577
0.743901405108505,0.43982530917621404,-1.1963510633681198
0.747191104572243,1.344993840031395,-1.150873230643633
0.7392440094148198,-1.038634350705023,-1.0999922558990178
0.7452156679698975,0.6992113680092068,-1.2182877681870803
0.7479387859042316,1.5960012226561933,-1.2572470928517252
0.7473533087004853,1.417454077938485,-1.185340702064656
0.7423652131529817,-0.04942274676973283,-1.138484049285729
0.7350820018168761,-2.1031172309132495,-1.2916094368155189
0.7447989529330444,0.7896797196299684,-1.2535481035269969
0.7475355565076119,1.5588020202663093,-1.2838287193599889
0.7447760398605429,0.5735145523774204,-1.1548554730689031
0.7385830107426217,-1.0104193121527847,-1.1999670197735013
0.7464942813348517,0.7002180799334532,-1.09242216059928
0.7421174859434881,-0.05514146000978437,-1.1913026513157443
0.7477593209453091,1.5223290758235424,-1.2789901720541885
0.7422776774563329,-0.46755133954160133,-1.1967313627672096
0.7413124856110568,-0.45006741284104557,-1.062578694230124
0.7462650597348364,0.9163740784862625,-1.1341138093846683
0.7383289223456848,-1.1345167115806518,-1.2229857226153253
0.7454804411442906,0.48551065799818094,-1.203299017727855
0.7387786302237638,-1.0707287907767509,-1.131715008979669
0.7453836452481635,0.8082934212579151,-1.1301845211043318
0.7482100173714166,1.6690032711591294,-1.1879656810691854
0.7410348027672476,-0.4810066542742433,-1.1858645951766127
0.7406212772516344,-0.4510325457517458,-1.2114068845699968
0.7483870055764866,1.667546788789394,-1.2524861656987087
0.7442629258599626,0.3777090050310278,-1.2323529917157878
0.738272900928207,-1.1088224944717893,-1.2043550116171227
0.7365729843951337,-1.737451230234216,-1.1456890358568725
0.7433073146217329,0.34301797670141254,-1.2150305156543126
0.7478961933743791,1.5249410861680472,-1.208413449870763
0.7381120568192214,-1.2803461383344088,-1.0647338062451843
0.7426502480831768,-0.057507115067530895,-1.186272373365167
0.7386519273696245,-1.1530913248962806,-1.119558799359357
0.7466825472746388,1.2001727372437547,-1.2692859445579745
0.7477603202591833,1.3758017836256409,-1.299402256290992
0.7399391393595764,-0.7894449812410766,-1.1359836590925358
0.7467821277952009,1.1672652691628171,-1.222113589857847
0.740096950743358,-0.7894809792750612,-1.088764959620217
0.7378626285697779,-1.2747158507812397,-1.1977501950357399
0.7419950639054477,-0.3537451013620723,-1.1701999166254908
0.7384944341908352,-1.041231134865666,-1.2224096735301095
0.7402783408897254,-0.6740152606514863,-1.1793175965963258
0.7468348426309284,1.1289863972930585,-1.1977005113602395
0.7423788881006352,0.030635802288605577,-1.2579522803651384
0.7354844275134643,-2.117240053560407,-1.243952964777378
0.7431393950089076,0.2692809921544419,-1.2452312991330328
0.740141738441467,-0.8294858393633745,-1.1797862840581395
0.7487852951458257,1.8806835155899526,-1.2866002908235021
0.7450588939758218,0.6643890137603318,-1.1685705100669093
0.7391471409812957,-1.0750558319229317,-1.24499845350143
0.7427104317395999,0.022221156963149483,-1.1834884026275196
0.7465729414232645,1.115115346500145,-1.1364491833978028
0.737229657283318,-1.3820159266335645,-1.2444884514422916
0.7440005303580259,0.3096343835723967,-1.1253199183320504
0.743170054533777,-0.03204311507250225,-1.0971785184321643
0.747142502246561,1.0435369619481065,-1.1481334297825585
0.7380453305151555,-1.0907527115084998,-1.1978493467551714
0.7380383284475999,-1.1587859388109332,-1.2189907132910358
0.7491397828913894,1.9181361585138048,-1.2005687379153858
0.740019843568272,-0.6756431907787883,-1.1709320187555263
0.7424727483309778,-0.28535569447424125,-1.1158621018003503
0.7471406300890441,1.3989116428657982,-1.1734777444319018
0.7423736169644186,-0.1224655499602422,-1.2291508238960194
0.7478379354338918,1.592852078758023,-1.1817438403545086
0.7421494756547217,-0.374957740055599,-1.1964306555462678
1.0626741416433803,0.12570948835907936,2.310238738647192
1.0660713474090404,0.8207632028610831,2.25647349801048
1.059658645668022,-0.8154703019565925,2.318885910986445
1.0614843132066407,-0.3109197963688724,2.2517153061671067
1.0618272062517655,-0.37690089615602573,2.315655796923007
1.0561511293514654,-1.4607399748041698,2.1839134878692836
1.0633175436951194,-0.0022338217487105822,2.2679336864313773
1.0672114272715283,1.4491893697490534,2.206147199779923
1.063136273265353,0.2281248023217836,2.3055099666534122
1.0613132153279412,-0.3284192526533484,2.2232163112351677
1.0685892095127518,1.517099111680616,2.2646600360451474
1.0603203201105273,-0.5453432397827712,2.125787308069183
1.0655587071543184,1.0380932522688655,2.280523422843414
1.0573681383137257,-1.211709538840611,2.2122216604384044
1.063351749694515,0.2753916046115343,2.324656984284186
1.0611893091775622,-0.41519855736900246,2.252657666955176
1.0630296607282974,0.26528185994983366,2.2341232218824025
1.0631793940110248,0.29810512489453517,2.3279082381259832
1.0674792730006823,1.5398676904687292,2.243750650191635
1.057650782233467,-1.434357146492756,2.259042986333745
1.0605089658434614,-0.53056285420858,2.3269642558868484
1.058987579760488,-0.9477052703787144,2.1701095944944915
1.0648260829520562,0.7825132375042151,2.2718441242799616
1.064482424449302,0.5144069194757657,2.2535490533279097
1.0589493107744787,-0.9914920361956052,2.2849133998101734
1.0572020002966818,-1.4963892127567937,2.1858733072976033
1.0641068545361507,0.6224280217876687,2.2268585873817135
1.0626742409231562,0.08843136888927121,2.2685968977213236
1.0596871257912046,-0.6021755139275676,2.2972186949088855
1.059881659744812,-0.5728964889564011,2.2500857814200406
1.0647834973513755,0.6256563507172396,2.2052041794274633
1.06276535117767,0.22398172240753236,2.230064233485866
1.060775178851559,-0.23783476396276146,2.251820607234496
1.0666035816662345,1.0194233655390024,2.257845937535766
1.066339984590107,1.2004896367910673,2.2676258048282123
1.0624620716142563,-0.0417989872552196,2.3273331464466254
1.0622762568630364,-0.019436356265482298,2.229465990119067
1.0637328130700305,0.4032965654179517,2.1993888545702274
1.0581234174703158,-1.2064852958623555,2.1724068026328514
1.0612632954871004,-0.3623489054726442,2.19640610980897
1.0596228556468459,-0.7234911356518507,2.1518662785873914
1.061511811117634,-0.14916780266798355,2.2237388020277735
1.0584166376225206,-1.1523381885518558,2.1863262830051475
1.0711412052695857,2.5227465175823225,2.2602795833403317
1.0689469160268505,1.844555333244301,2.273297289327834
1.070811559959536,2.3604456001787595,2.2476980697214612
1.062520847579294,0.19181820669028343,2.2321515373664456
1.0641654863377221,0.3407906259025356,2.318020409258618
1.0590257312266305,-1.1685709960918391,2.2036923909944535
1.0599009515993891,-0.8234205631782772,2.270357080721903
1.0615843278132953,-0.24190997498493935,2.1748741317674902
1.065191966586657,0.957313599694585,2.1733020467818087
1.0661458693005115,0.9980066394468863,2.227776187148444
1.0593945672102285,-0.8378672247982313,2.2945103104022078
1.0614783218466874,-0.11036672495067708,2.2571090979942436
1.0581115931889824,-1.2259396016989692,2.1871352312952608
1.0668871993638993,1.324376650411496,2.213272575719755
1.062976580788332,0.09904790997424097,2.2005956743823742
1.0615659649348115,-0.04126802037241721,2.1935850972201973
1.0558321685608723,-1.765299707035648,2.2748032799285736
1.0624744981918595,0.18885367109400314,2.2621195539802637
1.0640250894116277,0.4810357875336272,2.2621933660301825
1.0610155319012995,-0.4159441670451901,2.146208612626162
1.0618216521611528,-0.006178590919398277,2.2160461384563552
1.0668388188646858,1.3436874678949884,2.277642695105972
1.058401654564081,-0.9926407138648653,2.2436030813122754
1.0587296897220502,-0.9085194940058321,2.1096916079164556
1.0616531556569855,-0.47805639487129387,2.267244879445669
1.0566121478517259,-1.5606720671374996,2.169031469910552
1.0547713680507762,-1.9512423993057744,2.1859625312188538
1.0605681494093153,-0.5646604437218118,2.2071425596339616
1.0648942647942845,0.5919265009996765,2.3274588236700624
1.0624345998583284,-0.233642849085944,2.254508503519914
1.0594597308080795,-0.864590854082319,2.1965163301085373
1.0591459513151884,-0.985980457198527,2.292709590407817
1.0676414458893633,1.3664590775385226,2.155763039622325
1.0586196658891507,-1.0489923555805145,2.367885538700274
1.0598493225840275,-0.7722361348724927,2.2484760327845925
1.0603206295095633,-0.5761278789750308,2.33607132512173
1.065605352284099,1.0307287980695872,2.2392668290480295
1.066259988598279,1.3361900492486205,2.2256501040752874
1.0646532940041136,0.5539791045228714,2.1927077463108984
1.0627423671031397,0.1178821199245693,2.1902857874213253
1.0689711884197628,1.951268230769349,2.268331639559087
1.0563411225007824,-1.7121055431240317,2.2604857180998077
1.0675887795310977,1.1923174040094646,2.2415997093593774
1.0692201947987006,1.9500121948660554,2.189818990665341
1.0592821212338983,-0.9094885696321232,2.3385220069824957
1.0555952851707966,-1.8882617808199105,2.177159242656045
1.0636671830624485,0.39047735128417976,2.1968221771023044
1.057967456623077,-1.280241111751576,2.212551870871207
1.0606777426257232,-0.43712268308873675,2.215954498137395
1.0575275346156827,-1.2229860927150826,2.2064729003528845
1.0627802390827883,0.2627050057312302,2.277744393361379
1.0572538196166728,-1.2842854806827237,2.296651300940343
1.0609388398711763,-0.19966240181802974,2.219053333653602
1.0624252100539116,-0.0917414929827522,2.187385430821422
1.0642217598936823,0.6336169741926015,2.2708895340361983
1.0581768265063565,-0.9573636490788233,2.1787982801255796
1.0654486903016163,0.9294626344357699,2.199649106325545
1.0585391943309483,-0.9415163960315925,2.265499939660476
1.0643986244481993,0.6077135872898702,2.2837468731658483
1.0577885294401281,-1.3379000103411105,2.1642211390219743
1.058885975503348,-0.8914942234911086,2.3575729398740477
1.063496534755537,0.21209276466171292,2.2461062607812448
1.0685397789853532,1.7708032886101737,2.1977479870202736
1.0589648518671124,-0.8838438167174639,2.1021791287667755
1.0658998539307396,0.6973049718398722,2.253691644484169
1.059772767869845,-0.6335695714380251,2.2212170416826575
1.0589829347258224,-0.9340063725671185,2.167210802548184
1.0612530596083336,-0.15200741444728177,2.2447387317857945
1.0659108060320628,1.0891112988774565,2.2590393252845042
1.0649979264858864,0.5715400150545028,2.296970457111884
1.0632879493035126,0.29547238787695057,2.2286910306659813
1.060125775543261,-0.7344982655234951,2.334755738419778
1.061038009241664,-0.30855078732373376,2.287373846618664
1.0677460775955576,1.176609792552696,2.23642197657991
1.0569877889020802,-1.4181780224756626,2.211445977927946
1.06113592704274,-0.2932273056714033,2.2501637231950866
1.0568765253783299,-1.6363850343981818,2.1518547974266604
1.0637916842570108,0.6385664610348492,2.150471202157792
1.06647427439301,0.9259128896960812,2.253786045433175
1.0566062014332813,-1.5652725489737314,2.2595996548312045
1.0573522189027678,-1.2768271164553175,2.1905034052790238
1.0587054273864798,-0.9865541540016198,2.2839265273319924
1.070411054239874,2.3258777874214154,2.292375253209054
1.0619630244194236,-0.24164185243853376,2.2637732377810558
1.0610668375807317,-0.5066570190478775,2.3491042843522294
1.0649538768267075,0.6979285860559933,2.2527826465765646
1.0661406262764233,1.1798847136775217,2.191794261546676
1.070411283110907,2.41653292589481,2.2392353030260974
1.0624949958411618,0.14186232711488495,2.2610651832510724
1.0641400542685158,0.4465803184163995,2.2690828590099628
1.060772720859238,-0.486712314068008,2.3492090645673804
1.0602889659719883,-0.6383286912114302,2.142608757023862
1.0711008135860456,2.5418422822869307,2.290516186326579
1.0623543258967467,-0.056639711019334654,2.2124143662023408
1.060163874004229,-0.9199411412914056,2.296591507549804
1.0601435829636154,-0.5385734700304645,2.2148377074512937
1.0716790405327903,2.4813904240336737,2.214938635254995
1.0586430319890783,-0.8721661047464305,2.2101400227480856
1.0695616243363157,2.1102693519968256,2.2289090262032167
1.0676737327606405,1.6078551695299663,2.2537424342212606
1.0628372918257074,0.1406119218717718,2.195663610827652
1.0647752625218365,0.7682218581114524,2.213410670908253
1.0631558336499412,0.23003662065087307,2.21680279388895
1.061772825488566,0.033180068626398364,2.2186514374600126
1.0630318664380025,0.0684814214432589,2.2540567191868237
1.0698194818506062,2.2363262116539753,2.2177389244569055
1.0549869270126955,-2.1423707647537946,2.175479121680969
1.0602862699027265,-0.7239344421088068,2.2060455725193044
1.0600900031149372,-0.6693954645544035,2.279988822111745
1.06499090551678,0.8873848358199187,2.244554204668544
1.0664690508448573,1.269439050519547,2.1601185108445278
1.0591906328276033,-1.067399046955291,2.342873431715102
1.0573057683370197,-1.358462053213287,2.3713249883559078
1.0648114453858604,0.7810838776595725,2.3402137051376055
1.0708915761525268,2.397789130674548,2.258099782902838
1.0560588310132104,-1.920501290467916,2.327491540394412
1.0656988505315785,1.1062933488934465,2.17005850715831
1.0621746405564616,-0.20720402894176215,2.237037326559608
1.0617092231432184,-0.22064485190132624,2.2366238863351375
1.0668642005821056,1.3949364364505012,2.2334121306969728
1.063292639939141,0.37309753404481083,2.2156418411967578
1.0623216464662844,0.24216650334649986,2.2379593472149764
1.061504181347129,-0.13331111753711017,2.226918168224412
1.0699503667485895,2.220293498210722,2.258249166189297
1.0566352958502174,-1.5524880483933021,2.3510850118840865
1.060306393244056,-0.5932034482635138,2.2014850172516964
1.0697111683947071,2.1286734247088095,2.214737179874042
1.0617249475132011,-0.4717201275580973,2.3184539429678837
1.069631945859243,2.254347567637442,2.2478201868123606
1.0581267682810727,-1.2994120090364227,2.2308726685766618
1.0629005724812504,0.15544413493296122,2.244384543757668
1.0606033808210567,-0.2905501619169911,2.1938702417358535
1.04902479907563,-0.0011156062365634835,-2.457823985950366
1.0554277828400715,-1.8338805081665215,2.2515685226047735
1.0581383904190562,-1.0445114764839454,2.232879671379513
1.067581413978887,1.5708309566128997,2.2035022131495143
1.0616721149631505,-0.021538814987952657,2.2501842290393563
1.061802257590658,-0.25316143746390585,2.225501105445334
1.061598031872991,-0.09782570392444909,2.2693110299547055
1.0646613986074849,0.8568212327205764,2.1991560118341535
1.0664636498367501,1.3221185049179647,2.188386100305796
1.0667606296442977,1.2864772174954286,2.187063741206476
1.063632979324482,0.3188910690952602,2.1934200280779024
1.0585836711193841,-1.0333183221717315,2.262817862717672
1.0606281168689216,-0.25274029882649196,2.2193120432870805
1.0647788406852727,0.8037790836112827,2.2292493896375283
1.061606742379828,-0.27202901789347167,2.2485152505581696
1.0614440425487701,-0.23415233695561974,2.2456966685661985
1.0649062776923448,0.5896540572511342,2.2637371396120036
1.068421236154198,1.7545678494411976,2.2613164668263392
1.061585274038655,-0.057470138099162515,2.2222892929034623
1.0606642316072892,-0.7714266076219012,2.275293158655791
1.055956117105325,-1.6958819336125952,2.2721401260435474
1.0572955979787984,-1.4080616962341805,2.3740541336513727
1.0622177043179122,0.06777501462969196,2.2398110170244236
1.0583251929824529,-1.0637206947753142,2.1611197148166377
1.0597257404700304,-1.1281251669116434,2.2954606888923963
1.0602480053850132,-0.9354174798372707,2.2489897987479317
1.0636208429206344,0.3170783229168152,2.245255553862511
1.0707979819767723,2.4516059184506824,2.1817934553443448
1.0622006964476218,-0.0575323444951526,2.2352492995808104
1.0611571485429456,-0.34808147659161354,2.284138341321496
1.0557242907627697,-1.9674640126036724,2.2214935364680066
1.0600586506877823,-0.7615044598526195,2.2216969800819286
1.065439000718539,0.822885952087837,2.2511123625917135
1.0576750109145456,-1.4120965250964423,2.277212257706256
1.0684058972144723,1.8065499864896108,2.240263048031709
1.0584192511807307,-1.1478073972122729,2.2595197789985986
1.0582798343988014,-1.261278268089936,2.249744073295329
1.0666145365631303,0.9284273370979158,2.2511711396092897
1.066266014044519,1.0886944518607076,2.287302007448098
1.064440208051475,0.47577488628687953,2.2107930402028635
1.0636634471031159,0.5154172645523926,2.210698523180452
1.066396261852176,1.3055855930797726,2.2294342754280705
1.0609219319367293,-0.11551502476597347,2.2543530433482455
1.0585505981028476,-1.0900989431806245,2.164770406994129
1.061411530843935,-0.32434047652375536,2.2218511304299153
1.060753675648931,-0.5569185176237936,2.166505223163402
1.065034452874788,0.766817149864361,2.221874495991129
1.0583565388014635,-1.0799286185675194,2.1511915248158755
1.0686050738344717,1.7307786353920325,2.2934476759515157
1.0596734621653638,-0.6548054447485383,2.2554743965836295
1.0487916447283703,-0.008654800992911216,-2.512903009502209
1.062744199605438,0.13488761805945823,2.171045613565477
1.0599768926389577,-0.7187906357841163,2.3194565449240065
1.060587575506417,-0.43746465084318525,2.276011315139526
1.0641339270913626,0.533655085275686,2.325909468828114
1.0625028424072276,0.1742999754361249,2.107334685254998
1.0570798992560397,-1.3081966288183395,2.2748562475229486
1.0572371244677692,-1.253879810766326,2.199058808926401
1.069482107648718,1.8776138960804887,2.2487660203632274
1.0647578814348537,0.8236301217576791,2.2514481854857906
1.0648458374996352,0.4799124976555186,2.341067930498675
1.0647458062776094,0.4498814848921927,2.322564462763582
1.0655372261644105,1.0005938625090836,2.224621811817027
1.058770520032626,-0.9386943999289015,2.2755220516109187
1.0651283317358666,0.7098838440891642,2.2218726869479473
1.0585338202786951,-0.972880901820895,2.222791132722488
1.0667511752916936,1.3248291120491325,2.2598527037771636
1.0633461999206895,-0.02115293796445646,2.2439236393301787
1.0689539385949263,1.9508551686613684,2.220667719410878
1.0587402383249276,-0.9340061833256074,2.2344728681339556
1.0601786087463823,-0.35453913381290264,2.1765740757678573
1.0659115059087847,0.9787220777502953,2.202883090580006
1.0656649102977895,1.2309697678472347,2.2270568999557665
1.06250600057684,0.17552936252938037,2.1568297325048187
1.0599057439734831,-0.8683894043285764,2.3565127119718254
1.0635514078692245,0.33678634710587063,2.2451660276988448
1.061535027576489,-0.09695289035098492,2.2363293154188764
1.0590707430574078,-1.030576811881594,2.2623318479325296
1.0616569060121883,-0.061565909067239695,2.2624452330972202
1.0651532553213507,0.6259689883942516,2.205435526108947
1.0663114898093253,1.1641587728463225,2.2642620091557983
1.0599092659333507,-0.5304073502521438,2.247388882866977
1.069515661062464,2.0930178721025516,2.2104069419315757
1.0583358518387067,-1.0987825670248486,2.26159683004785
1.0714279388487895,2.5776740751209606,2.302160748522529
1.0623798102420927,-0.23877527474313173,2.220598191162911
1.063998335893546,0.44321588446152665,2.1822836531500625
1.0669315356616507,1.1815578008794505,2.2650947996664583
1.0685736266113646,1.7764334709567766,2.1481107902877956
1.067649131665727,1.6825939617104293,2.2172941596300455
1.0570627852155638,-1.3335943793958407,2.2145243868116657
1.0571345685914852,-1.3528480712036945,2.3168652997666297
1.0635732781218197,0.2856278364347429,2.156040536815849
1.063055690525368,0.030334673225300663,2.3045875850087336
1.0597253907857027,-0.6201053151985448,2.265940226202179
1.0607477767173157,-0.3792753950690931,2.198954008183102
1.0670173235492948,1.2162563501682198,2.274040837736334
1.0688861259809495,1.9323631935902261,2.263333795802627
1.0636318046215973,0.302709365664626,2.3049870361794036
1.0608565714844815,-0.28080444412126976,2.286593288224331
1.0600686949220923,-0.49431509086748837,2.2333349100331406
1.069320684074812,2.1466874017706674,2.213057455255706
1.0682199540044546,1.7897519415489098,2.252635323933032
1.0665031748015623,1.2514356793401102,2.231312439651181
1.0620939081203822,-0.16606286387139488,2.3419860540528386
1.0684673180642084,1.8963294078856683,2.2325811924413874
1.0553075701537333,-2.1158131919466605,2.2279384727411036
1.056547825780505,-1.7386794993106702,2.2536874815071966
1.0575088509583925,-1.4994647321728836,2.1692837253744686
1.0613133685040077,-0.3795711169583124,2.1954136079634545
1.063260779517106,0.12338742155754212,2.2526505307219944
1.0665010928154246,1.0353643977362426,2.2421720978993878
1.064699849510122,0.6770415306100471,2.2415577752691505
1.0663067935963966,1.213969061531918,2.2369712215784405
1.0660635264512481,0.8951318742552089,2.272411505521056
1.0605923499690315,-0.3838293780311546,2.1689034013045307
1.0603753859639764,-0.59321504972145,2.245357850137601
1.0629489528400582,0.21564257801667322,2.31816714515463
1.0611479898544682,-0.468520354633383,2.231217778904966
1.068508307433453,1.789174469688731,2.2584320049973274
1.060523678545875,-0.4132891961676051,2.257092140834392
1.0622589615963194,0.15232930274803955,2.2575929687583693
1.0581961812500245,-1.3826254003061402,2.2649992011540987
1.063656575322135,0.2482618675148745,2.205398020114561
1.06955053575059,2.092560258080929,2.1583153420639283
1.0655430884601393,1.144980763531429,2.2262722721612973
1.0694527368038227,1.86138223833022,2.2816481694679074
1.0585633404061154,-1.0993162671998555,2.3000355762891105
1.0683368595963727,1.8368632988741458,2.239734795839387
1.0604835949322378,-0.36082186148842815,2.247993758836508
1.0554592916908732,-1.8889637956117038,2.1573350541595846
1.0616002423879751,-0.2386766252488396,2.1748376624706425
1.0598632466858826,-0.6397353968449847,2.1974158551407825
1.0595047512095155,-0.7187977858964485,2.196066072784406
1.0646687588915842,0.5456906123687237,2.2017336038071824
1.0611645277216413,-0.3508336732013035,2.177762484601601
1.066964361671089,1.1261964867679046,2.2551227106745557
1.0595399126569673,-0.7278053814981714,2.2913739059008296
1.0668045386319902,1.396789530362639,2.2543741064980676
1.067174801965185,1.3076865989259459,2.2710710919611157
1.060316851008423,-0.5850990568233222,2.33590163613547
1.0630289391416545,0.25496894312505974,2.1652352512741113
1.0672025113802575,1.519807178730065,2.2174107277904564
1.0625583572542971,-0.09121972444335091,2.2310330138378207
1.065370095746056,0.513160269193569,2.3087234877652785
1.0645631818635557,0.5101980603130725,2.190924106981322
1.065613814045773,0.9658691720452164,2.2142712718499107
1.0585587963049543,-0.9016538203999385,2.2526459390592932
1.0577064295720373,-1.318404442505417,2.1489316024971727
1.0585424872829927,-1.335530051698227,2.358079586512365
1.0611725892175028,-0.43650304283197017,2.297299182351953
1.0635804797466357,0.3282969100688589,2.3232998267999303
1.0611473993384024,-0.34874161869043724,2.3817306187124467
1.0674021769964308,1.5039269987305426,2.2608684765828815
1.0645023246137684,0.2791971554838107,2.1605196980826658
1.0663514762723807,1.1099135335137786,2.2482431117180814
1.0635806002680341,-0.1000665471697184,2.2666916529881163
1.0592602880921491,-0.7330053810745072,2.2876244263898915
1.0624103121663049,0.22256886228302436,2.2977988919515155
1.0606706291098058,-0.3588073046049478,2.2857368371431344
1.061041419592975,-0.304048798808179,2.247803576329626
1.060565767970035,-0.5275659006139717,2.221742388460987
1.0642530576351399,0.5531565027827389,2.241581384240608
1.0617414721514296,-0.25508591090086236,2.1964826939741657
1.0595196620194525,-0.7772233710198759,2.2989798950419584
1.0650698865136647,0.728010093653039,2.2675038880723526
1.061979733214408,-0.054668552545558184,2.3096572754296587
1.0610725724651282,-0.26084897338421237,2.2898713411628235
1.0546011121021435,-2.106924453416899,2.135283523618464
1.0696962265288423,2.184515227969332,2.2430156912091967
1.0665061635109854,1.4045981144311528,2.14858371572823
1.0595890038677678,-0.8824124847636751,2.339606807526107
1.063260832933565,0.02857066875148222,2.2514341145962464
1.062368620316363,0.12275323683974097,2.2419456261692963
1.0623137031379308,-0.21948558139768734,2.2690084336821723
1.060284699111725,-0.5408482751010487,2.1586828669910654
1.064695419780261,0.7601050693407215,2.2750272389193493
1.0645643325385674,0.6969805195172849,2.2472640944691045
1.0626210468483146,0.05354708863772538,2.294403283379496
1.0592952532370823,-1.0042159521462135,2.246964250319876
1.059069526325325,-0.8707082397033605,2.0947946244570845
1.058281259469012,-1.383402046881317,2.290913882563016
1.0569957410440995,-1.546712910572646,2.3534943039551575
1.0623631461217466,-0.11422709299255665,2.320836389800156
1.0592070442904427,-0.8899378548401167,2.2705965422927674
1.0586191517463117,-1.165598385253238,2.2317028205381066
1.061520292897732,-0.15314598301765334,2.267992307762269
1.0632365766044307,0.028359110686215053,2.2198275575948507
1.0596577985320936,-0.8615604274797137,2.254386409667739
1.0604007822678367,-0.6004890348715232,2.2009171830862626
1.069521619975596,2.0935361848714695,2.238664518634811
1.0659863877716913,1.0187686968843666,2.287506178793488
1.0622344324999105,-0.02022997177416262,2.280532216019183
1.0603893393189272,-0.4750699713543599,2.1340467992906857
1.0638893217276546,0.6787108600450789,2.229098577925746
1.0671821024827295,1.3954645535636427,2.2188735022274275
1.0608062951289963,-0.5533061062634481,2.313789019926616
1.064828171978326,0.5007736100758782,2.261015318386567
1.0604527700505264,-0.522908063258523,2.1158942217064842
1.0591922780816834,-0.9024579277552446,2.2025794101785965
1.0627185273396906,-0.019732099446766863,2.281876565906789
1.0710965287976304,2.450138485260004,2.207975740272111
1.0592496577843702,-0.7048896963499576,2.25408215084588
1.0599959410873352,-0.5742340239335201,2.2849597260590753
1.0607860707747963,-0.47573288060395835,2.2765203728628545
1.0648814469642738,0.8384852181486772,2.1692816368222894
1.0620415723493406,0.10432074258291649,2.1957478732674405
1.0622725257315317,-0.028480714434607146,2.1398098196100586
1.0673894662001813,1.2882005170317605,2.2892824672785785
1.0599363083337996,-0.6505595039559455,2.1465941095662355
1.0703515198261535,2.200404264182029,2.2575646369988416
1.0610870390470926,-0.6009484223764543,2.3680328284413377
1.0630439146626423,0.2481374147739431,2.2409123417433463
1.0588704681759555,-1.009387571876581,2.3240406747198548
1.0645188398559668,0.6569477233523933,2.184170547033903
1.0593439939981277,-0.9338081652601139,2.2526095940293467
1.0631830191630594,0.28313284190698845,2.2156611235346184
1.0591628053179087,-1.1157417885477952,2.270687127384327
1.0612049462864344,-0.5904341516058711,2.287695188532816
1.058110558316565,-1.1857281467676264,2.1755344401255594
1.0584585931013692,-1.4117824356310114,2.2577112396968637
1.0679208801429043,1.3610529557136657,2.2982502350819547
1.0578382021758423,-1.4547195793148149,2.3552399933998327
1.0625888657132727,0.2968790081124888,2.2340578806627764
1.0656518586660328,1.0701727286255758,2.2120882848429035
1.059066190935275,-1.0298188085470752,2.3377051472418016
1.0693976939559344,2.111104107803322,2.2483550658182527
1.0613248161876565,-0.342146026346226,2.221009347641369
1.0580762879682726,-1.2044501512798933,2.141653675841672
1.0598161064366702,-0.5472053435134728,2.248228198971646
1.0596475508438947,-0.60454107185325,2.2961710818707095
1.0671729953193134,1.5201319096000487,2.1839361932769727
1.0624661400589095,-0.34177633148292524,2.3116955807070885
1.06198603860507,-0.23498939988751527,2.1744268566786453
1.0578554851588315,-1.488262312278609,2.2445552232819272
1.0622974228040543,-0.009030469597486537,2.353173919842206
1.0622009363688454,0.07008881200230158,2.252485757555985
1.062280189969098,-0.05669691321979452,2.2418650517841585
1.0676959119367704,1.5228783896310818,2.2975510041299927
1.0586520452792465,-1.0028795349844921,2.1937532461864104
1.067901994664291,1.6588170299015303,2.2547990548053134
1.0619601350235608,-0.16508699591413964,2.2495534796022736
1.060365290382481,-0.7214092434935534,2.276040169456254
1.0653858926219302,0.8916359194702683,2.22412013987658
1.06480574040553,0.6216272587870416,2.208728434318773
1.0622979906509498,0.20931867490487513,2.2054495327944683
1.066755034496587,1.2662015557035369,2.244875078370736
1.0569174916825224,-1.4922997287763502,2.149750793077389
1.0603117062030623,-0.5041290745137581,2.291904337491787
1.065276994785867,0.9047400334694621,2.188137183243875
1.0631463129681966,0.298728098965105,2.19738929291514
1.0639660130847715,0.4108054372650824,2.3119203111729383
1.0586229187218963,-0.9917174350359544,2.22260909768945
1.070164691854804,2.254369956592645,2.2253952678399602
1.0601680854047955,-0.6663436813971578,2.269999652130249
1.0657608703232078,0.9318710198760487,2.289776459874583
1.0670364305232813,1.472487363874837,2.218963237441117
1.0613086534644973,-0.32582661717912353,2.2355096970185317
1.0581891269725625,-0.8841293544103392,2.245142138726582
1.0648871767311139,0.6259410812332686,2.285977200762557
1.0708212106446169,2.5383093065804814,2.239438335534527
1.063244842617598,0.2857455551303227,2.2710452591043717
1.059366818127706,-0.8825395921321775,2.2580960085297948
1.0602591796597807,-0.7184831845862436,2.2377182216957294
1.0581774172312581,-1.1402595591395148,2.338058531705717
1.0638828520462802,0.5530002009448918,2.206893454443612
1.0648714308575222,0.7071158212846159,2.246314548208616
1.0610897980233007,-0.41240030694019253,2.2491867142700723
1.0556988331633728,-2.074284889130922,2.2474900964554343
1.0603876089421163,-0.6641670566932438,2.282752353846759
1.067605164332552,1.7507202296736468,2.1760842103629296
1.05575488876642,-1.9277219436720197,2.1573273305403036
1.0619179471350328,-0.1633725442027304,2.2079540460663223
1.0614439469267452,-0.35643041281975235,2.26606568842115
1.0567011668083979,-1.7962492219596742,2.2220242216426906
1.0606236522037782,-0.5249240187160339,2.325071475108198
1.0649289467159704,0.8765568867501107,2.225198856484892
1.0703433021610043,2.395193221363106,2.204098873731631
1.0555466702278633,-1.928748070961031,2.1662392318255104
1.0566955817515025,-1.5838141337146854,2.2877604269775835
1.0659000038314665,0.9431198912176617,2.211775567374154
1.0678844238302183,1.4074647011091161,2.2833379164777665
1.0584204903984729,-1.185320367960998,2.3031425987762315
1.066141923121955,0.7313589316497454,2.24338568837096
1.0578836517253507,-1.1672608213394897,2.3199743515258335
1.058926612693246,-1.14105572980417,2.2747938132639534
1.0584991071817027,-1.2003286078732591,2.320493810439914
1.0688823353026426,1.6995524596159464,2.2505785047985496
1.0594314291167015,-0.9221001087852911,2.2330890723522847
1.0653792080901698,0.9461870317875225,2.190306609385656
1.0633795499400305,0.4082935083290992,2.1904938172342545
1.0612887707806127,-0.19941154312117257,2.273920140834921
1.056701310254364,-1.523030929064877,2.2684685549309616
1.0683426646866059,1.8606319788315397,2.2512014466931483
1.0599502179475593,-0.8186736706821898,2.2600001202489164
1.0637602065208713,0.28231892819448673,2.3234296000164854
1.0633402837949668,0.19667579957409895,2.2917683770965773
1.0582845977164443,-0.9888650896447485,2.2307008500306154
1.0614876663748467,-0.1980038743189874,2.2255699399610127
1.0557876418511356,-1.862647228402242,2.289179577197538
1.0612211409337724,-0.31027086768347345,2.306995012176478
1.0642960204284906,0.44659471819944485,2.291731739006855
1.057026170904558,-1.4766136784281192,2.1803197530954654
1.0648374300386956,0.9214968284088176,2.221168470778589
1.0629463714896845,0.267643763061644,2.218940672969644
1.0616932671150474,-0.12478796655794665,2.23497407710809
1.0616693357626203,-0.018170005245607506,2.2542191641006877
1.0609380659479077,-0.2728190959246784,2.1965547750437984
1.0637711122096394,0.3392459608975124,2.265667714797413
1.0670327338714456,1.3225053297888423,2.220347615299695
1.0613473582075101,-0.2422595557920951,2.1283484125922465
1.0629191578290726,0.013257225914070815,2.3187265422992778
1.0630214835173004,0.2472214818402973,2.307644671754774
1.0672852938350519,1.127715643774971,2.268163624278251
1.0674837722467905,1.4688576144562047,2.2791435684541654
1.063047657295681,0.10569434527936784,2.2813677893843454
1.0600196544424043,-0.5129547950431025,2.255881601122946
1.0576640531167698,-1.1856098351104403,2.2995044474337947
1.0600131819333964,-0.8278910356183318,2.1979643671646696
1.060258977058753,-0.4678479715135273,2.2277444172634056
1.05996269785976,-0.7036531551829389,2.231761705989113
1.0615821666425391,-0.2601789610255274,2.2149155727675023
1.0610664753040313,-0.4531899510563364,2.310278790447867
1.06343302528808,0.32195988697831435,2.2519429299694846
1.0572512420807494,-1.7319096128973717,2.2148786103986535
1.0569908060432651,-1.6907456662367715,2.2486877999007775
1.0608901657388954,-0.36277045206566905,2.2979146241664106
1.0632219942586227,0.2683375689338393,2.251133729978408
1.0633580849676687,0.1221335697252697,2.2276621701584527
1.0697052021959836,2.165118953845732,2.2063169154538094
1.0691204873521074,1.9313074207157241,2.208115237966718
1.0581454048852226,-1.137593418837196,2.2627611403531938
1.062151176632771,-0.16115199442338873,2.237874437861609
1.0587426815577257,-0.9904182695483157,2.173740053124568
1.0589882847989378,-0.7582049239792895,2.3060213467793655
1.0610090062063195,-0.3488520018884713,2.159238400622434
1.0704099034080772,2.344367428064064,2.286265909225629
1.062395533931434,0.011826009325172838,2.2508756611508427
1.0554839170860169,-1.891154856711174,2.095954620637562
1.066047418551302,1.1819210325774616,2.2380169448321436
1.0644478904129027,0.37496864014467357,2.28470310254174
1.0656466339894137,0.7865466638204682,2.2281405467388717
1.0640287536421273,0.4823432698230451,2.3197354177811387
1.0619978189138952,-0.16502220405785817,2.2507497436278556
1.0670213759807017,1.408958405957487,2.2183568423168074
1.0559430347807357,-1.6542337754200598,2.23537890591864
1.0682333866603893,1.7535249746285717,2.2074657480848336
1.0630291369342837,0.04945136654556133,2.220452272629096
1.0700265393456536,2.2000440208776966,2.195145498331851
1.0601743637366385,-0.7163420367066962,2.3299273828628877
1.0565607767257583,-1.4617356638419416,2.2934430402190626
1.054903084089313,-2.085351385392552,2.1721116567427345
1.068174463113482,1.69821479969024,2.215468004647608
1.0676656973064909,1.5205896785907806,2.2293886047174887
1.0593294909625537,-0.9267903577804392,2.246075176629113
1.0685452509708708,1.9150164409867438,2.22164843293702
1.064113159347947,0.5363404318898013,2.2075546213982213
1.0639250057114928,0.4815006091326327,2.1930864673029573
1.0629925719709103,-0.07520509739241557,2.2601646431625726
1.0645002050942793,0.819456800156096,2.148393238686423
1.062525084272322,0.295396493574677,2.2041461519127767
1.062466827342835,0.049089285836521786,2.1134737759108755
1.0664209959174398,1.1625052020144235,2.247543670860178
1.065314995646679,0.7264359797563775,2.2733191585910713
1.0613921293536568,-0.4177551972290759,2.27444269830331
1.0696021221626337,2.1835159661078807,2.2423122504845914
1.0619107019204916,-0.11181270628418902,2.2020816882081404
1.0601037213169482,-0.6107408474249806,2.2487017528579942
1.061812262192084,-0.16976275069571278,2.3198802624088604
1.066344908294674,1.2161903486761367,2.269657630248116
1.0667839558844336,1.3419006973731935,2.250881954488056
1.0577705482926312,-1.2957083355199217,2.168596657420286
1.0657925399505586,1.0548172173441193,2.2347436817612913
1.067289848530477,1.2833338181459324,2.314355331192785
1.0581988240269,-1.1360798319400975,2.2311749632696123
1.062642983843639,-0.020101261640495242,2.2230158492601113
1.0641894711020907,0.5299980724382561,2.098321845200912
1.0609709004851706,-0.5473440418071164,2.378762579731713
1.0646175656731867,0.6703662463714789,2.3227152487238487
1.0583645110452662,-0.9578939941519884,2.203824040313773
1.0602053247263319,-0.536867451039444,2.2814412349108166
1.062262559234352,0.2435734824121247,2.2454281096312854
1.0610172311349932,-0.16853243576714122,2.191894017957175
1.0585146208457412,-1.0940021585042954,2.3151576209454996
1.065181706466164,0.5662832536921749,2.297013765757377
1.0705417283140934,2.4313506292805394,2.262525084663127
1.0565267264123535,-1.63730751637587,2.2079708580594173
1.066900000166153,1.3967565737413694,2.2511636019634453
1.0640843777790265,0.6624361217939869,2.275455876540349
1.061408517466663,-0.4652367310257409,2.301631835853877
1.0714781068682995,2.5925649268136164,2.2274337199941834
1.0648792013041946,0.4832191779051328,2.286804350617568
1.0635866686813396,0.4092789876746231,2.264434540439786
1.0598157668990924,-0.614861262683805,2.235077103473232
1.0638069093429114,0.603491454260432,2.2090642205130155
1.066619133222044,1.3065395493149665,2.2473077993347674
1.0630125441068483,0.07167747934894682,2.265285353524477
1.060556474759222,-0.4757524781473525,2.2818996685085136
1.0698343941144839,2.1982894398645,2.213091318455012
1.0665592583674892,1.3419316751155383,2.2458430318598235
1.0658776317700664,1.0520412181184604,2.1805252230435315
1.061905378542724,-0.07619979842700651,2.31411383471815
1.055581008128501,-1.9249094851822075,2.1850526904886953
1.0567493562978658,-1.7146785728539062,2.1868551842434374
1.0617743122261438,-0.1604664549109653,2.289243543090644
1.0612684677533104,-0.17958358859369103,2.2577207541488598
1.0621225001919412,0.010558087581505955,2.2760659032088104
1.0613998637075668,-0.41392467078500517,2.2195005724494927
1.0619642802989375,0.11773117463377888,2.2066693224887497
1.0632201337224219,0.07023610514176552,2.2681185369272243
1.06382451896549,0.3499625584032139,2.1317443257891138
1.0628469944193546,0.2307449549077142,2.2650006720110336
1.0575109312931834,-1.5055498139412729,2.2459820645846493
1.0582849017645426,-1.1171615290014802,2.3146842971738986
1.0593504296556577,-0.846298178365078,2.2894699687772526
1.0587259544993188,-0.9221833669503505,2.2042822385078495
1.063336233904055,0.31794111787853147,2.297857088211094
1.0641833272195278,0.6256083368047407,2.2742276868305247
1.058131348897671,-1.247351414689374,2.1798502500372194
1.0618291512297988,-0.18554223181084756,2.30339475388325
1.0631241103334226,0.4032295716544857,2.2808149617914495
1.0595577622280796,-0.6094653039495277,2.2284735397690256
1.0631344364278983,0.2990447074112898,2.3189606273753656
1.0670736841372896,1.4318956651699075,2.269413005271281
1.060507754482149,-0.4909501490404957,2.1939321067024538
1.067712925650664,1.6291080722712186,2.2894090788445003
1.0610014979681515,-0.4760664693723866,2.1894024633283062
1.0588289310944807,-1.0591631093350489,2.2123899850531763
1.0598884525023125,-0.7516113725101604,2.2603438271476697
1.0609391535178396,-0.32579513873853916,2.247873324254332
1.0564686219946107,-1.8532646020679935,2.212618192180084
1.0680991839638365,1.6996117582455255,2.222509925752501
1.0630995052310772,0.14282714717114978,2.30401350371729
1.0715637870529648,2.594616862773542,2.254704855187165
1.0580278453583956,-1.1535978577104757,2.28077372105064
1.0596477562363784,-0.9206508916270761,2.4037982755192573
1.0657266915294492,0.8362109139379639,2.231582769375996
1.058051864555289,-1.1030852335094605,2.2945367181827248
1.0617860997189066,-0.3801635625262113,2.2155907343792878
1.0659461682517006,0.8051185784131049,2.2889105745355813
1.067947290003204,1.6976716405256096,2.206179491683393
1.0612452439180613,-0.39546482865501936,2.267741779004285
1.067874613117967,1.5853139066024529,2.245137182997707
1.0693462095376587,2.076803970684916,2.2519118221740007
1.0667553218105454,1.2458737232246522,2.2914393301193705
1.063661866246547,0.5182396057962745,2.229815723810345
1.0634818740601029,0.2506742837003116,2.2776771897480597
1.062011678258585,-0.1820577493689497,2.204816373472248
1.0629957723392196,0.2791744529258074,2.216107339591185
1.06299477544463,0.035711138760490604,2.261763311378404
1.0666919167031526,0.8728500107333693,2.2980997246759296
1.0677321272643168,1.6116258024482275,2.251409899921548
1.069932451077216,2.16321720126594,2.2260769165318584
1.0580356952563212,-1.023477888189692,2.1916496089401756
1.0690467504052887,2.0016029984105788,2.250522559410198
1.0551873834063374,-2.0493748031655845,2.1432660933748537
1.0668399283003172,1.21408710211654,2.2083556730613623
1.0599225010393762,-0.49119439391339637,2.2326360985270752
1.0651865310547493,0.5701740873507943,2.2276653979428027
1.062885950668964,-0.017122959988651414,2.292465754459999
1.0686328933571818,1.8063462530212533,2.202281581762008
1.0618517473698845,-0.1623596454581498,2.1851225217475174
1.0610247914413906,-0.34106895416550215,2.2463855451410417
1.0605898469791757,-0.6668650809983808,2.3247335181712163
1.0705048011641851,2.380185081323404,2.250866083934284
1.0635324075651873,0.27572152624666796,2.2756546841497265
1.0617491373651746,-0.18242138452495776,2.17885738568318
1.0627638313545262,0.1437408377205263,2.3063902879255154
1.0558518424384358,-1.7261548418721278,2.251449882811634
1.0673256904278632,1.4860135719650522,2.248749250123536
1.06021255317302,-0.7162744394969665,2.3059163155936577
1.0596418878648532,-0.767285270539973,2.179800919169303
1.064519669180356,0.641290894141059,2.155110117255176
1.0603248187844008,-0.6242358172421355,2.214206770084233
1.0676769172970721,1.052625794452047,2.2551047301636244
1.0580702208747788,-1.5613076754793858,2.316080331594904
1.0628369119021945,0.2809391160928247,2.168324479406614
1.0657082119378052,1.0727158705574458,2.216708944673978
1.0602564317271488,-0.5452268369486148,2.2459107406314263
1.065397949569571,0.9042861185760802,2.2170023623721535
1.0609790946246807,-0.3062960059847831,2.2888956715584268
1.057975590596481,-1.1689849051802472,2.264185185421928
1.0685795109655707,1.8608414858896565,2.2208783103599012
1.0552563641905037,-1.8882931350544019,2.1994605104442413
1.0688460553954493,1.9303491379347344,2.2405996305327793
1.063513624696746,0.24193617731117414,2.2161586108792735
1.0657954463238617,0.8383656740787583,2.2053610364075436
1.060419720779447,-0.5669574269188302,2.33630361076305
1.0712677453117616,2.505659144929842,2.2463160886151385
1.0583815277582809,-1.1205258447214435,2.2673379107171856
1.0659958012888022,1.2424411422897803,2.2427381867829554
1.0554705852087616,-1.9756870066925676,2.172238273223211
1.063323081134437,0.15311563302613743,2.2980780079096905
1.0691730209800525,1.9506443267160456,2.2308311111561276
1.0644982410371917,0.6058607977482694,2.2210813245067698
1.0578425687156217,-1.0705540302513268,2.309836008248006
1.0620784689774307,-0.0022795139803344086,2.273535911710185
1.0701533108556212,2.3086019113118446,2.259911353150166
1.0707848324858373,2.359293626926031,2.243382316764374
1.0665127999363013,1.1767093707889131,2.3001466924603706
1.0559277086327246,-1.817134824246544,2.1390992502029387
1.0666583166603847,1.1088884615982657,2.1993778457726747
1.0695728502467352,2.146198394172043,2.2476371908672816
1.0671504357275208,1.1108447041382474,2.2519110534247355
1.0610317896365506,-0.3673283175949211,2.3641127689036256
1.0572980377333236,-1.4401970824748285,2.1681532728737514
1.0580065593243302,-1.0447662947141207,2.2145647263851678
1.0588509632591259,-0.9616013758115949,2.2164500298243657
1.0684945158416221,1.7527767665693308,2.24227758167076
1.0639450136244109,0.3735220135256807,2.2991326787659667
1.0629830768660031,0.10350395930581524,2.194186710588213
1.0552297416518859,-2.053319872200663,2.162288259404433
1.0579073057220685,-1.4194149784173982,2.299884377405669
1.0700710345706514,2.3091486017273963,2.279342750660827
1.063675732252718,0.3127477209562732,2.2051426365668734
1.065061377046454,0.8660621765130275,2.2624799092981442
1.0627244853128328,0.15531566582449022,2.24839417822311
1.0608875112852234,-0.4237069730430233,2.2794556552914313
1.0573369953117937,-1.6570891889927126,2.241612080558783
1.0610445715779242,-0.49091693527232516,2.183042391479729
1.0641989488627461,0.7256399554621673,2.253116496374303
1.0614780651318423,-0.12604816067711225,2.263059311168475
1.064721587876717,0.8216475531925236,2.2544437588812314
1.0609533200892187,-0.49007541776403374,2.1854459871447998
1.048918667850656,-0.00039055632744805496,-2.4154857576412154
1.0603754890699333,-0.40996435699774697,2.2642948656082953
1.0616809131118257,-0.2909645084932487,2.27772216955147
1.0612038757098503,-0.3824188920417011,2.2466192049916196
1.0583478349598037,-0.8579255575737146,2.2502107114981933
1.0626610082016523,0.13497222862409547,2.211557607640831
1.0673662197092038,1.4116984118084033,2.229591088014318
1.0566601039452739,-1.707925217667486,2.1793558382062823
1.067534835182061,1.5541854526123637,2.249852414252946
1.0601033331510405,-0.6351240778042411,2.1458616223922307
1.0585763450832384,-0.7994717823827434,2.2113977851400795
1.0632221928236714,0.04574909766482379,2.221564538747014
1.06876846508046,1.845557048196997,2.2842667368843297
1.0672465191876435,1.430542971756053,2.2371499343975882
1.0617903093572143,-0.09123012749807215,2.296888526082807
1.0627879023532334,0.04538223725361877,2.209890298342604
1.0620081000147419,-0.06781280725096887,2.2314383846346995
1.0585337225256999,-1.207218350858886,2.3845130583579475
1.068335446585588,1.7526291102729992,2.1900782282212337
1.0619832651846375,-0.12786448376574822,2.372858215964928
1.0600392041191828,-0.6353529190917503,2.1612591292765164
1.0579109722373947,-1.2138227878759982,2.369629722831674
1.0616153268134993,-0.059524820382256774,2.227657737382341
1.0654316993512396,0.7321258033411913,2.1941929027517544
1.0635523169658991,0.3549853311366522,2.1818700287909127
1.0668407745633868,1.3946764179444808,2.1762209780024873
1.0617334378786334,-0.3113521394211237,2.248242271785726
1.0649754014921793,0.7155762959302397,2.249411178553992
1.0582044510004411,-1.0504424074925487,2.18686500807013
1.0629677879339117,0.14002986092077274,2.313482057273055
1.0668397237428087,1.305735915988454,2.2088599254929298
1.0650776023727953,0.8582535424405373,2.2414147967498863
1.0591494816141647,-0.7009173797194018,2.205951731577159
1.0618201633000923,-0.3817713514831633,2.164968486744965
1.0647036261415785,0.5725952756313197,2.278889096872807
1.0589535178649205,-0.8123526849653075,2.2494640095825917
1.0679572401665527,1.2704288043981324,2.2837985944432875
1.066608415323269,1.2333781376614228,2.218137171253773
1.0658465018267917,0.8352081480866881,2.2312243276430688
1.0669580679324007,1.2696482980038915,2.267619303687331
1.0588550169336763,-0.7801314858100729,2.2278476527706057
1.0623147756140818,-0.24112715015737535,2.2866019614627997
1.0628920615608641,0.19580404545542376,2.223564316873553
1.0610968016081979,-0.3053718032851657,2.2530251360648794
1.0657772880173446,1.0802026724351086,2.215150323743641
1.0700121386338817,2.256078539439085,2.270305526098541
1.0624479581466768,0.13772561432106548,2.2578361300380743
1.0661013322650008,1.179445345125354,2.2468227509337493
1.0619498406015568,0.04881043830265322,2.3094192232420516
1.0562613281579878,-1.5019217551269002,2.2963593857160935
1.0654277666628116,0.6955678452423533,2.3277805442435375
1.0594917833699191,-0.6462032912029957,2.208126524582926
1.0678178993955811,1.681414797611315,2.2815554379056584
1.056914126062773,-1.4871227238996494,2.268062923383292
1.0615032541319205,-0.4522329742453854,2.3211362884666693
1.063469471609052,0.22608379819055355,2.293789123191144
1.069690709348226,2.130128953883776,2.289727636728549
1.0647069818232173,0.7647417270716984,2.15607107049026
1.0618302835923636,-0.008551064530495499,2.3047777764578368
1.0640892537834703,0.5420663622454349,2.2441816856296657
1.0579543959118702,-1.3716194829470116,2.1751092171989317
1.0659360442878976,0.9832402263697767,2.2793031900645055
1.0616487376970978,-0.41125738826707214,2.2962169104047656
1.0599717857531528,-0.5985258106309226,2.1253029069043436
1.0713389575228272,2.469541152518427,2.285509291240009
1.0682050516040353,1.735759479636394,2.198691925651652
1.0592022462951876,-1.0830535439304159,2.2203562556793854
1.057385892823741,-1.2824109507026762,2.2296018237284843
1.068236467947071,1.7365401424923435,2.246042786265182
1.06458419464536,0.712055791031934,2.222731980596182
1.0602410961811792,-0.48892954377811054,2.221065882556064
1.064445475819764,0.6351413630209519,2.1892090756114007
1.0638784063047004,0.26606000887910775,2.211042454005247
1.0619097070114494,-0.07189625620027586,2.308393114721477
1.0640636429450967,0.4823969991701559,2.238486174556687
1.0639659311530865,0.5725040587042691,2.2631279468719923
1.0568998945584844,-1.6019469339139587,2.246751991925006
1.0567862352485713,-1.7273420806024866,2.294232769864891
1.056524839253005,-1.4709085697793687,2.229051142270977
1.0618290104964474,-0.020924229832700605,2.214028782459866
1.0707538431567358,2.5940624149329032,2.2503657015972918
1.06836879693631,1.8591776561389766,2.209963939452598
1.0654505157615444,0.821028393865162,2.1797298298933336
1.070030945213733,2.2346587226853067,2.18602589499427
1.0643641562819128,0.8041282153897158,2.2143870460956
1.0553252546432035,-1.998959245845416,2.2300015765723527
1.0668718090822114,1.1277555276763305,2.259140020227934
1.0600314891376839,-0.4894195740491763,2.254070138016593
1.064917999290251,0.9214916941248135,2.200016504824099
1.058026266221321,-1.3501358132872348,2.185535818541848
1.0649160839480447,0.8912242881678576,2.198049626406105
1.0610280829520515,-0.37918425218791596,2.340454467698125
1.0652242119624282,0.6262910221591205,2.2305265194352977
1.0671874025808032,1.4144565094356376,2.272914086469959
1.0667136498875363,1.3583611853627233,2.2187061599482245
1.0648376055857045,0.7502989759976211,2.288181050862003
1.0570708291188,-1.4578403757407816,2.2438361458043334
1.0602733002624267,-0.824497380536678,2.2654552876908367
1.0634152712087834,0.3164369578517364,2.167670618546556
1.062458694893422,0.2547574777098123,2.1870415818627547
1.0637090585007096,0.19662924380141625,2.263525583452663
1.0603895255869238,-0.3787248275514409,2.212318667423919
1.0632835156885572,0.26042198737419303,2.226294594581113
1.060036914681278,-0.6198367124895277,2.1882502603300313
1.0606204827038146,-0.4944693182033057,2.3358795265450976
1.066768103774614,1.340171492939313,2.2203551448539174
1.069196593362972,2.0571473119243353,2.2216262023455697
1.0573133146983889,-1.3334157295196967,2.167792954180133
1.0588257189712913,-0.8235401911489991,2.2374722493509145
1.059406774080695,-0.8429043399910203,2.2510433427268493
1.0577252315960062,-1.1761823326945327,2.1471084474587148
1.0592616237205847,-0.7183686584904835,2.2245864132344524
1.0699339575874165,2.272215959842692,2.2141540149920593
1.0607663277730532,-0.595211928216859,2.225487676148616
1.0709831474153693,2.5569835942347456,2.166833099309206
1.0659296309102824,1.0554103474018808,2.1886643570570463
1.0688287602463222,1.82584370792796,2.2122023535376933
1.0614492135482534,-0.37816403998294995,2.2413721541110454
1.0651638261333534,0.8039249997000244,2.224074654132596
1.0607147360974067,-0.5288178870763526,2.2055939057220884
1.060537202013518,-0.4536547558890758,2.269873283147905
1.0612618399105753,-0.20343121717148796,2.1082091974471924
1.0600812635368742,-0.49485278753168316,2.19393601108227
1.0593165926509984,-0.7716429566903147,2.269724433916928
1.0646816985063197,0.7657609351717626,2.2042739292232016
1.0674186812465203,1.5567111370334827,2.234396279008804
1.0585156591794918,-1.2961816078950754,2.214012150471237
1.0605825685698476,-0.31748738052412273,2.2856554630392285
1.0613551102206475,-0.41636506741233176,2.302225860453146
1.058479739457887,-1.0281885276454958,2.1559669279146694
1.0608850782085713,-0.7563442074385816,2.2656278013732445
1.0677555524847846,1.6634260689180789,2.2136127219316273
1.0661022645194331,1.0027057832795576,2.2397039360643967
1.0613714076781648,-0.37962610891457177,2.209027311964622
1.0596861271092846,-0.5254315590917934,2.252273908293685
1.0621262403154632,-0.10650233434316844,2.274469902229173
1.0626073446324384,0.07128478087767455,2.263924250819752
1.0577942696869778,-1.4762869384998538,2.1715861478062073
1.0658986021452839,1.1245105900708952,2.2651609319689263
1.0590996094645846,-0.7461683643847881,2.2974673537850676
1.0645056965423714,0.5541513783683624,2.174323436758557
1.0675840597724013,1.3058339376089612,2.246893847017657
1.0635189402381895,0.28237932612044775,2.2383998299916925
1.0629188324686916,0.17595446929741962,2.211780592099669
1.0615563413383582,-0.10193070895991146,2.3067955048867845
1.0616977217824963,-0.1997987534717134,2.1765548848673246
1.06868789549737,1.9478479102331856,2.187276497354636
1.0678945143557041,1.6976610392394593,2.214290076349679
1.0570179905546686,-1.5265543429902038,2.321972899019387
1.0597479822778388,-0.8999594197970734,2.289550400235522
1.058461534021621,-1.1307903623455324,2.159914802645608
1.0646132540756321,0.35402916824276864,2.2952792689984514
1.063408135220952,-0.020202150074242916,2.2664010900774785
1.058004053067167,-1.0990210904380353,2.3285064397945248
1.06296209503523,0.1887865843739559,2.2794858054514413
1.0597651429727568,-0.8101538048505716,2.1548127663711214
1.0669980240653405,1.4308079288833302,2.225897233158968
1.0578049883803113,-1.3246150395571117,2.322905843617384
1.0670280099579117,1.3409153357160746,2.227063443301499
1.0677054509270676,1.6454265648971707,2.1767607641416693
1.061035113559042,-0.496846077700007,2.16266709669065
1.0596064636133498,-0.7938075369782794,2.207485595505812
1.07101391916062,2.504114327472412,2.2514283401748916
1.0597784445020444,-0.835704891357772,2.2342966890961757
1.0615092683274476,-0.2814423244491766,2.3349746036060846
1.0652342646310726,0.7964113237388436,2.2254760502565945
1.058384723654051,-1.1705224726621077,2.3571703105202912
1.0570748529185994,-1.516869836872132,2.1766152814119706
1.0608356149879745,-0.2768402852345621,2.298657722955535
1.0600923633256463,-0.6839197249151974,2.193058173900087
1.0606926618297177,-0.3249284930583157,2.2185139237301192
1.0620741033934327,-0.16719061837978563,2.2276443171751876
1.0636071472365265,0.3726553707521087,2.2025172235049464
1.0610121021233996,-0.307783149611078,2.256216861018507
1.0641409006290001,0.5157579843284922,2.260386067874675
1.0604417538192583,-0.8129716752937972,2.2589068254598
1.0639840634150937,0.5177607092317784,2.2272418155932163
1.0619006426752235,-0.057023169398469555,2.1825464132934917
1.0643357717055544,0.6241895538967087,2.1460243069833727
1.0632885428461174,0.10073672319740581,2.178593369348242
1.0683072439077317,1.7546577672753483,2.2648578986344985
1.0669146059186065,1.2349959588457298,2.2127005891732323
1.069212909290534,2.022542957628006,2.2601472725420826
1.063153959049089,0.31769156759385137,2.1661383040297646
1.0555345988610527,-2.0083833791180825,2.2972440457392582
1.065501209880632,1.0364818261948436,2.2199654355659972
1.0630717603045923,0.17360753611994678,2.220116107450017
1.0698905057605346,2.128822273642328,2.258355083105741
1.06481239097373,0.7134571658894086,2.1985487728655557
1.06391078530277,0.36884735588781636,2.2114322374909663
1.0613714941978065,-0.2743085708939221,2.2341882515124794
1.057827583573509,-1.2724270551566144,2.2647059874825954
1.0562480530104956,-1.6301680560427898,2.150219450985817
1.058245356272823,-1.2909377369077089,2.2784040180835543
1.0562340812298772,-1.993228168656722,2.2908357891410227
1.0620423196336342,-0.38148508104816725,2.2192023048216636
1.0666733791650134,1.1788656294719748,2.222928445229803
1.0589076291418291,-0.8255182567826651,2.237719580760817
1.0582446008129132,-1.1426601490367245,2.28094518809927
1.065502708523778,0.9352185534517031,2.246625115030572
1.0652123788019126,0.5561936081325812,2.3381466357278016
1.0591005172873076,-0.9977739326221896,2.2917628269868144
1.0666266938179587,1.3424588212017754,2.262755578340614
1.0617546565365747,-0.45000773230706637,2.37458579472146
1.0670210919042344,1.3420092094522893,2.198672700337601
1.0644490941558054,0.5195283500500595,2.304590507500311
1.066385769695726,1.287920600742687,2.25175398083994
1.0666310208990548,1.1091131615743761,2.2096189912108346
1.0694160798501078,2.109951843069359,2.248353568396383
1.0689978230374773,2.0417536435642063,2.2354052325867264
1.0547412910252945,-1.9636898349044156,2.2903002279027107
1.0670653707222857,1.4498566804249247,2.239414025747735
1.0608959112542977,-0.16548756412265678,2.14014716317231
1.0633317161677007,0.45142817428743337,2.244102432185898
1.0616913321605017,-0.09158085657964116,2.217967850593064
1.0589870611436836,-0.8217057060282266,2.3067927243712716
1.0674380856755277,1.5741142944735107,2.2035415163385883
1.0592777508438889,-0.888889148318521,2.331035255527556
1.061701052388124,-0.28994843902111966,2.3688356046736576
1.0675598574324703,1.516811789544618,2.28410613197177
1.0616766324885416,-0.10938737641770127,2.250715933558744
1.06248525056387,0.017486594785891988,2.292947128088999
1.060432522354796,-0.3962042990509038,2.2319331806126073
1.061998445406425,-0.19088069679582884,2.196078160125814
1.057643356041773,-1.215178827169137,2.3705005877975256
1.067610852700108,1.2471903156512119,2.254251443497779
1.0598984515691607,-0.6000140804100624,2.142083713736985
1.0616454207572419,-0.3066515139295053,2.217676587660609
1.0566642974657368,-1.512606326782678,2.1890792239641876
1.0635318440421702,0.35617270225396447,2.240343786233629
1.05950052149457,-0.7275632148314622,2.1112383389017406
1.0637573263286908,0.2510590123763665,2.285884008092156
1.059598056692513,-0.585803517414609,2.2617110594652248
1.0623744501986496,-0.007629654371102175,2.277719233014946
1.0610821635594372,-0.45532690673247844,2.1263384393839577
1.0638514045626193,0.4996102797678876,2.283321304448489
1.0609555261167325,-0.43077091412517876,2.241009898024859
1.0603230442399567,-0.5421478435523024,2.1772067813465315
1.0609527413314723,-0.4043136629887521,2.32738606953073
1.0698399904636622,2.218507788228649,2.224875527407514
1.063608570277994,0.619109804775381,2.196688574929411
1.0634931899863713,0.44442596152763136,2.2244669559395573
1.0621331704911525,-0.09342190899791475,2.1789623607110946
1.0631656215585066,-0.08994397813331,2.2857023832888856
1.059371564355153,-0.7194339059152123,2.22556051947774
1.0638928591452166,0.5175693248011468,2.2179774755232033
1.060403214473716,-0.5208522797597439,2.2516930959467234
1.060884415470568,-0.8116288513918094,2.278089848512813
1.060409710707732,-0.3629500186065336,2.2530490113390513
1.0602767036488037,-0.5617007090071576,2.1586754424772696
1.0622827324405881,-0.3589797917764495,2.263528940759244
1.0645831102853147,0.6944006049293904,2.2595328955220984
1.0654378877881623,1.0364645193888726,2.218886014166141
1.0606650355177891,-0.489505934894514,2.314018871979527
1.066398279257858,1.2325212638307823,2.2275061071859414
1.0576360161494176,-1.3303811720045902,2.3143226130155767
1.0645057529598492,0.6797021219775357,2.270976319405956
1.0640697067513651,0.4048610290148681,2.2470370635608856
1.0641115595928723,0.35482289652201116,2.361729132063146
1.0632181379866312,0.2844061767382917,2.2897050535041874
1.0594812492595278,-1.0097388779420704,2.2459094786564737
1.06614608530124,1.1271203812686716,2.209597596421382
1.0608780678940357,-0.3661124428520118,2.184453561324431
1.068055130518377,1.7547274615405504,2.252481541887763
1.055703343986375,-1.8516233681451286,2.165074316049681
1.0588052210320684,-0.7821853805124909,2.269550243527256
1.0703735895211473,2.3440212365427624,2.274871765186526
1.0632036904356696,0.06993135909370721,2.2712619143991772
1.0687073814797448,1.7521568178627576,2.2495266818324846
1.069748847150543,2.2199840902408705,2.2359091510945817
1.0608024892076664,-0.5451073406756691,2.207045789052343
1.0614979626255387,-0.43479217301726064,2.3193964294430454
1.0600433192178582,-0.7704541306292788,2.181837459187381
1.0624132983502907,0.004863975625049218,2.213761179228792
1.0620441750472107,-0.2341479320669597,2.2880660639786154
1.058254653434608,-1.2253515703095972,2.1900734153237975
1.0597193960187543,-0.8421301693489249,2.2999692681825734
1.0578481767760137,-1.1129676255985463,2.2352968155968833
1.066276953481488,0.8610949606230474,2.268855662408015
1.0677239922804451,1.407975182551962,2.2559447534286576
1.0644097219277355,0.44818633984174167,2.2538822102078893
1.0623469409764745,0.04491764136767731,2.1035396707727436
1.065654229033527,0.9980241624877886,2.244728732849287
1.061697056326759,-0.2583078110777157,2.2878107842482467
1.063536935625943,0.49833038302591914,2.2216941479806036
1.0648160785845864,0.42957556780870415,2.2597051134015147
1.0706276977983331,2.3599050532556682,2.194095230473254
1.0602410051622617,-0.6672980065416824,2.32242135532869
1.0646125947453966,0.6094630311654082,2.2986505431058855
1.0641102720844478,0.5895215728158119,2.2112448766383888
1.0684139804457673,1.8421921839526614,2.2706007549881515
1.0622613175601725,0.08084070123959816,2.263863885256954
1.0579654113059769,-1.26079838355101,2.1668151854794897
1.063197038760217,0.5132958537111616,2.241545387563166
1.0593970903380294,-0.6390751599607122,2.218279094721987
1.0638482974570225,0.5148978471696962,2.18589343684137
1.065561483145819,0.9051638976607596,2.236765348220247
1.0669158913730163,1.1280006706136643,2.316731940845572
1.0675505116674537,1.6082826998181987,2.210767531055024
1.0579140800170226,-1.2728739339128772,2.291676341574267
1.0697455197412284,2.290195554827254,2.22730984089033
1.0624276897015088,0.03458363766294206,2.215800088894569
1.060282963404045,-0.424932057804759,2.203324278164834
1.059650107010603,-1.0965251257566972,2.2560090277290876
1.0573244489391809,-1.380622622014,2.191845627390221
1.0677621005508824,1.6091785927586597,2.228020706750724
1.069248039199888,1.9854004322806105,2.2272828593143914
1.0609986112568617,-0.3118956108203065,2.167555718944426
1.0643225827757579,0.46319988989455924,2.2480730734577468
1.0589194457791526,-0.8849823281468355,2.220141173629992
1.0698794192796575,2.2180091959397106,2.2431157981195065
1.0633422903727783,0.07948225373030247,2.291597877044114
1.0554450560643966,-1.784199913167458,2.2575296766288573
1.0625331531069648,0.04991475962239639,2.1610364216053393
1.06131481671834,-0.45182520531330095,2.2129963246706597
1.0638451382400769,0.48103263811019265,2.3211523136787435
1.0560373334890756,-1.8524517991512397,2.1544940582332717
1.0689571949515768,1.8764418396484361,2.2455708525763174
1.0688686064540243,1.9674062705157978,2.247679586887748
1.062440904855469,0.03474824831631908,2.291070784091905
1.0615366487870996,-0.21099452203276955,2.3224644525751996
1.0659341215841553,1.0702890453574958,2.1884525345116725
1.061022598199667,-0.4672830627108223,2.275988752170642
1.062241692004027,0.05323457367681382,2.2403380544253286
1.0624247944646414,0.060930853132336565,2.347228261950179
1.0585190808894016,-1.128264029194086,2.344417782159578
1.0633223979512987,0.3022733079606043,2.2427086488027284
1.0590943025968944,-1.0491709585169324,2.175945222860685
1.0623559938793887,-0.1688826244779491,2.301063300135977
1.060441808220742,-0.7592770112267878,2.281798279889049
1.0704372882218176,2.1827903299993623,2.2570537631725798
1.0563199471267146,-1.565547131824568,2.2930596228566045
1.0643349485112894,0.5708034449133608,2.1766983542499476
1.058256100428808,-1.277015606727398,2.244196953268163
1.0707728623722321,2.397111771080117,2.200868086469252
1.0568695694774228,-1.4000596227974127,2.158807581713334
1.066848091426738,1.360927526371307,2.2625614979769404
1.0645109491469134,0.7072432414995569,2.1431266792923287
1.0705625888850703,2.3961821751761114,2.207560019824507
1.0596124577208172,-0.7949189425689981,2.1732946613470587
1.0595328167374378,-1.0317773964524561,2.2155623799976487
1.0617949434143537,-0.0609818773558267,2.266088618196997
1.0646970399373303,0.6588742866819375,2.148773662331505
1.0685473622911532,1.862234711111954,2.247541898976775
1.0621236871409303,-0.38144212873948086,2.281340351706818
1.0592126685965737,-0.9744917101429779,2.2108489760088115
1.0596089601682632,-0.8480316330836748,2.2904236319710023
1.0605166060901963,-0.43366957775816717,2.20616157015093
1.066964309416455,1.4663055002934453,2.210931473233365
1.0665863064962355,1.0512929126191686,2.2908362712244346
1.0608424458825554,-0.5281778471030878,2.234056513098555
1.0619845590054635,0.042087720139679444,2.2061519496353137
1.0609949430687138,-0.5933783449305114,2.211638957661566
1.0642618922035572,0.5311642638120767,2.181120349951333
1.0688098084738955,1.9676694984210708,2.2330663318608472
1.0564050423042755,-1.9170682621707567,2.3101302639408385
1.0633114813611466,0.2808014064313462,2.2943270474882143
1.0626514053856861,0.1223908312040504,2.217346094650091
1.0686433291244506,1.8962443138653031,2.2543570721225055
1.056762538595258,-1.6809797842839922,2.331784754964758
1.064795031576288,0.607813682091801,2.276776119853349
1.065207766038868,0.5700729522464534,2.243724170158125
1.0568736016975253,-1.7460261036151756,2.2756155578365207
1.0610421631994358,-0.24677963381016707,2.2371745446040165
1.0688240914194451,1.8554579742058246,2.232900205598911
1.0591553985757511,-0.8896659118421534,2.1326796243415833
1.0708044959679333,2.3808148293762743,2.2443448783500624
1.0575062284891608,-1.4264809748576153,2.212260991388772
1.0686900105483552,1.5032644325538342,2.267867581069952
1.0560011844178345,-1.7785822799176727,2.236002063264885
1.0619519795681076,-0.08620372306724905,2.2718754401289125
1.0608165737478388,-0.34343784757716794,2.2507858982451427
1.059962020007554,-0.7951083245884508,2.215647684670537
1.0599143841772205,-0.8282684507277557,2.361308518464949
1.057441013274935,-1.3073942617073038,2.3166794877670998
1.068360025299104,1.7361615380158286,2.247531601210295
1.066808917892857,1.307661362059338,2.245622438901754
1.0581326771158528,-1.234975908732215,2.2662793633170875
1.0620973346580416,-0.0838205196782972,2.272304695531735
1.064916160209223,0.8183310898251562,2.3154136249281465
1.0615254458429744,-0.28811593741622266,2.249626181988493
1.0629652648273982,0.26755659189246217,2.2592930141774548
1.0612545944174816,-0.2879324451307192,2.183970825622625
1.0661812114414781,1.0195545883476589,2.2417079224807988
1.0583581495253405,-1.021011335539703,2.251674129036736
1.0626807025708151,0.26312115981607453,2.2765395650124813
1.0697647257725762,2.127964531856642,2.1956303887282416
1.0596382525646642,-0.7233657437370548,2.2139274068807517
1.068086254599391,1.7699634633184933,2.224502515536255
1.0647007088505454,0.6499396691553345,2.150864609808319
1.0629813880772516,0.22596555049548955,2.2202652874516593
1.061566781049834,-0.3804569823048883,2.232079609229601
1.0648631693208814,0.8213239147361051,2.1655900900419613
1.0569728074215003,-1.479072781060428,2.194753558348295
1.0601187547251907,-0.8340542414655551,2.1879587016515902
1.0642130833659051,0.27932792530028794,2.305789771278802
1.0653863011522395,0.779279723518728,2.2572385452138684
1.060498527579283,-0.589921366044693,2.283652449965873
1.0594979454267304,-0.8182339350731405,2.276484993235769
1.0660617625967097,1.1438146498560522,2.2218867758803453
1.0618874417505637,-0.18338729195087494,2.327026589434313
1.0578941078407067,-1.2066133277829632,2.24603248978559
1.0686256615775633,1.7544779007255544,2.2494129475416735
1.0575486853612244,-1.1879273649478128,2.2376738434681305
1.0558399599236579,-1.7976724191763074,2.173157994224696
1.0599979420437542,-0.5921441720992039,2.247426412216955
1.0710604425240098,2.4517814686675687,2.254722954200299
1.058642644440127,-1.009906519473637,2.2489839902686386
1.0603416648303328,-0.38256891373316854,2.1401885649306767
1.0591403060994458,-1.1251315920289098,2.3888053348077376
1.0649509587700734,0.41270963792132703,2.274801282667801
1.065435076488911,0.7846849032982645,2.233256802229604
1.0604504831881203,-0.7787984314246812,2.2023548009030414
1.0679576352341538,1.7175549227414038,2.26030840723595
1.0702852336592619,2.3103576822242937,2.2713273305517947
1.0635820933906837,0.5158933103294482,2.251902363110919
1.0615465841108798,-0.27415851890896314,2.1403878789920845
1.0616339945776623,-0.2398377926270627,2.2735669546554047
1.0646752643063595,0.815240411854061,2.263731920474893
1.059002827404738,-0.8826424702857235,2.1844631051224095
1.060567838185815,-0.29670492632709,2.339863619428205
1.068886125054214,1.8974919356148938,2.2554944390243894
1.055851774799173,-1.8025700075119908,2.1893369849154696
1.0677773159208712,1.7516702914130127,2.18735919783484
1.0627064849182357,0.3001348552189531,2.1691589109825817
1.0631186320547708,0.1531267839375613,2.188810803518634
1.0555831527271107,-2.0398595130171993,2.141448595553872
1.0628968143832949,0.1608479056858844,2.2480973720345196
1.0559902939318038,-1.9076756633785397,2.21346485332263
1.0569531477272398,-1.5329693396562851,2.3834686385103505
1.0588022078665817,-1.0251667588581828,2.3273171457541624
1.3003695172404672,1.8930972438467266,0.9319370736804641
1.2921296016106592,-0.6354561059153081,0.9369009518906566
1.2924995413591647,-0.512897427552071,0.8795699674280986
1.2975419807059343,0.978313926398051,0.9387129429921032
1.2914959617066262,-0.8661139268342145,0.9024792137123191
1.29244108968847,-0.428242547936267,0.912001166517477
1.2922599181989287,-0.7051787064761457,0.8439889209501645
1.2908817038296854,-0.7899681988475837,0.9526920788525618
1.2899596272110716,-1.0705056349140298,0.8695943606046183
1.2952506579215766,0.39690245686493336,0.9750147352097026
1.2974023484875619,1.192239268394176,0.9087981641782088
1.2915526240197486,-0.8104107925245475,0.9934566549582249
1.296355475307997,0.5793853981919688,0.7932045416635268
1.2915688340579605,-0.6077097163468261,0.8943808976733698
1.2995405373184141,1.267126502035334,0.9677927644522302
1.2972403548116833,0.8202762338638463,0.9041565782809321
1.301954152381634,2.195886761282318,0.8977051220966084
1.2972803389662504,0.6753701901700214,0.9495378329446811
1.2937851468639974,-0.03475619840811344,1.012932454742443
1.3032649270529861,2.4480841908379425,0.9476448792921448
1.2953345861853185,0.24588928713426228,1.0037008214807936
1.2988983024467708,1.3908600330402703,0.896042681693368
1.2957432329940972,0.4339419721231245,0.8437988947145583
1.2914436347165097,-0.9423723852086218,0.8912541617584295
1.2889587908980735,-1.380429838139171,0.9932528351150668
1.2986735147585955,1.4434469515612867,0.8922749518922723
1.301199303109861,2.0350891909830406,0.9236541016253185
1.2986983221978652,1.371874754905148,0.9001545186317892
1.2933535777712033,-0.3475939445944625,0.9280899392879373
1.2964437841734602,0.49472283252638755,0.8549941949523391
1.2982336214628092,1.081522185071693,1.0157865678705704
1.2933144161388,-0.1858831926432454,0.927781078711283
1.2886508003421322,-1.552565962798647,0.8953341407901642
1.293609460946383,-0.0004294797392502443,0.9844032372846265
1.3018615685951231,2.1420627852023406,0.8916094297939211
1.2984883758808146,1.047558680587737,1.0196160521019944
1.3014946754093788,2.2507144543776496,0.9226644779009237
1.298358461586413,1.0680677334435247,0.9311198087274491
1.3015085066001537,2.12471364592914,0.950110361828778
1.293167823412969,-0.22925392277434825,0.9350375291341159
1.299752568891805,1.3728129037236056,0.8555462714454563
1.2970899725086613,0.7107287005988299,0.8697203629046006
1.2911332033926297,-0.8650210584204879,0.9076291139901171
1.3003850246913329,1.7837687054404316,0.9593100214871396
1.3013765704880917,2.1256413936940692,0.9307251382625095
1.293846117217556,-0.12048112398573917,0.9060347022106133
1.2983947298926248,1.0865063114025673,0.937159543845816
1.2894571394092675,-1.1591185672080808,0.9832621837427956
1.2877954441880282,-1.874264598950092,0.8354517927432936
1.2922178209443933,-0.5328910662546077,0.9932029230783722
1.2939303568133722,-0.49141711490973633,0.9939397890751557
1.2949905372782677,0.3970538190792615,0.944281948938925
1.2928249224641517,-0.49881949963190464,1.013110371690613
1.291582609900858,-0.7667919881681384,0.9366443067903055
1.2900999320324718,-1.2483564127217228,0.884346975962367
1.2977756872842712,0.9049913607096822,0.9209952500270224
1.2935251328083126,-0.11311860335766609,0.9532477497527647
1.2960921210565264,0.6308706033252293,0.8915835758938979
1.2943634629956833,-0.06030685366719106,0.9382533135347517
1.2972045437058193,0.8714521092575426,0.9013237428425965
1.294664639312588,0.1584183848147365,0.9963638178132794
1.2921151358481984,-0.5344295659722227,0.9659123316440119
1.2929982401790068,-0.3217919343181499,1.0162303467780116
1.29658903110616,0.8175072197783348,0.8935730079496892
1.2951627136209212,0.1395911608961221,1.0000647372461045
1.2885751761209971,-1.4487048918359042,0.9450665364043555
1.2964655131877039,0.6381859794914041,0.9089695781694017
1.2925265284392038,-0.29280051498175197,0.9389448289332317
1.2909332917418417,-0.924302516933127,0.8468576028978259
1.2890407847796674,-1.4409160799117848,0.8623544271330144
1.2943624636908935,-0.15468963297372035,0.9407386968381992
1.2965519977896607,0.6575599389879336,0.9572160946338405
1.2980068848236133,0.8436412140806056,0.9227742386968999
1.2926382052229513,-0.5464000809522596,0.8911948384927817
1.2950805534287628,0.38717005475765887,0.8898489815952585
1.2909755641348923,-0.9740570776296072,0.9098792528032036
1.2966221879352322,0.5490163168114449,0.9521411117921197
1.2990163969758544,1.2304007613789345,0.9539888233345186
1.2973010640207674,0.907623600880883,0.9497221816929972
1.288311356028396,-1.678963437574357,0.8575058772858392
1.2942695691754242,-0.14790921228052847,0.9467491158340616
1.298037850334196,1.105959504465074,0.9494302709636112
1.2958665612674605,0.38941736487234213,0.9927742045536018
1.2893343166781623,-1.4402420277317758,0.8607076402484476
1.2957636779122765,0.5120636108445797,0.9107259795657967
1.295197779988116,0.1695648052535666,0.9237240285802759
1.2938372971460963,-0.3323697840998119,0.9935283312669109
1.3001604227801213,1.5166079246298638,0.947451028768531
1.289765134840058,-1.1793901562016789,0.9309828561910373
1.2908101648301769,-0.9496745199466501,0.9895092339343486
1.2923413803252262,-0.43616147102054803,0.931444872338767
1.2907646748684098,-0.9787722399952339,0.8504453672479737
1.2932740570624586,-0.07990421466591364,0.8747242273547259
1.2887612982224614,-1.4349200192686011,1.0022486305984986
1.2890977237211967,-1.5350080498108916,0.8917784417391241
1.2918828643201457,-0.6898297198787408,1.0191761290653618
1.2904169242642602,-1.191251673679323,0.8403517088594544
1.292431131174466,-0.5688054155192177,0.9703137080806594
1.2947464864856908,0.008346633719024624,1.0450608384394522
1.2947986351537073,0.27754692148522786,0.9558442629934888
1.2960853458431376,0.5142663732085305,0.8821990556204916
1.2946497513323598,0.26041848092765424,0.9267931379444708
1.2950655096705608,-0.11787665614916115,0.9544018277384024
1.2979800477630945,1.1224420550226422,0.902753713390178
1.2948025721368608,0.30836666510033917,0.8992650625773231
1.2938602336777423,-0.02621307920864933,0.9739478483021277
1.2954337889035519,0.034898042515478074,1.0335614095246133
1.292300960723884,-0.5408313959472391,0.9683254139575198
1.2928716770764102,-0.47182673878033793,0.9577021531841845
1.2933825951529292,-0.6365834273410026,0.8956606796503978
1.2940133651820087,0.09183958368565816,0.9776778587907741
1.2994933254990944,1.5310917502554544,0.8854229424723389
1.300673923050048,2.049650338558925,0.9117986483639869
1.2946210287947169,0.11858368995835297,0.9780631508564624
1.29837246757123,1.1394764556997072,0.9273590203768646
1.2897178762014565,-1.4063927339448112,1.1077887600606815
1.2948068975155824,0.06585106619162703,0.8871302534007274
1.296940507524539,0.8704357376166955,0.9107758585420412
1.289508070860373,-1.3913372340080064,0.8638377927903803
1.2887202869748655,-1.5927084367099953,0.9403881820486305
1.288929061313464,-1.7370513192958352,0.8811082252020541
1.2941629416123561,-0.07844355006652463,0.9020435354282701
1.2926171875715666,-0.3669821442340609,0.8217502605175159
1.2941708828889138,0.030495379205634592,0.9762154758220937
1.2885341336711,-1.6526954603283386,0.9045588553726412
1.2969162265675949,0.6733771333207452,0.940958919110973
1.2970292910349703,0.800778801671198,0.8958752637070456
1.287307982777268,-1.965739354645864,0.7938703462831385
1.2948584736525819,-0.2939701345871989,0.9210241209808164
1.2930189602734818,-0.08257188476801386,0.833233258129874
1.3002040883112793,1.712566270272214,0.8917418202626703
1.293685169204691,-0.19129334803171621,1.0501585114920717
1.2967043900522592,0.6345184399107249,0.958071703769604
1.2947677038686682,0.08304825872560102,0.9524779169713598
1.2898580582786685,-1.0149949760262509,0.9792323718541007
1.2983899271815817,1.247125176950325,0.9023622019069173
1.2888724536670515,-1.5824307952374916,0.8662358969741759
1.296982585867163,0.531328162993941,0.9658683590001244
1.2901626576030931,-1.0701307271718967,0.9571707194700075
1.2985196192226567,1.0163142774051737,0.9640321121702756
1.2872297760943747,-1.9005937593772662,1.0420545768343545
1.2957668887693188,0.5084940085582397,0.9708337935926064
1.2920519741936638,-0.5259511630918893,0.8839375232641503
1.2919570927418091,-0.7789153919268014,1.0225734498123522
1.301069477700489,2.0009382148983446,0.9478445476836976
1.2911919248350752,-0.7301041249804189,0.9787172361108751
1.2891909098600718,-1.4654264469659215,0.8243780071873726
1.2965838766768554,0.6937669151725264,0.9689583990625762
1.2932717890533378,-0.2966284962805402,0.9370106356397577
1.2936838219098343,0.029100464279389948,0.8541694243390081
1.2946950560623685,0.12128998677570263,0.9351710858806304
1.2919377401437409,-0.67675388273254,1.0302745572667997
1.2879811712462337,-1.8237279977168155,0.8497219736250272
1.2933728323849802,-0.32952167758302997,0.9197274906358311
1.2943076199714876,0.2386967250019476,0.8297641723561106
1.2902596524230352,-1.1588622854960042,0.8724209646270832
1.2988264953169801,1.2429323655346205,0.9412204377110618
1.2983554620875877,1.1401735937532507,0.9505371907614611
1.2917308661813747,-0.8929594395603083,0.9051551466737885
1.2868821305502105,-2.124748554532417,0.8749270813640437
1.2896689292115555,-1.2978911083604963,0.8436095290661766
1.2895999006031311,-1.4063229519928593,0.8915800449731961
1.291651549341,-0.5719933712632163,0.8723116238863843
1.29011789414106,-1.1868871088841007,0.9645745626132309
1.2933139184585418,-0.3666804656841944,0.9274129652528442
1.2891120419308835,-1.3874814791104042,0.9250259736786803
1.2893640067280783,-1.298036367028819,0.9059968181874155
1.3000007687816153,1.6600943642380468,0.9842631559024255
1.3014215373275266,2.159534559850131,0.8750345890369768
1.293626674543036,-0.18651222314139648,1.0346083121224199
1.2911424275930763,-1.0107756328669333,0.8420724543752834
1.2965717534884627,0.37143818308554066,0.9842619110246634
1.301243074312854,2.052234804666385,0.933230761171027
1.2934200633429502,-0.37836124060069,1.0416206657544949
1.2918066260113503,-0.7927165511245514,0.9386122924084339
1.294902033863232,0.25976203260809233,0.9104141695464726
1.2893687024219478,-1.6007064596453207,0.9104995668474154
1.2940440439659013,-0.22788943900863043,0.9395340888475688
1.2913050540620399,-0.800731440475383,0.8619553157712682
1.2942073949296187,0.09758698967543965,0.9396301281701396
1.2995885326412548,1.1767802445723845,0.9405566919953253
1.2965114708824748,0.6754653170687511,0.9100708581747171
1.287317851980915,-1.9278834850417468,0.8679568939618157
1.3021660919452098,2.358427215855538,0.9622851142107672
1.2935392789571962,-0.3803383729234584,0.901661217652193
1.2999146033994482,1.6409548764562047,0.912832150228163
1.3032235747502263,2.482007046168944,0.9307095175010702
1.2961441475696,0.4979931920179605,0.9833908727227731
1.2974791193495732,0.9077652611930017,0.9599278500846112
1.2867643927773293,-1.9417994604853595,0.9252662459575062
1.2935695259349749,-0.29727832590785425,0.9490360683823155
1.2886342340530188,-1.7153495153235818,0.9149790003271264
1.29307781536283,-0.36857405968817475,0.9107861706789763
1.3004507186051601,1.7658062046458334,0.9042323129259737
1.2938955172105093,-0.11944631585919352,0.9392698653849708
1.2934960140424803,-0.16815499664170686,0.879903389953803
1.297263407233769,0.8337684505144938,0.9185102616673912
1.296767033060325,0.71100430991368,0.8934602733389179
1.2882176625181028,-1.8910588270219895,0.9425849525668397
1.296985830864048,0.8705939860841647,0.8732157141417755
1.2977781664872001,0.6573492681106188,0.9999177684374659
1.2932468105592858,-0.2050052250603624,0.9704389889258231
1.2942943788146453,0.020858184067016367,0.9259109092949906
1.292182189342182,-0.5100868741474874,0.8422799619218742
1.2871027213375283,-2.1106400769309106,0.851670608496343
1.2926771847304708,-0.3666177799235358,0.857470155408689
1.289685334002919,-1.2140218961371876,0.9402663432621051
1.2901982734075146,-0.9316481196502412,0.9634253731941209
1.293489870010894,-0.025483026552983044,0.8941820854566364
1.291470130760878,-0.7256249061357435,0.9583860580881843
1.2907195718698063,-0.8865190969710802,0.9182988617030015
1.2959186954625117,0.13816792869969405,0.933962276376944
1.296313662023097,0.49555460091257214,1.007160008118202
1.294653448596236,0.08247648144743966,0.8817256351048522
1.2984641549366471,1.195018285201256,0.9907194945974541
1.2918206390392186,-0.8685575079402175,0.9856150697482857
1.2959247029269512,0.5923149880730164,0.948715967815573
1.287595069937496,-1.886977434624244,0.9999155939386413
1.292122772202074,-0.46305705201435554,0.9350758106477823
1.2912821343393293,-0.7637077434272852,0.9339356617362875
1.291852578984864,-0.6563368828364681,0.8284404807653893
1.29677439491267,0.7277329044233152,0.9573416879719217
1.2915038061660122,-0.9446801695666908,0.994369904446538
1.2895928755697947,-1.387856533197522,0.8436973748872785
1.2970409084999177,0.7302525438632148,0.940430278323547
1.2988933637529867,1.0348247989067956,0.9327015120946472
1.2990585773327015,1.4102879912141393,0.9666059258034753
1.2937598651405802,0.08910478277198948,0.8780500585438262
1.2955408182947612,0.10641092515099114,0.8758615274344934
1.2947756169070122,-0.012752103265258904,0.8985911604756998
1.2887203854772367,-1.7826177583041345,0.9494215865697122
1.2925694394364133,-0.7549991076340612,1.0069391081430559
1.29116798168048,-1.2610363380009972,0.951997391699988
1.2927978665367748,-0.6561977096329736,0.9716309994253997
1.2918498013308068,-0.7629400285862026,0.9017632378372741
1.2923984495323486,-0.3570271417997141,0.9641772938097215
1.291367466899423,-0.8202082725745157,1.017301980773155
1.294329278195424,-0.023836065534220758,0.8989475020696635
1.288790096849626,-1.4477360814891824,0.9808049063263039
1.2941494855230171,0.02796065194556993,0.8486203112476031
1.296085341057714,0.6140770801695035,0.9721483834260445
1.2944142011373143,-0.0452460537659971,1.009164334373382
1.2939568802809054,0.004314141783858947,0.8139266683722769
1.2952111073437225,0.20535128664296115,0.9143046926890754
1.292904150814433,-0.12402053947959972,0.9183776860977919
1.2991743614990847,1.2807140403890411,0.8317858104366448
1.2898655841248008,-1.1198184840929337,0.9499987818789071
1.3019606541058917,2.1964768462803406,0.9026608738304236
1.2927424908830674,-0.5470159379466442,1.0315398557238995
1.2911129837787507,-0.9625811598747069,0.9158943714862252
1.296546424030161,0.5163835054874248,0.9968242253178501
1.290694307357664,-0.8531638270301443,0.9183778436121623
1.2969373895210434,0.8162936209636535,0.9246679568274384
1.289667770617358,-1.3420797485371794,0.8692356219902699
1.2915276849233355,-0.7597481264787023,0.8475859402731242
1.291268324447819,-0.9057800994225206,0.9859227016493229
1.295378284101232,0.3594653130728693,0.9446436253525581
1.2899182660786608,-1.3033723976459957,1.0476012562111063
1.293263914971055,-0.23287629409951915,0.8365959075964818
1.296165256720005,0.5566072620036242,0.8593124363496871
1.290502735589551,-1.084247320888804,0.9718172609957565
1.2934035315091814,-0.18435929259362432,0.9738589477161347
1.290216367720194,-1.2199511374795473,0.851532560605248
1.2906603471648406,-0.8662561163941288,0.8950625239793158
1.2987538119685467,0.8892889815125429,0.9600240298649227
1.3009968009203088,1.928711643692604,0.9219318878784534
1.291972872487395,-0.6389317500186258,0.95244504612262
1.2984764757127552,1.0151490787079256,0.8804460910436509
1.2911844663687884,-1.0481309063698767,0.9755619549002584
1.2909499218173677,-0.8704170281463423,0.9589738950758334
1.2912511656954833,-0.8717004900542114,0.8390738574671996
1.2909261675448402,-0.8720781886991597,0.9688523341606903
1.2947212848138405,0.2767815710180964,0.9253862728144554
1.2899302890058673,-1.3523136234113566,1.0374724328118525
1.294066159390042,-0.2213523816911913,0.9892587553514386
1.2955171166798418,0.3828149019387432,0.9831403445036346
1.2971291978951052,0.7086262401428929,0.8605449727298786
1.289421899571848,-1.4378636166546905,0.8687266248559009
1.291293592865026,-0.8442671608173993,0.8809494218220625
1.2978704056580805,1.1190963777659666,0.8915583624667319
1.2995547681128725,1.5144780089003913,0.9192849897859275
1.2946057308088637,0.11430706548610049,0.9260322683518744
1.291610923881199,-0.8034435468520538,0.8468339556243875
1.2945137648184473,0.20824793626950994,0.9191861172846825
1.2946784272832246,0.006027373768587844,0.9198662708501676
1.2885300665896193,-1.8622026828572784,0.8646435797677747
1.2915979169225082,-0.779726227573312,0.9786955203619923
1.296477975361368,0.6355906524844898,0.9465832111661765
1.2903307128231745,-1.0681168529493905,0.7994141626398954
1.2918060467066255,-0.8474893996434706,0.9067489369044309
1.2918365779181724,-0.6536735099643086,0.9488991595884534
1.2976725378294558,1.0262687331612836,0.7849844849874383
1.290484931842662,-1.2053765837330648,0.9146795490706354
1.2902897029543723,-1.058304907932626,0.9497206729200428
1.296213552554416,0.6029385335140643,0.9052671892887171
1.2915636794438334,-0.9925847645049616,1.0505547438217917
1.299305679686363,1.3884984671874885,0.931656927654857
1.2887899663771538,-1.5380581064207817,0.8497466212886192
1.2913073585272996,-0.8324272399210448,0.9373954430666971
1.2933831147145216,-0.41619150360801604,1.0114292974418382
1.2929064221041333,-0.3703315325060606,0.9037868133907984
1.2935989622339144,-0.10087733930557741,0.8314865472118235
1.2927493873525693,-0.24018309226579573,0.8655778089436178
1.2887352167808912,-1.5201238910394015,1.0125054461184901
1.302827608502444,2.4992786040892976,0.9066701107972885
1.2896724011228693,-1.2422910870334096,0.9572730360320582
1.3027582863857226,2.3747812010626443,0.8950185751665798
1.2928570862379851,-0.47287541962794455,0.9856041726349118
1.3000147969736404,1.5842705491607316,0.9862742488513748
1.2996598423173262,1.1196556118503171,0.9494636811444098
1.2910463420226543,-0.7462003350357997,0.9672631542938583
1.2950681531399375,0.2627120661002183,0.9515511066639958
1.2953253566153575,0.2799869322045689,0.8735828367116523
1.293156755284069,-0.3263821086230184,1.002420019971899
1.2920707514356116,-0.529268739087485,0.946143239472614
1.2989943001107565,1.2814821931152884,0.8764482303405464
1.294633670909553,0.2765983687884354,0.8817118970051799
1.301207026263064,2.177890004158251,0.9050046385982421
1.2900276005021079,-1.2320704885152252,0.986354068753744
1.2941776934766107,-0.04704308995904284,0.8481600947689264
1.2952405879012532,0.310357310188088,0.9278149741396811
1.296324202255822,0.599189208844966,0.940348317942935
1.2910768099099124,-0.80979247398036,0.8173536999450067
1.2925362467295414,-0.5560581009454687,0.9325854763270651
1.2983237305619668,1.2118196651568702,0.8923252766126303
1.292580621802798,-0.4023532803509397,1.0284924257924744
1.2898007501658975,-1.1210310163672512,0.9124930462095225
1.290119452159576,-1.1384339849657428,0.9898673986687047
1.29615633473658,0.5480065413394712,0.9105131639643095
1.2870389286272081,-2.039129564824314,0.8976025185582445
1.2886591367972522,-1.569264591074916,0.8282709184843955
1.2913048128688298,-0.9085177802247857,0.8813609570579678
1.300155809570847,1.7318702100532979,0.8901443562868928
1.2986385362068706,1.3563069766440774,0.9482181262152721
1.2945446203359463,-0.0773688780972605,0.9237464699289276
1.2936076827038128,-0.3681914164275908,1.0532404908074746
1.290633278139816,-0.9381031942430085,0.9140089390577355
1.2980437467130759,1.2622926321474262,0.8865867877179238
1.2940741948542709,-0.13298733072765143,0.8754189086031737
1.294054426519349,-0.07658542448472189,0.9424122875084449
1.2956300006179378,0.4593075683212261,0.902016821800501
1.300309455266463,1.7852184007294047,0.9138607728829947
1.2956404074663832,0.3353164053042079,0.9109157059419104
1.2957931147256587,0.38707119777183024,0.9583986534063057
1.2964165243681998,0.6034613356426167,0.9559364906604662
1.289627551507653,-1.5755507117377374,0.95216969111762
1.2998060906635673,1.6965358205628596,0.9093557329015969
1.2895759172810786,-1.3209227950447417,0.9830782189064841
1.2914983774381283,-0.7586429211284311,0.9463638283520382
1.291910188952221,-0.7403485708230925,0.8746417220889291
1.2938107238400518,-0.0988606447115023,0.9600456851176856
1.2923020110388082,-0.5462419881948836,0.9755873875715276
1.2995084006286741,1.554259252549303,0.9650275034344905
1.2960361424249986,0.5252906394863925,0.9209204257247305
1.2912047135227787,-0.8162912677166452,0.9173441137136377
1.2933510842155687,-0.24899820124215197,0.957274290282117
1.2940535878141441,-0.13890560254347312,1.0122808401899708
1.2962343357738966,0.17698839305558012,1.0049884087213703
1.28989240984588,-1.4063166793629813,0.8637648774536968
1.2995567912245563,1.1949312638306702,0.9524190398690507
1.2930879446253063,-0.2766829054774868,0.9225212586263661
1.2962294742474187,0.4776278620834978,0.846279174477174
1.2901891515767512,-1.1033769485700617,0.9635113168412457
1.293336470884203,-0.47894645237441436,0.9645097621351466
1.2941095924318096,0.10293738559704899,0.9540664301189098
1.2877008457986237,-1.8481796108092474,0.864660511581915
1.3006436938082977,1.8926656821133971,0.933598126482921
1.2936089282622631,-0.3836735904433844,1.03428685406938
1.2872068508206291,-1.9988877954874145,0.8608374953125387
1.2934421989050173,-0.29406139452466123,0.8630604928660288
1.2938655288665895,-0.16684372338758668,0.90406838694168
1.2929553663636109,-0.4092580877384672,0.9867195349608993
1.2915203110132316,-0.7306169575548378,0.831970004127783
1.2998259742417773,1.3170919880363292,0.9368902465473044
1.2948132782456951,0.24207608100926423,0.9358418737364183
1.295982392017651,0.3010712734252745,0.9815884292549593
1.2962468406559036,0.7088024698087488,0.8738217346044109
1.2913423598007203,-0.5534607097864911,0.8604826167213303
1.296235633208499,0.40812370142629006,0.999615713563648
1.2973596153235833,0.6387956459876304,0.8881443156710715
1.2925545803644398,-0.5809734562264958,0.8995125020280811
1.2956668367177255,0.24375224308593302,0.9478532108264468
1.2933049775120298,-0.4389279132971235,1.003091272698003
1.2905198287559179,-0.925268383767563,0.9508903268852532
1.2955183047458072,0.1872382032823739,0.9389400194943982
1.291584110022764,-0.7583806422427225,0.9705159165434111
1.2891936792013623,-1.403424828236265,0.9664622495466517
1.2932412534856499,-0.32892874883710227,0.8883230857196728
1.2936927140475623,-0.25992654495545353,0.9965890357471717
1.2955981888499526,0.3846165630950355,0.9731071821560681
1.2922627663250899,-0.545082849570016,0.8768260932959201
1.2951086004668515,0.33536334591498757,0.9288019618225141
1.2889566273623785,-1.407949103134127,0.9253832667332892
1.2888757181731127,-1.5337646398399232,0.9981804321029742
1.291019619280526,-0.9086979541207422,0.8186426017889789
1.298767126674091,1.1720072277853624,1.0188832826765073
1.2949975578542,0.17592714667270926,0.9883107257027173
1.2985880549337658,1.3190233626683978,0.8804874744438492
1.2933241775831117,-0.1752234528783358,0.9725279224109974
1.2954644147350551,0.28314427239522516,0.98008056840803
1.2981795376711025,0.9723905155562294,0.8480125509990908
1.2919535003724996,-0.7925699840819157,0.9690780419045125
1.2909892285733526,-0.7588237742641057,0.8880787089385449
1.2979404987802055,1.0484294661032512,0.8600973937232679
1.2931604671842223,-0.11462298006756078,0.9276611570188334
1.2980871676286123,1.2647095154246795,0.8840884262384013
1.301310169300845,2.071694074824939,0.927698182699224
1.2891145086263098,-1.4662150765556414,1.0401071083128894
1.2901587728227464,-1.1591166160618673,0.852092533586836
1.2949073594258906,0.008352719949766498,0.9219153999535746
1.2894506491187614,-1.4355583356448935,1.0094087426138147
1.291962133731235,-0.8441265507064277,1.0175075007970817
1.2876484164093478,-1.658491248814287,0.9335629219759903
1.2954729598891883,0.45869867452177154,0.9154923323662052
1.2928866011833577,-0.32824679370133986,0.950517959813733
1.2891807385882583,-1.2753022543291068,0.8455253078071386
1.2934438780049653,-0.06606600126960682,0.9352988830003971
1.2960768812970107,0.5502041318783211,0.9720343689647452
1.2935923376024556,-0.04746101118375528,0.9093142491649415
1.3011043399517164,1.9828183974141251,0.9179208023796235
1.2955562879451346,0.4564652792999389,0.9111632653768398
1.293292460996529,-0.5809206866250809,0.821022120240219
1.2995869324877256,1.6625818904500878,0.968398798768888
1.2928771479451753,-0.39943304673799734,0.9721534952140828
1.2987152831485094,1.192162870204329,0.899468289092735
1.291092138951972,-0.8712872586956327,0.8454257030979321
1.2920645317482624,-0.8154818364458197,1.009994289406054
1.289029937125723,-1.552459081121785,0.844816405584088
1.292770818681473,-0.5187027455533355,0.8878571284266663
1.2947884289196876,0.06614929456765774,0.9547940855674839
1.2900717507226567,-1.3641752395113143,0.9355210296167044
1.2894599504505555,-1.4575765030403944,0.9053981577063245
1.291067011250394,-0.8924731426674053,1.070748370367981
1.2970475547829459,0.6902070979025461,0.8934460714852023
1.2951640583620818,0.1717110020204726,0.8681838209118448
1.29503065082191,0.20790477786506167,0.903029397154027
1.2960643825302294,0.27890552830661797,0.9641372828821548
1.2935177298024552,-0.1326054166153561,0.9472429558520444
1.2982264492508238,1.1418009755409195,0.9042730614162161
1.2949536273585684,0.02921270498324882,0.9399398910831397
1.2965326976969225,0.7594782521973373,0.9229653516590306
1.2942366755444163,0.1862349566418257,0.9566653406266304
1.296130163381635,0.6568831146215166,0.9396229159358717
1.2869664248855608,-1.950165847739795,0.9732024404109311
1.2935174048354299,-0.029956496943781042,0.8800529142997814
1.2910357115526536,-1.0139498090486148,1.0419573447898511
1.2936051316698143,0.023745085330011677,0.9391769953102719
1.2995177475534185,1.4600091743632428,0.9572405365839739
1.2989593843688167,1.355994702641707,0.9308282506090325
1.2915427026300006,-0.8247896436135692,0.8788577532038012
1.2969755443504931,0.782840041246945,1.0001663934356777
1.2876122304964464,-1.9605353695180763,1.0322350643493574
1.2913404933556236,-0.714020022355504,0.8260492412402332
1.2966207928998734,0.3717093945951353,0.9806266630413059
1.2920725506941475,-0.5255656087762343,0.8984128164545493
1.2941092397371774,-0.17346331097973616,0.8297641904814759
1.2969273679648066,0.4794226066238986,0.9416345039336327
1.3007659669885117,1.8378823166632392,0.9655341291399541
1.298271384216572,0.8540271537754716,0.9522466001383058
1.2926200158841714,-0.37129465275029394,0.9080369885714125
1.295946841660304,0.35207682574733085,0.959597324454725
1.2938803834812755,-0.13181942113088577,1.0039512472975438
1.2898784026704508,-1.1470055777001196,0.9296570833657444
1.2988744490939599,1.3105375469666396,0.897332899787266
1.296880370465732,0.8900637655134754,0.9229372905314318
1.3006010003077548,1.8733310271012968,0.9039697796327003
1.2959095050132194,0.5298045338296693,0.900978815420256
1.2923367217633879,-0.6095485955832751,0.8037401419251502
1.2985330041345533,0.9806779102682627,0.983447979652185
1.2936360716474504,-0.27582393076469514,0.8535667463676924
1.2951790230069025,0.010310476204048798,0.88540212158672
1.3010594548794314,1.9643334255965113,0.9379929539290076
1.291250314450842,-0.767066953151082,0.9441727023428123
1.2947285704281954,0.10142734565828097,0.8829275366589062
1.2966984331116833,0.5263175697688995,0.9600872675468203
1.293195556918541,-0.1925743837890029,0.9533257566681396
1.298775285670968,1.3560648238150275,0.9034988521030168
1.2890522464753895,-1.630060667398791,0.9135982442100365
1.299014523507886,1.400766817165712,0.9498375648042755
1.294466336125022,-0.04431188773072981,0.8350500419473934
1.2890854209519598,-1.3848068006217622,0.9715056350612731
1.2969537997543656,0.8130639710194698,0.8739924549109694
1.2966613672771106,0.3297678715459388,0.9266021649957824
1.3024750376519794,2.3570870168920552,0.8886621742117093
1.2901388045878053,-1.177170957461081,0.906429798154623
1.2974840073028848,0.9447434889592006,0.9436418353386368
1.2950852126296686,0.20993506961004074,0.9098788023139509
1.2892258161998702,-1.3762357157292988,0.9099357835430605
1.29214782123454,-0.47881027122269015,0.9368120469631407
1.29996086019688,1.5002429420430285,0.9858403018645203
1.3029370147139037,2.5171216682241746,0.8815341522118546
1.2987706030568662,1.1341080758006405,0.8306088775943326
1.2939712942562602,-0.23852384897178605,0.8682842729053734
1.2914809378648646,-1.1015375450826819,0.9625636013754195
1.297603028288529,0.981400125097185,0.9828322042894169
1.2958919201922425,0.5300733761647918,0.9345599391298474
1.2930845388181311,-0.30959970949916066,0.9832922074504883
1.2985288250149796,1.2139364189384636,0.9234613408505223
1.292417324950396,-0.5791314127925172,0.8262210870216745
1.2955270247177395,0.19295653410099425,0.9076956729232145
1.2935758348925344,-0.11983353139353783,0.9303570571548565
1.2914559095773563,-0.9187358476920919,0.9160651617564919
1.291719720943279,-0.5806273376102363,0.8899346726515306
1.2926158095604185,-0.40779251001890227,0.9601248909632454
1.2940365527720137,-0.15197637991467602,0.8955673460260631
1.2932953849556557,-0.4874883760362218,0.9805054012932408
1.2898601233047386,-1.3429508341618255,1.0785766629041684
1.2996895719986286,1.3023339815853643,0.9375778638368599
1.295508079267527,0.5773625616007242,0.8805772763580898
1.2919476386456905,-0.6734797852272484,0.7899941103630226
1.2965803897280022,0.5833625501950331,0.8845039806694005
1.2938617639804042,-0.07835290377778643,0.9782268415301634
1.2996245265316977,1.6227944451819412,0.9597282166289736
1.292518852021359,-0.5162550941270343,0.9195239910194554
1.2977701594869888,0.8360835107395569,0.9229486164712878
1.29494553729316,0.39994975409086053,0.8994495644402901
1.3002406643346511,1.5126493521807414,0.8908350019440714
1.2921384826362154,-0.5629524513428779,0.9484083517379148
1.2972101309850057,0.9045486068924071,0.9581884934324342
1.2985419928545228,0.7778655139574282,1.007929729779133
1.2962314527862575,0.7108792131427087,0.9008239056580273
1.2934517029774524,-0.4873424062163736,0.9773511669246174
1.2994742778179074,1.42955457411897,0.9345283236320836
1.2907734372695465,-1.0685525965734533,0.9745155830981184
1.3005848918430267,2.0774548038037595,0.8623282931474714
1.2970837439003502,0.5449523503992104,0.9755643240654207
1.294047004229841,0.20576898310613476,0.9344733763135541
1.2931095927678717,-0.35593446531476475,0.775757518202476
1.2942323553621808,0.012425685937194706,0.9588627339152137
1.2936067482915954,-0.13783658298921952,0.9055716712814503
1.2893795084462187,-1.5211085498371744,0.8289930806868879
1.2936201039425923,-0.10269676503472419,1.0067586256390952
1.2955244947156932,0.282253999024639,0.9671309620012272
1.3006522905358466,1.9447232153552088,0.8770765426199656
1.2931024519809766,-0.11377069294967303,0.8807862276156276
1.2962558888670344,0.5272331334454485,0.9352702822981624
1.292700376976695,-0.4131272894379409,0.9542768824219208
1.2871397670662574,-2.107357716676306,0.8458280312115888
1.2958110355263803,0.2997173113294819,1.0096085438960172
1.2881271060690684,-1.551300454696051,0.9540693846528734
1.2955353007836232,-0.08432516410626575,0.8971878037742146
1.297570802633509,0.8546094182302102,0.9236005622306843
1.291481246756999,-0.8895125333245721,0.9457333517758789
1.293527578649912,-0.10183250943222844,0.8979405480506127
1.2872731960823816,-2.0158248063007336,0.8645250209090829
1.2936546610167774,-0.12017101041299562,0.9477828699050447
1.298738062359263,1.2234874587938682,0.9170925686832577
1.2955518560493997,0.4199244998655759,0.8401004202930683
1.3024840496816958,2.3767330591129587,0.9412019063276454
1.2911531523587438,-0.9195593183056435,0.9869534824255879
1.2941194713325925,-0.11287245515482909,0.9180396842717183
1.2951269659999325,0.2043882139298655,0.9458888248953371
1.2926600922476001,-0.5323553702892514,0.8821045006064341
1.2965319933382036,0.5471384416346414,0.8983072712418417
1.2957995370148894,0.25797180375303486,0.913975738175966
1.292494830707169,-0.41098780182166716,0.9848228409199948
1.2962110724345464,0.7983268177173,0.8777139601184396
1.295557176289795,0.4550534641512491,0.9301793740514009
1.2917627550023594,-0.7307223133245315,0.9483876432437407
1.2933926031603247,-0.13056493409571837,0.941217806186454
1.2895799946048314,-1.2291037284104633,0.9181446108021925
1.2975125317883878,0.641019604154829,0.9171975605360995
1.2942346415663677,0.14902689774160574,0.8607920190350057
1.295589141663264,0.0835772264159821,0.9538566640471449
1.291495534335924,-0.7901865193210462,0.9303504624964268
1.2950741792978615,0.10185467000626652,0.8903517835671229
1.2884190518110585,-1.6187818766328377,0.9910878027577826
1.2965815761576638,0.4194931149901036,0.9495260883610886
1.2970069600156047,0.8701409397691842,0.8883614699264586
1.2976235845571766,1.0280983797512893,0.8830447176110598
1.2927033937648387,-0.3818306633712599,0.9284306047348978
1.292103466825788,-0.43757142435532703,0.9264758584012251
1.2962862335641998,0.4210385153385258,0.9946550428366235
1.2980047956996261,1.088047861607593,0.9325749758870558
1.2950711287346781,0.15648819857191346,0.9458735452120804
1.293846274844188,-0.2553122314266744,0.9556740566170812
1.294342569748546,0.006208772930473623,0.9044515015362785
1.2961245585124568,0.3296240940441715,0.9234235549822608
1.2909207762485018,-0.9973476230351687,1.091902991437534
1.2908533677928042,-0.9390484744326733,0.8321319489723055
1.2889215110863428,-1.5137421059156466,0.8794595313055704
1.2933793330884797,-0.04384198923606799,0.9146855969277636
1.2945675049318712,0.13853087163947525,0.9435661244624273
1.2976174287506705,0.9268288541583815,0.9335073770946356
1.289119238840672,-1.729742589163743,0.9295489319843298
1.2937540356564783,-0.08464639407374008,0.8076633552457453
1.2909902744253663,-1.154105620890471,0.9861009769589483
1.2965459656744354,0.5658897442353708,0.9152987860147455
1.297258184798167,0.7441455636673406,0.8548071511906524
1.297137213605474,0.907024485015736,0.9268847004770081
1.3033971831105489,2.4800356275820112,0.964760174351782
1.291997636650346,-1.0639640465506408,0.9874948000980929
1.2964647918072154,0.5436086105285417,0.9019355949163675
1.3011426341884402,2.036755122338375,0.946773404525877
1.2975644385017655,0.783032911518842,0.8560931181416706
1.2911629939738354,-0.7636728674654398,0.9277640180186877
1.2935389775928416,-0.4346016605841171,0.973045736083131
1.2931894738632401,-0.3909245705965482,0.9393762204605984
1.29888757611567,1.105933502432496,0.9657511849710778
1.2971833672918756,0.741535910135406,0.904068211387429
1.2984089902426605,1.2135362061292987,0.9635519246987763
1.2918474137435922,-0.7064020458964354,1.0059623118642822
1.2952058965195672,0.13496612416939116,1.0096122914509236
1.2918698622885967,-0.6036747593224582,0.7602968891652923
1.2953630656966706,0.011152698174001118,1.0475397926348253
1.298319740393603,1.2304858927800346,0.9484248420407998
1.2989968345330334,1.4453265378450388,0.9077748205700378
1.290069046962296,-1.3455092250434268,0.9409085956262091
1.29126729127472,-1.0249482856084893,1.0576709855107076
1.2948284677899307,0.07969590058718663,0.927048034769518
1.2885440849119878,-1.5573455272348788,0.959210965533282
1.295567259496855,0.33027116062922485,1.0204726341886057
1.2933081224303962,-0.2970107958762343,0.8537945746465799
1.296346949559676,0.6829467306311217,0.8973691521957893
1.2922572511751202,-0.6925513678547025,0.8536138355278691
1.296588074376328,0.7831617749252329,0.9304463503765175
1.2989051978608004,1.3006601977867405,0.9411948428133068
1.2915499423618297,-0.6338324637610477,0.9266979657680064
1.2991427722720628,1.4276890554653614,0.9459506431213847
1.2936949127611141,-0.15928702381859924,0.9332349458804269
1.2919972464768803,-0.8176462527449004,0.9110291907074065
1.293137762396143,-0.15198527488890853,0.8915703240363357
1.2935576606028911,-0.3444725412818678,0.9463822112663488
1.297379941160856,0.6594554082051391,0.9770960954832707
1.297979221824869,1.0878456424022325,0.932399721316872
1.2958456164712777,0.265049683108522,0.9653186001415027
1.2956350228663678,0.5255550915373105,0.9113849197975848
1.2983704424817393,1.1515819113587011,0.9212306416319053
1.2899947378585177,-1.1443879524846106,0.9370626913905389
1.2972299390020234,0.8545917643422078,0.9060254185542571
1.292295004102552,-0.41919496525980193,0.8555236380719168
1.2875940431014494,-1.99015009932008,0.7874545927461384
1.2927502105786088,-0.6903827451927105,0.9136363850129143
1.2894999158325768,-1.402933761557138,1.0447114859622837
1.2959847673035056,0.5122717426516891,0.9299833915248576
1.287997486047986,-1.766963076048741,0.92070739868235
1.2902651009451263,-1.4490567459649042,0.8586032208615327
1.2895096735792244,-1.3960165091949925,0.8441097669579734
1.2923635245242502,-0.7294068839118091,0.885329311831773
1.3000582521477149,1.5518014029232563,0.8778862831177725
1.2981325368840335,1.0513516029722165,0.9412414961438498
1.2898195745791932,-1.3616699470782572,0.9188580986917342
1.2938946706663834,-0.11564121343824879,0.8532235328053027
1.2950154864447334,-0.059290875175004955,0.9681249384442481
1.291279580594759,-0.7284387581941002,0.9315694057737902
1.2941754499288098,-0.054233345504468206,0.8271917034740112
1.2946780660215762,-0.15734158548350288,0.9269809868841952
1.2970024053696774,0.8382646509794925,0.9573648981017812
1.2896520532796434,-1.4316593224525425,0.9517242648620059
1.2944151015683045,0.013631675065303066,0.9564770302506467
1.2968407970571425,0.908222237798494,0.8919961751346003
1.2918399655133341,-0.8214765007994353,0.8866907065137025
1.2942066466561375,0.045382827330783956,0.8756805987678947
1.2957902368272947,0.41618375272318614,0.8982327206745195
1.2932609672534732,-0.1780790176325336,0.9057196651726827
1.2941636347387266,-0.09395820161106375,0.945390691869849
1.291802807830184,-1.031121047213329,0.8812041807730036
1.2939992004083276,-0.09935208022690228,0.9017725949973757
1.2913285368065195,-0.7830769051925571,1.0004372539931363
1.2931118830968786,-0.3374212265040028,0.8882727649173271
1.2935814813670603,-0.22745597286822689,0.9653691407040177
1.2884087454934148,-1.6721867618834485,0.8498959970696394
1.2934581430672196,-0.26184554325788434,0.9117610934851562
1.2987377434961536,1.3556700854884665,0.9166821813541605
1.289985585405344,-1.117281760371405,0.8695504743225817
1.2943551568514509,-0.15222812151278803,0.9187023451903918
1.2968681178106962,0.5467345071708315,0.9054591905412271
1.2890663150112533,-1.598679877006008,0.9319036084633157
1.2961895624968207,0.3461388789414483,0.9093262685059823
1.289147032084783,-1.5868810083523364,0.8602268816203926
1.291484448881425,-0.8873087242516841,0.8873941735054707
1.2998391687327528,1.607371566791202,0.9476986737593859
1.2926957732429971,-0.7324327216665679,0.9365868168349382
1.2900844381997745,-1.1423432680818262,0.9915770171890592
1.2946608487025353,0.06317354954797785,0.9219248008376334
1.298536296251522,1.301206022053501,0.8965216070785701
1.3030605927197338,2.430695282906645,0.9571465053252125
1.2991515908727989,1.4450993459647905,0.926252238063565
1.2959722506418827,0.5638367220218433,0.8367982900814703
1.288495515248945,-1.5775156631196465,1.0355818636054035
1.2923459111623246,-0.6376135654225512,0.9546958850603404
1.2977668645580653,1.1582870584410563,0.9100576495422729
1.2949615562920291,0.0968400169927054,0.9978362808929617
1.302561794096299,2.2321346731910956,0.8778133149396148
1.2986432226551436,1.230391510736702,0.8868785803027335
1.2952530284162356,0.01279013368913226,0.9531224821441336
1.2981287631134588,1.1217313117594774,0.9368857918692302
1.295080063161991,0.25841495423163785,0.860220058892964
1.2892246487878074,-1.6023592763690202,1.0220648796583993
1.2933288878289586,-0.34589576333199074,0.9070542444127868
1.2969559439132838,0.8893270361463309,0.8954011252468765
1.2940268005683773,-0.11872768170214937,0.8940157338944515
1.2953799098025878,0.3313644301570081,0.8954348978060965
1.291403505030189,-0.9290936677395958,0.822158645309239
1.3022289612592546,2.338116313187072,0.92425497641199
1.2989663389960315,1.410239385986253,0.9270863472505945
1.2906485859939303,-0.9546907633134529,0.95190441014705
1.2893889689722147,-1.3668556671534664,0.9622236451158868
1.2941230928258236,-0.23889395159523905,0.9221057860643738
1.2990973749315233,1.4445330009819002,0.922343006782515
1.2948940413442935,-0.014095972584289596,0.8872033927671867
1.2965685717063027,0.619764941256058,0.9873841999093197
1.292688001934731,-0.54092939988021,1.0192230135933094
1.2911092861942672,-0.9076576800084881,0.9017823462193961
1.2987402079697459,1.3378510877271412,0.94413922146122
1.2930999262427083,-0.4359443856869247,0.9867877615360539
1.2980558387774541,1.191510448020451,0.919471116861416
1.29980498961449,1.2494089154070387,0.9150487351402935
1.29623183175036,0.5477882792707663,0.9023583975791107
1.3011837251649074,1.8399431995549702,0.9915807672059962
1.2982186858095826,1.1785508624733891,0.9451277456059584
1.2914395781449004,-0.7803860719297765,1.0387978363912904
1.2960876660519147,0.4564593452567434,0.9778842316782794
1.297242033502523,0.817810718216731,0.9209220178179879
1.2952179832389465,0.20992361295576312,0.9277346979651158
1.2948231690949772,-0.1675221506672703,0.9771580071154897
1.3002474819752285,1.7854343375554056,0.9366008089166826
1.2904163317165191,-1.0277614894805303,1.054673791683543
1.2939635435211874,-0.2546341804338773,0.973003382396612
1.2936777670636834,-0.3679199667737946,0.9704781359972031
1.2921747660393532,-0.47236873517085975,0.9154536526520448
1.2929171721429278,-0.25101809604871717,0.9785227132464112
1.299907655442594,1.64291233783551,0.9210355180080386
1.2940071307032412,-0.12986821723766756,0.9800791109010608
1.2967499244645133,0.6865796425808104,0.9561325186419068
1.297407604179001,1.0145899531657931,0.8926101170997209
1.2891366544623408,-1.4460016969659208,0.8383890080578794
1.29402277219228,0.04832186250684676,0.8869216689580363
1.3000296068411044,1.7834342331821633,0.8683838353976304
1.2895250655219328,-1.6388283324656097,0.9451110917602047
1.2993084621176954,1.4975559043429465,0.9854295189006055
1.294215769850337,0.04185808176500383,0.8833716361832366
1.2936503479293227,-0.261941472994552,0.8195914335692794
1.2924206559278861,-0.66921804520257,0.903277856372271
1.2941807899902167,0.1536267489332482,0.8781646855305018
1.3016823582584558,2.144097892187705,0.9489447612756127
1.2978501697799663,1.1766719031342072,0.9182334224240071
1.2908095592148663,-0.8689246880778202,0.9728813228854687
1.2912217977274194,-0.7008798869578504,0.9378048326052535
1.2911596913208823,-0.8929881229336505,1.0220522979864985
1.298674102765491,0.799254495013664,0.9606809102546486
1.2997381811382738,1.6703655112496958,0.9123063483726314
1.2923254674250895,-0.47918800371478887,0.8386811079785346
1.2970270876313796,0.6166889277134664,0.9662308689372195
1.300292164042769,1.4282082753329834,0.9271235294114735
1.2955279027811581,0.4179975062620527,0.9082717254496083
1.2962369262737774,0.48714598774617157,0.9390734220308791
1.297803547573431,1.0134302220924425,0.9086984485847645
1.2939226784574482,0.04150470245377835,0.929357447953658
1.2884904965423778,-1.5595352885935694,1.0056165378544748
1.2993702306504729,1.4275829519222611,0.9364833357993584
1.301253384004538,1.9984760931982186,0.891253386306788
1.2896157370824157,-1.2553783756466388,0.9438892611441007
1.2918063696485977,-0.5357513799520612,1.0063969973361773
1.2913245786264393,-1.0684634899444012,0.9914436833914807
1.2978519912530864,0.9905272205762184,0.8264810598219138
1.2899661100987243,-1.2140323096495176,0.8762546969589777
1.289439146773144,-1.328807680957002,0.965407509265591
1.3012436171904491,2.036716807485577,0.9468583009219248
1.2947032014304323,0.2562388414621853,0.8708049958167476
1.2928775246867128,-0.5056416327021751,0.9406872990592424
1.2933720281664973,-0.38813873851230113,0.8854024834543598
1.2935835932952793,-0.1537081384110434,0.9584963629346568
1.2931248439800733,-0.2654479438177908,1.00094722330148
1.29827214299609,1.1019887571759077,0.902230394845041
1.30288490536129,2.53492231774323,0.9130689241028825
1.3001728612460677,1.8014577673898986,0.8995264305895752
1.2936071735039036,-0.24319743418917036,0.8771667717405481
1.2933188313271893,-0.23818549084493576,0.9256112725032055
1.291042838565253,-0.8360370475053313,0.9898863072171157
1.2904048707391922,-1.0476599731025047,0.9818922518901445
1.2906088946763323,-0.8892191422367538,0.9519962902338293
1.296097601443954,0.6359144097493931,0.9089211995792801
1.2941305905728882,-0.17554440522548723,0.8827902798292206
1.3030294829408073,2.5007647108807416,0.8984330167941689
1.2938234999588443,-0.09547349617732367,0.9071654948241342
1.2969750849233663,0.7708950409626322,0.9562588396255898
1.2931883133145785,-0.23878976796577453,0.9539610132296598
1.2902793162373773,-1.0856552742768482,0.8796762036081229
1.2991849934414201,1.6058229985257124,0.9011664714918703
1.2958428208656514,0.49108813276427327,0.8762482901241357
1.297022437606836,0.6908936870973994,0.8753374568000519
1.301161735714008,1.5323722454334154,0.9250079366860381
1.2947200744493257,0.1691265285045431,0.9838897074682742
1.2939693567139883,-0.1888835875572103,0.997629064865779
1.2869381548982501,-2.0885561683040104,0.865583897569627
1.3001228635713789,1.748526686378485,0.8736696217088235
1.2907773111823986,-0.8561417506124263,0.9204019782103633
1.2975275353402467,0.7480969339544983,0.9147618223276531
1.293454180220244,-0.20610584629634238,0.9044708254130445
1.2938130575530853,0.15083442503699737,0.9504655372334614
1.2896580665879709,-1.2301092820540476,0.8709787983577838
1.2961798128262751,0.567257625312665,0.8834904655100746
1.299455943528621,1.464294454286737,0.9507806884135165
1.2985274155224378,1.1158517248107138,0.8740896666635484
1.2936519090866336,-0.327997619340721,0.9744890265773045
1.295011075404724,0.2933591699486968,0.9112208182306425
1.29196170543373,-0.5331384641449642,0.9291747175712572
1.3006752304956433,1.890854215824253,0.8851170654232633
1.2944988213887738,-0.11072593057221712,0.9957671376370258
1.2962338545501983,0.58523699325469,0.8610817399155405
1.2958321928430554,0.3855286089161711,0.9797133732392281
1.292911263862732,-0.2859905738828289,0.9203449516111991
1.293369564792129,-0.4532758655954141,0.888822412278287
1.294157470616559,-0.1825659099677551,0.9626511674518007
1.2951826200548493,0.5403805314639802,0.9530884554047386
1.287698705218458,-2.049934713072731,1.0666707125604815
1.3026754887695309,2.3948177883434063,0.956416506659427
1.2963845567277146,0.6041630072134665,0.9463509654300032
1.2973922604172818,0.9611938911731167,0.9542984030527054
1.2916644780027193,-0.5516082089100559,0.9793429168449278
1.2958528115164012,0.3356504391868328,0.9628793451327058
1.2935641882360147,-0.3273690132460179,0.9289878053622639
1.2993655027714923,1.5167559390737322,0.8933418453625444
1.2876834760761866,-1.9680092252807844,0.8684250930608908
1.2961315452421016,0.48987156800574094,0.8973217923449792
1.292292628701872,-0.7031335770021966,0.9763973248629448
1.3025858243531183,2.319298421107139,0.9537376475550732
1.295929690074968,0.4258841565257849,0.9702629189105367
1.294413433395243,0.013310189633995302,0.984486019724321
1.2933295760706809,-0.5415089179638348,0.9485306176455484
1.2889858245843893,-1.6925956147199943,0.9368116422922844
1.298428594419909,1.2125874495658495,0.8803336260238603
1.2959973886989005,0.3894441495459381,0.9825920933518036
1.2938646114708587,-0.15591619383467686,0.8567212739061081
1.2996564981316867,1.5864867264485005,0.8629665800716761
1.2880670011136197,-1.7458691965163777,0.8385167409262432
1.296903817687709,0.8884612436368174,0.8820405561656943
1.2906538823897211,-0.9902278340771995,0.9442138949867721
1.292385811672097,-0.405648029826119,0.9105697074700434
1.298331775029938,1.2828543789031008,0.8992550360554177
1.2949659763054266,0.2571632394074148,0.9313896914187658
1.2978745436920927,1.1722011577979778,0.9337648078830393
1.2948439005475227,0.25832456903557294,0.9570918628734969
1.3003767021445287,1.733217844762957,0.9570931554323132
1.298668936641114,1.2647276495047923,0.9162735412398115
1.2892865186175786,-1.2015144117910892,0.9041502567091647
1.2960027637759968,0.43716643083178075,0.9726247642954248
1.2939548284643434,0.014439341760722778,0.955247634359945
1.3006145827853282,1.8569534700379702,0.9592506138714149
1.2895093129952595,-1.4969216524059925,0.9687968875427175
1.2992790513799777,1.4078238049179184,0.9428646867639263
1.3017010617453666,2.213044437737751,0.8830829040255779
1.2967157250287122,0.7263423923852002,0.8748445423306259
1.2974388840048146,0.8894978343800076,0.8901225620545545
1.3003357141972482,1.7331045561551837,0.9575175210668554
1.2940265943187417,0.11275379552353626,0.8886337788455478
1.2893217678333337,-1.4072217920715113,0.9589603170904715
1.3005322761720803,1.9981283055762202,0.8650399289040536
1.2909635948416383,-0.7955993832205172,0.8873175111799684
1.2928614039631245,-0.3882521862455793,0.9445215513683606
1.291471275891155,-0.9141134312128688,0.9556083855632357
1.3009107045627948,1.8385456873377874,0.9638936598687201
1.2920484655251046,-0.731811923580172,0.9023216401812894
1.2993265338333084,1.497153491712456,0.9082071769496933
1.298914729327184,1.4437807372173723,0.9118823954430931
1.290921016783147,-0.9728044836693742,0.9730851327060016
1.2905592917854112,-1.1586186614524852,0.891521532501141
1.2915357184924496,-0.6244613084947628,0.9109222126727302
1.2931085107080569,-0.19062286182182434,0.9059954312500691
1.3015355593318334,2.2311572866583314,0.8862248098213326
1.2904705686474836,-0.9984749144800311,0.8658096587369347
1.2981564834949928,1.1762304003889015,0.9032539006685814
1.2948504533137084,0.24151630495716753,0.9154002455728415
1.2926795238321134,-0.5978148852875775,1.0318282749986523
1.3025573532830628,2.3756634373346843,0.9709390606327409
1.2970790139082824,0.7588338422184072,0.7981021065635145
1.2967867815562217,0.8464209466417869,0.920254769063311
1.2988902462873815,1.276824663484647,0.9027358929021188
1.2933406248546127,-0.3992450109377138,0.8862262644383904
1.298499811912691,1.1881849999354388,0.8982145503584381
1.295385451424176,0.27850627158393804,1.001436177083778
1.2910237220784735,-0.7846057343327015,0.9382017042920937
1.2948090320234078,0.24585825864880076,0.9527076028102958
1.2869792143272387,-1.9990036812065257,0.8957408981021934
1.2882102016067762,-1.9036545727842376,0.908554558379708
1.2933289290531846,-0.244032454088355,0.9580884287991421
1.295406820940055,0.5125513459658884,0.8995758050519075
1.3000690815197515,1.6406358926590396,0.9345249311003528
1.2900159045891062,-1.2088219539549867,0.8402094853815264
1.294024686846372,-0.09301681727625842,0.9529585591798433
1.3004479680286898,1.8380375961880313,0.9126357004569081
1.289976208579405,-1.4586180744996422,0.9157359731946754
1.2900525143306247,-1.0520525116999668,0.9864860123158555
1.300600939459388,1.9106883814777258,0.9364698094942853
1.2972398430908414,0.553379211241035,0.9813212728362962
1.2986853958746878,1.4092101068091436,0.9361146080546886
1.2905468374647238,-1.0825137644747649,0.860327248193593
1.2923913530689617,-0.6618156576340773,0.8885383756208899
1.2953793359514756,0.42379320266882137,0.8745666283911226
1.2938234423698056,-0.18083804996470057,1.016398178803993
1.2902831165649824,-0.9807828572771866,0.9253570076475266
1.2982747783725623,1.2320456652678713,0.9646873729807128
1.3029622652499069,2.406851750549309,0.9668881873337991
1.29534845444714,0.2784379617694234,0.9202882315529928
1.2985387493535865,1.3207742381186083,0.9302585677076664
1.2894445305949889,-1.4983596428449653,0.878034835377073
1.2934439557858075,-0.3449379217951437,1.0034307787183498
1.2931493212529805,-0.38280079749133666,0.9169018507358683
1.2988620515320723,1.3669615197992875,0.9617020904645703
1.2889713173590842,-1.7512989161406258,0.9139433464332304
1.2944177910612022,-0.07991180847277622,0.9164021535564898
1.293362021784598,-0.16844533650703417,0.9059163104442938
1.297567848302673,1.1322702189996352,0.9159220142930822
1.295773099332756,0.20869563414653228,0.8654845638716642
1.2967689347424407,0.31203779554272143,0.9481481348955304
1.2899488807142814,-1.4055922171294375,1.0856757055815907
1.2952335193721598,0.31573976253648284,0.9292513843738709
1.2957717756456968,0.5122263605134266,0.9621259022616406
1.2965719295270313,0.8140216542106843,0.8730012958528296
1.2934498683430191,-0.3029877821155479,1.0081298970704013
1.2931863078269896,-0.31398081187458265,0.9891487441544515
1.3015174353296621,2.0894616576504843,0.887041420233222
1.2938030089888564,-0.24178408684329397,0.9000984649242467
1.2867211835438657,-2.142712537327933,0.866475366873129
1.2960243410951178,0.5818056961477375,0.948672380035369
1.2918817737396315,-0.6970390314649662,0.9093321174933083
1.2882488733977844,-1.927127702126092,0.8524431590660437
1.2898721903636134,-1.1179517529099998,0.8688021482231129
1.2923458582568637,-0.5674406841137447,0.8869210754270744
1.298950320086932,1.3197415156436128,0.9086234842291313
1.3011873561399976,2.0338593798358473,0.8985960583803795
1.2951943959558747,0.028696219565318013,0.9474536265686262
1.290021892697131,-1.0397143591350477,0.8699184335852744
1.29866954599103,1.301911676115503,0.9238320636638861
1.2911221965151582,-0.7939642964199316,0.9534928860514322
1.291110262040749,-0.9932772684143055,1.0364201725060511
1.2922930958430838,-0.6855880554629631,1.0585014534492017
1.2978761633089786,1.1762066227926353,0.9171082380320199
1.2999409516338227,1.6592191955998155,0.9104415854661957
1.2905969228286458,-1.011370978723219,0.8986060726224243
1.2900376696243827,-1.4021906448997508,0.9584382124087956
1.2963247644930183,0.5127849054297591,0.9137122856803424
1.294869931315871,0.3150253088422296,0.9028516890150382
1.2871072531652257,-2.0708067027758625,0.8553183471658702
1.2977169194742972,1.1050472539947847,0.9208807099723105
1.2946340097196456,0.1706861197097616,0.8634414336765062
1.2954452939316077,0.2101405853523905,0.9747383121816036
1.301620176160052,2.0885153450749008,0.9578841603840003
1.2966993821284372,0.6371714677937361,0.8742917592879016
1.295676163240556,0.29740560294085583,0.9344559782494616
1.2981581775241082,0.7478085658271465,0.9202728074680339
1.2995631888763497,1.2610381041855818,0.9959366405754618
1.2986941010503867,1.3022252035400632,0.9214129983297065
1.2963871667814306,0.6053888005771798,0.9703177388578036
1.2896118743438316,-1.3187410662569519,0.9132774422169962
1.2948556454407254,0.1721607876590976,0.8873172979718942
1.2910103096759713,-0.6750387067188651,0.9112224631790073
1.2982373386685353,1.069482129820618,0.9299799331739249
1.292833375392119,-0.5114228773315836,0.8312716356141926
1.2928145466505467,-0.30805984854131896,0.9756503582477339
1.2988490711450775,1.4070749282349677,0.9381740220912557
1.3010620300144207,1.9980356208373033,0.855868094847996
1.2991743745696316,1.570113795723839,0.8993684512547334
1.2898539512054465,-1.1957514309098338,1.0449982035185224
1.2961863352944467,0.5773728838166984,0.9008299461938267
1.2947752475735428,0.06544119419967727,0.9136528677489358
1.2952199079302058,0.33369307462820774,0.9463538481640479
1.3024305081833996,2.3731368714974654,0.8687265384831322
1.2924651614174067,-0.6336158010174763,0.9181673266962078
1.2982937927114617,1.178238681888912,0.9689101959722572
1.2958071506694926,0.5413566394903317,0.8628875559076435
1.2981964460313762,1.1946144493732158,0.9403103618413874
1.2990726705211768,1.4222999645122483,0.920760276599054
1.301233157896631,1.9999790800649808,0.9372775287130017
1.2936058639136143,-0.07074087948666503,0.9237331096797745
1.2982747861901416,0.9102811419517752,0.9325148944381461
1.2906173391998974,-0.9903221202158496,0.8824971081444442
1.2916252200975467,-0.7049608409233937,0.8952450628775144
1.2887449769179167,-1.6032408429907485,0.9630524101945508
1.3008881782060178,1.9454608489128733,0.9124331040627572
1.2942967046059761,0.18885362836754938,0.8830351566350149
1.2911374350463347,-0.8534393705530413,0.837871838086009
1.290248760446477,-1.035514297089182,0.9045179045847279
1.2957884629935932,0.5148637846643406,0.9389085476403721
1.2980889362558403,1.1939021985916265,0.9596303416291739
1.298279239541105,1.1028638404118338,0.9351662613305847
1.2938829710501973,-0.14850371841622204,0.9212312766180707
1.2895587211557056,-1.431187764936048,0.8571937868388921
1.2925921248918704,-0.6567794654835784,0.9996992755477636
1.2975071919363104,0.5332463358639847,0.9373658025524421
1.2968508442478393,0.6925817685667472,0.9118432674757272
1.2984963304442634,1.1766368051213534,0.9488807543681921
1.2907215811425636,-1.0827303881662766,0.9663193541097814
1.2912692045768381,-0.984779248908755,0.9332105233237031
1.2926751385475943,-0.6153769286107581,0.9494029219772138
1.2902252976107953,-1.053977027401423,0.9606616849471636
1.2971523564800402,0.8735460733269598,0.9588024061005354
1.2917999096172428,-0.5929155739550995,0.9374441874993105
1.2923074505015526,-0.743096212371347,1.036238438054198
1.2904085730817447,-0.9952398234078169,0.9033603125658154
1.2954791511116786,0.3655806407783142,0.9559508668375802
1.291766202771544,-0.6927220579448906,0.9318465141171192
1.30029060492361,1.4824788038459382,0.9593299689417342
1.2959719576687843,0.5834093243416456,0.9036263976957712
1.2964259050018767,0.5432606991781391,0.9039526721295423
1.2905795697047144,-1.0119128747185673,0.9518888093595917
1.298687909698215,1.3382147764413705,0.914316487900646
1.2942787061331245,0.04346825327267246,0.9288720520673274
1.295488613196694,0.08132079190840923,1.019011912198825
1.2924345517578324,-0.5079382161098349,0.9093364994073289
1.2880259080056389,-1.7853824893642316,1.0050433653098902
1.2897437950701756,-1.2224537958278285,0.9117609733887132
1.2937068435621553,0.010717508313012531,0.8923003679772971
1.2941620114985735,-0.19056074657378244,0.8849892875733854
1.2873582894880944,-1.7994737738697224,0.86250195373496
1.3027498963612132,2.4638315660102226,0.9087807281554972
1.2900027403206957,-1.2149410680481958,0.9833579430145635
1.2956191791470804,0.3466410975731832,0.983984786765041
1.292130528035558,-0.58998653691471,0.9361135152763446
1.2903149985020137,-1.17859348584725,1.0270960856210314
1.2892783467604514,-1.4644068511710995,0.9352980913970547
1.298904891136528,1.4094340955850546,0.9226336209427944
1.2956764442827662,0.332461413376316,0.9594595942440456
1.2945849886760765,0.04901944151530677,0.9335702955853433
1.2914383306548367,-0.9043852106085228,1.0248580385050354
1.2926404807275227,-0.508967402802747,0.9493072455258919
1.3001496621456161,1.7691769374566042,0.9638947356790731
1.2931827361897863,-0.38441460856459125,0.9691332062336092
1.2898481225718332,-1.477030627170722,0.9335031845439631
1.2926106729846787,-0.5694833896559794,1.0167638100021428
1.2908776644752642,-0.867109648556502,0.866077448003138
1.2972361414132734,0.7644422841567567,0.8818247897390135
1.294339472467133,-0.12870967813596249,0.9714909531576966
1.292790160911786,-0.2567153556299558,0.9011548180833219
1.2920954474091297,-0.6016086855575404,0.89351195126642
1.2988032541741512,1.30386856309643,0.9494002176946675
1.2932831351357423,-0.4202138860732394,0.8391330175561557
1.302876467234867,2.4629510787987945,0.9273627764459714
1.2893757457258213,-1.2241554707822835,0.8719714594499588
1.2978639353541241,0.8520861457677209,0.8550723250153555
1.2945429542955849,0.08537225088895944,0.9762487730708865
1.291729580386939,-0.7929272620717661,0.9879300937727997
1.296646138776577,0.8440871848358055,1.0015504887361666
1.3021185674110962,2.2684610683851925,0.8468642816661865
1.2900513571808498,-1.151732888936838,0.9794044290691025
1.3003073930175917,1.8224409665532932,0.9324729297628728
1.299765633271232,1.6789506487234185,0.9677790965061127
1.2986078151354081,1.229162163596548,0.8910065455767228
1.2958035328236908,0.25865810374839177,0.94836411368926
1.2962373800842732,0.619526929182519,0.9349751098529939
1.2972183202464156,0.9953508133079435,0.9027621814109505
1.2966559318598871,0.5290373131367623,0.9326136951210695
1.2895289541817119,-1.2796200663744137,0.9676452253034274
1.2984930059574111,1.1763795395547139,0.9437576344441262
1.29994333347939,1.587323487454556,0.8713613659923075
1.2893453646109962,-1.539693514544486,0.9165107091159701
1.3011147083295656,2.106093254756748,0.8831689110986917
1.2948192742737292,0.2255369586634681,0.9162146961539366
1.2960888586377415,0.3723735360236984,0.9541083522570737
1.292766012885948,-0.19713314572055693,0.9595350230548383
1.2990624113124463,1.4733175568995476,0.8751666107456335
1.2922878090527081,-0.5419300403537158,0.9854857418595784
1.293780545064402,-0.19840517979730846,0.9970918967504637
1.2891627056876902,-1.4713552492558761,0.887428583556224
1.300363315884207,1.7834510167765194,0.8935142520496298
1.2892217830326271,-1.4026003073186624,0.9512706188576844
1.28782046031278,-1.8038992294975094,0.9794209964869356
1.3026282938038725,2.3027580294398553,0.9240501236880495
1.2988958479049972,1.370779240231093,0.8590181019393294
1.2932034135068833,-0.38978302179083246,1.0100195019902665
1.2938678879549967,-0.11831019817245493,0.8591236050397034
1.2933162555542408,-0.3478157610835482,0.997665509003819
1.2998492953367813,1.6417584581110645,0.8913607774706378
1.291798998060145,-0.7808767632543417,0.8739612491910473
1.298417548898155,1.3007468422095425,0.8796257149652684
1.2931048875098625,-0.346111662475251,0.9788554211854739
1.2967329718985452,0.7309684385507731,0.9744075930609413
1.3010261482181749,1.9820527860821484,0.9084126596087145
1.289624785310796,-1.2833033640937956,0.8409298274014744
1.2942907764249438,-0.1998496447014773,0.997444006915827
1.2952274931036731,0.07777389886554145,0.9223210856266985
1.2978234562062776,1.17679848028785,0.9178060620213936
1.294768694025518,0.12661151063220263,0.9834019290914175
1.2958758722949013,0.5420829004434105,0.9335661799402454
1.2988375317875265,1.3749360879611519,0.9434442504076912
1.2910871992613626,-0.8133545142386941,0.8921811174252597
1.2919404858638954,-0.4939600103042956,0.935489025832167
1.300976291553641,1.9465653262267224,0.9610196573073784
1.294758476914383,0.16593673857904573,0.8835956416176917
1.2984806564877376,1.1568199933545582,0.9003269824445189
1.2920100778993213,-0.7504749233237845,0.893293243405869
1.2963379768952659,0.7451229886384535,0.932735102088507
1.2945382164622488,0.27982067046923215,0.8538622707374259
1.2890092267157625,-1.485621665712169,0.7912060644577755
1.2913875236918149,-0.845203301171836,1.0095333620306275
1.289953286164524,-1.05202408256543,1.0006524457566561
1.294035514327509,-0.04692487937731857,0.9640639518500863
1.2911790835036125,-0.8294243267343964,1.003406396630091
1.2986282554359865,1.3188752378099164,0.895003025308298
1.2907930528646065,-1.1876176432136356,0.9520536615047978
1.2940817627669918,0.0023509891069444884,1.01178120660707
1.297736452808343,1.1040382060256229,0.9410901953131174
1.2906282033846854,-1.011223639124047,0.8569265654673631
1.3026216276090519,2.285808413728248,0.9072507436584921
1.2972106530025937,0.45917367985089563,0.9244608177778266
1.3006912200203264,1.6970368499132231,0.9717334132635302
1.2902865376751858,-1.1262562026728786,0.8748373899948622
1.2940896233461183,0.09817424930942079,0.9018463205595003
1.2952240099818213,0.1007055325139703,0.9940836116022098
1.2995037438371158,1.5696513769717255,0.9246252926343036
1.2914219454637963,-1.048892605726631,0.9304081383496572
1.2964289917407024,0.6893071669639729,0.9792747328555831
1.293852812376851,-0.13021487550253488,1.0054221766064062
1.289125809220246,-1.624700418932785,0.9123928368839418
1.2995374679115812,1.6046141045772742,0.887536464785443
1.2925514815979975,-0.47436758432441034,0.88479199060517
1.3011127129874085,2.0160128422095203,0.9220191880805669
1.2924321251210058,-0.5255344642667712,0.9331679358103401
1.294674664084345,-0.008965648587842689,1.0218910704276551
1.2972431633578374,0.9418788746311505,0.9178568003578513
1.2911339394523407,-1.2306290302255063,0.9268547520802476
1.2901708715799334,-1.297452822405177,0.9777064763794653
1.288702365522162,-1.750225957319325,0.9738818381893585
1.289299503219311,-1.259983581221167,0.9157936212199727
1.2966565968561476,0.3514110748932836,0.9644461475780541
1.2980568694500823,1.1576957035566877,0.9212070699241295
1.2973448114393897,0.8867464427878837,0.9171788924650656
1.2964752987897528,0.6367881191841618,0.9468862910988823
1.2886846609641858,-1.640688510416494,0.860816990811052
1.2963498742834694,0.6745128265499218,0.9402972370413178
1.56729539488561,-1.7859852230933468,1.0344896423479517
1.570112358624722,-0.8230171639625264,1.0073743939839366
1.5718884682010439,-0.601755957146027,1.2273988433431031
1.5729959189611389,-0.01277772643769611,1.0965486528475228
1.573680747456087,0.1850179324186871,1.0552353971074229
1.5713698025881664,-0.26867200878529474,1.1195247697296342
1.5735132022793332,-0.01504763213843777,1.107758608140331
1.5739109685714119,0.15065340733091415,1.0556744722125408
1.567723106551475,-1.4317279537567442,1.0174330741761655
1.5699796237411618,-0.8158684119314338,1.1080868514464581
1.5747710062445266,0.6697522359509324,1.0293675810877203
1.5785444582309316,1.5841202659776148,1.0918868869480742
1.5790166989591772,1.7997639168979678,1.1024997125077631
1.5802698358439717,2.1040499396882013,1.0594000839383602
1.5728146292998095,0.041825629361330205,1.097995983115495
1.5790175288953476,1.817940700507882,1.1125283110165582
1.570464608918193,-0.5647784979919388,1.1265040010213823
1.5731956255363038,0.05942152521208522,1.0148022562521677
1.5669961767549814,-1.8757725162017576,1.1150426907755884
1.5793563799357764,1.7826092683525112,1.131731188854559
1.5713319424648908,-0.525859989393939,1.184205719998174
1.5677529907847334,-1.429572552224304,1.0400827493320122
1.5696336088464784,-1.110610914168342,1.0769614937682936
1.5665035259211397,-1.7719803586010057,1.002056455171908
1.5755158960761053,0.7227202512323008,1.030646110060241
1.5666952508226488,-1.5146672464897948,1.0709532444400853
1.5736145377003496,-0.010492497088257493,1.163329853077429
1.5782377349441934,1.6358044766017519,1.0081808354247055
1.5752909392451266,0.7434350881161605,1.0515385202992018
1.5767793601427351,1.2245938163520302,1.0166521408531466
1.5687939997400122,-1.1280629815433894,1.1108078246824167
1.5684299959144452,-1.167782139160576,1.1845810628509974
1.5685116313862855,-1.3491464799541342,1.0556538438863508
1.5712226306479384,-0.4236736746611004,1.0888039926349478
1.5686312776435374,-1.2502336829229928,1.1250012490957801
1.5721044357487908,-0.33468135554915546,1.0795392830892439
1.5679883552263283,-1.3790157056425243,1.1081065491905153
1.569856223633311,-0.7115274056021943,1.0795726043524452
1.5694929903672603,-0.8938688538809313,1.0886258117379684
1.5745138058405466,0.311538698536185,1.0911916024104111
1.5712091173924134,-0.3502264212901449,1.0889162826655288
1.5689448789027727,-1.203794905204232,1.1688878524503257
1.5697846519916472,-0.9102681352406163,1.1278447337982966
1.574686645696222,0.3416858269006282,1.1135818971246048
1.5741896981686785,0.23917634250600117,1.1780729908127958
1.576089257443624,1.1526325332382663,1.0725196538202244
1.5730030485125623,0.13272013191805224,1.1066409560114931
1.5751177548193378,0.5419400094203574,1.172738853430551
1.5657720564723283,-1.9604726887152044,0.9998966808676008
1.573906388389673,0.36309738430648947,1.0542930003347215
1.5757202116837814,0.884787558411387,1.0657421417616195
1.5690860352177645,-0.9290933894574784,1.0618786250601286
1.5794592607313154,1.9417917189846228,1.0482050592978784
1.5686024789235151,-1.0262260145582562,1.1177565361167845
1.5718417562864218,-0.31825614678416947,1.1565181735385004
1.57154318405594,-0.23071500284246999,1.0601795204862619
1.5721376448517639,-0.1019115661728111,1.0773056693053649
1.5749850179243547,0.619493012687486,1.160208846067916
1.575742222545078,0.8147788872140284,1.134777865127067
1.5759143613322286,0.5946850939777267,1.0592489515340087
1.568300775462569,-1.1787040118965404,1.0968068701394749
1.5688233073066666,-1.1804483077399204,1.2092140312503135
1.5700449019143,-0.5853906710419997,0.9737860745493447
1.5745800587173857,0.490117105163072,1.0558198796871836
1.5716994443206458,-0.4597142349628453,1.1910777886025326
1.56771684577241,-1.3944678232422152,0.9962930460621998
1.573263687395992,-0.008301352427861482,1.1619097072040208
1.5707710619296782,-0.37052954033926505,1.0852714255638558
1.5753490685153966,0.40076235792242954,1.0880607903759314
1.570396290552549,-0.5327243709606497,1.0076326360007481
1.5672235955002962,-1.7251025961833073,1.0738235945641654
1.5787499065020332,1.2790028255707777,1.118700558852249
1.5725708715207893,-0.31706578642322547,1.146116422280906
1.5713189663260065,-0.7092882358530063,1.2208866935934757
1.5780966808740011,1.4587186414281093,1.0698577981847701
1.5749180946434007,0.41304674573789046,1.0959454963827948
1.5733306040273203,0.1122878775451074,1.1045739340588698
1.5769378194210506,1.3868852006824104,1.0667096136205492
1.5730990862480931,-0.08178402368405092,1.105831543389216
1.5703038638502653,-0.8168976727966949,1.0626492163204742
1.5766958694065072,1.174189097545242,1.0806282192590677
1.567945442397025,-1.3090658496721759,1.171725868675037
1.569356109564471,-0.9611183643058373,0.9787996300361804
1.5693134772616686,-0.9321015533927774,1.0986349096663641
1.5703244211743643,-0.6357673677086585,1.1029561495583236
1.5773934099772218,1.3259206920620217,1.0222302632671665
1.5711011023798687,-0.5484506786099612,1.0154981711369502
1.5684221061136587,-1.2290604154907785,1.1393323762035075
1.57706445757853,1.3338364389175767,1.1075215591139944
1.5687567683516073,-1.2004057381393343,1.1680148107110788
1.5678297075719576,-1.2892359864530303,1.1908321477609258
1.5711001355444063,-0.5832787910141544,1.0735843304383512
1.5702412232261145,-0.9226877864388009,1.230620837685994
1.5673464439539972,-1.8070065342784656,1.1757581525896863
1.5729649816929123,0.1984357076852096,1.0866866248059128
1.5720894220721113,-0.2329335924083089,1.1341983838166632
1.5685761444993236,-1.2233423791914793,1.1013484938214464
1.5764056053659017,0.957850209299002,1.1026889296797622
1.5726538341143885,-0.12307330003833557,1.1034898970098304
1.5787075024859751,1.8509079702766023,0.9704925515507652
1.573279585839404,-0.044450826282172236,1.158035987432421
1.5606680591492996,-0.01995247906492294,-3.1525554378840157
1.576575998784453,1.2244252095617478,1.0337560688416532
1.5717568775749684,-0.4213716257489318,1.1310070463444333
1.5803814485922045,2.190489225273936,1.0316206365114384
1.574459832616561,0.3126216143813528,1.069273332290202
1.5688523086617965,-1.0869254701377131,1.128518992589852
1.5713439997472427,-0.270093738054744,1.093127301415238
1.5688575947811736,-1.1363991470197896,1.1472369802421611
1.5720366697982198,-0.3228894646231586,1.1012720616464435
1.5737849994866915,0.18754823422783184,1.0562776236008038
1.5785675887591362,1.4575181982303862,1.0415428167320935
1.5711597119702567,-0.6409244543600509,1.1047771249113834
1.567683496739606,-1.3761320213624746,1.0973981691427808
1.5685473698036076,-1.2104645665434814,1.0748212504152854
1.5699387382381216,-0.8905107874210759,1.1194638429891965
1.575508430546051,0.4559020544763038,1.0848441844884995
1.5727065040277615,-0.11923794757151976,1.11040412037406
1.5662767774851203,-2.089747407095937,1.0960452960002118
1.577742836355764,1.5032211714329995,1.0932823043398496
1.5661248548046556,-1.9235262897251506,1.092810310620123
1.5749067770882217,0.5641486395986649,1.118201295701495
1.5718227763018322,-0.42395434396097237,1.1698771042003777
1.5779513617233527,1.4539173620524544,1.1062721608552029
1.5750158740698252,0.5458828177050478,1.0721044634283492
1.5730550641299372,0.19795647673961672,0.999178953877783
1.5669644795365487,-1.6430434807497034,1.122304337428583
1.577144322682266,0.9548882005136234,1.041834448883204
1.5699350901947704,-1.1777233831963576,1.122025785953231
1.5709305834432374,-0.4334975519799858,1.001880455971031
1.5755552363874117,0.5469441643322805,1.1063208824746615
1.5656908371790528,-1.9842416152954432,1.0537021371038864
1.5694608457458088,-0.7628336162523139,1.0432020760569907
1.5730200145347337,0.12885802467883342,1.1094786988177905
1.577803471306888,1.439967947467255,1.0807405221068171
1.5727066757208295,-0.09778184913784048,1.1550256616940724
1.566042446863133,-1.882418768743504,1.055082909182281
1.576306194627761,1.0451543220261212,1.0443484487650312
1.5728752929820575,0.16335955161614318,1.0225370792032529
1.5705229599620898,-0.8016111079807017,1.1500994582775397
1.5694096678957254,-0.9983873906784735,0.9910697127350608
1.5661448527516562,-1.8745771872074062,1.1113426825981805
1.575938081083755,0.8066072036103908,0.9990594365288238
1.5770238892237602,1.2623994478339333,1.0302667274076733
1.5698683195763246,-0.7806614627104197,1.0369598079011333
1.5677089843335699,-1.394304652054471,1.1229480939389038
1.576070942306811,1.0467954581144725,1.01533267965628
1.5697150324946183,-0.8193181285991793,0.9877820588542375
1.5777960026053617,1.4062679368714592,1.137448887056256
1.5716292343132259,-0.26178990021971904,1.1005282774080583
1.5736833909636783,0.4516000384948515,1.0897077954759171
1.5775899675886902,1.367775832031791,1.0668639429769484
1.5698985462411583,-0.7512555590902423,1.1369034116516916
1.5786611360614515,1.549123906139105,1.0769164555512027
1.5730534423459974,0.14541261720954635,1.0927843245249087
1.5734514047865098,0.33943810998556595,1.1180830991872577
1.5750636156736195,0.24178032735349284,1.1309409304765883
1.5709931503918169,-0.4808055852421348,1.0333767322063145
1.576623922264371,1.1547592393569182,1.0717406917200898
1.57466075918536,0.4508325426727983,1.0525123529770153
1.570471015651329,-0.49539755272123315,1.084938160601963
1.5695137488954645,-1.1536707885035709,1.1457382487258845
1.5768433087707563,1.0096939055423735,1.0587390229633513
1.5778095074943326,1.495451664892564,1.0720304325348968
1.5781798029270242,1.512811192616394,1.1233656095383333
1.5710949240405927,-0.45822390052774875,1.1410469548907662
1.5682852271323187,-1.1539824115446218,1.1027502262227569
1.5750314011493096,0.48925627342896616,1.0670321958226958
1.5740999324131155,0.24056554872891034,1.0870018936041719
1.5755017285467146,0.7983835136408349,1.101342037804258
1.5731158589239953,0.2409917589898494,1.1328598770747653
1.5786801254567027,1.4963540880856872,1.1350986063746347
1.5790522541393928,1.7643379571487798,1.1279657283878821
1.574783789182664,0.6346094607150427,1.0609815670644718
1.5796964429172353,1.996496041690129,1.114561918183152
1.5746996584250577,0.4322459068964214,1.0882385440551858
1.5694336735227985,-0.8225479505636313,1.07608920020473
1.5727907280590252,-0.08276942532563661,1.1041723067375435
1.5749794521439007,0.7579452766102368,1.0002385427844351
1.5746873446635319,0.4183351633142936,1.0910711264908632
1.5762045440021937,1.0736720664460233,1.0553586781992497
1.5742521112084746,0.36605656022878624,1.0887345088286497
1.5763980064391505,1.1181909328966304,1.0900170030405483
1.5763515315983674,1.046294317459009,1.1285995971249976
1.5729382599724595,-0.16740170962315282,1.1886664932252586
1.570522455258101,-0.5723804670196853,1.1339866119376185
1.570589304577221,-0.5884556612373929,1.1002890845964763
1.5733053834535753,0.32840592341160296,1.0564656591605277
1.5787126730041348,1.6384768708268729,1.1389456771447515
1.574018644709603,0.5252792624560434,1.0379206356858879
1.5732946948791737,0.34509562788001946,1.0354111960180952
1.566913504928195,-1.681672518549618,1.2159141134099687
1.573472831663145,0.2053436874642116,1.0890805403556207
1.5687343648055714,-1.0572466745022522,1.1390405811380617
1.571552909541913,-0.3779709746575893,1.1139581251776514
1.573047374241141,0.2747039432061959,1.0539744073991058
1.57746824116253,1.4571880820421763,1.1016744925505129
1.5762345373810314,1.0261433534697089,1.0662932089110349
1.5701055162670698,-0.7641041156619185,1.168131271612499
1.5698387828564926,-1.0354573363370585,1.0899730581293572
1.570738040298858,-0.7440631543386966,1.1572815769897877
1.5727707375209332,-0.5322550501115825,1.1843708193228148
1.5773987763580668,1.1567659783019493,1.1734914877090727
1.5777932618489818,1.6173448229190406,1.0564088920117398
1.5724251659696948,-0.19537940464211895,1.058371086427202
1.565978971742502,-1.78894333309677,1.14818368871735
1.5698982916078985,-0.821014411454555,1.1079148606249594
1.5776803538850306,1.4944787803132793,1.0831169857730834
1.5705838918439203,-0.6044754282191076,1.0953023390769465
1.5709269927648657,-0.4314213399695242,1.1096724262033555
1.5681987167030305,-1.2839922606949223,1.1505725784145389
1.5790352293401326,1.7086401815868517,1.0685400168443286
1.5715402743638855,-0.35447168282451474,1.161327942436788
1.5708023035633965,-0.5814398459455431,1.1203985395953031
1.573833128471924,0.16629244580636549,1.1211314082992534
1.5730756787058513,0.23737658584493673,1.0769072794134495
1.575669110482242,0.8506074122956756,1.088113109151279
1.5720138467997513,-0.22654902424593776,1.0473528886331163
1.5648652711521793,-2.0471653535275314,1.0101281148763261
1.5660434100444471,-1.974975770196106,0.951430608108265
1.5687435533296952,-1.3205433886934133,1.0501763426894772
1.5663099938052987,-2.0231823035905063,1.0813627406528805
1.5764361581675266,1.0077258526903459,1.1209172150405293
1.5736114237458112,0.39505262983508993,1.0699434548409275
1.5670383637736716,-1.5932512002644197,1.1132565473642413
1.5722521414319715,-0.16554352823589163,0.9837121236791463
1.574993583302222,0.7031482873296815,1.0703333992611535
1.567104861540146,-1.7516363014316485,1.1132880609375462
1.5777627288044553,1.332540368315791,1.0842606055086839
1.578882422571692,1.7451665617106586,1.122940914167951
1.5701995802611304,-0.628821491559814,1.1477152608164483
1.5694148907944707,-1.1198596453157093,1.1700047526816497
1.568043150036628,-1.3998473792950359,1.025865310410516
1.5768457544006615,1.2084159647896735,1.099906379839689
1.5719625410924742,-0.09929916177021418,1.1296939072927323
1.5693014332252029,-1.0801381496373945,1.088882106451369
1.5731943294508386,-0.1930209529185411,1.1290765877610527
1.5673130747990316,-1.5442129627401966,1.082694961193302
1.5774567266846864,1.4416133085073108,1.0656834581567476
1.573076522945575,0.23975411195001992,1.066101418324628
1.5753633714272162,0.5460816570367473,1.1285504623073532
1.5700727053320134,-1.1634414053516675,1.0467154575779627
1.5760977819946267,1.0120432508808108,1.1060060947347374
1.5695803041737613,-0.7698029163736426,1.023403464294285
1.5761121421295863,0.9907443511414865,1.0282509542752196
1.5721188781228967,-0.0701183456707245,1.1078832004606438
1.5773518493455394,0.9941485566712391,1.1711299968937308
1.5682017920555953,-1.3090965156838659,1.105435820029965
1.568060743043094,-1.234826077340181,1.0449572593509298
1.5697325474093418,-0.8931751719415106,1.0311743650546035
1.5760591852790846,0.9043160742444966,1.0524547388621053
1.5698453504356638,-0.8731341421411227,1.02668074479992
1.5692662319203814,-0.7605600460404538,1.0958621513766653
1.5706666634243254,-0.4761867978299077,1.0397391492762609
1.5731467712170815,0.2468776880918421,1.109405494634284
1.5654670234016759,-2.147265687086137,1.016514357007897
1.5668581280223066,-1.7699856524185673,1.0378379225898247
1.5780479293824228,1.454754856872181,1.1334060968810227
1.5750853336991237,0.6170388639239479,1.1091201158777986
1.5747187180024198,0.4381503170561994,1.08749519274008
1.5761581022257363,0.6689357029029757,1.1118291951757524
1.5714478187525005,-0.26046265993289314,1.074003034301666
1.5657528855720744,-2.021739231397645,1.0201687540434121
1.5697663015391707,-0.8754138549137294,1.005430623326086
1.5754316978006835,0.8501029740108624,1.0939842348360662
1.569762001825732,-1.1621966231465561,1.1899792477411273
1.5686135523170905,-1.4613540984862725,1.1708076644487448
1.5725056271653786,-0.009282626524407157,1.0998495106780333
1.5811011230664147,2.3182115184494494,1.0682030651227163
1.5715929663911739,-0.5334430652032399,0.9631921889875265
1.5797145732489093,1.905658500680984,1.0725537830314171
1.5775411938714567,1.3352912913894617,1.0989755286894434
1.575912088354556,0.902627657317072,1.0625621026729664
1.5792813355748763,1.6569497601896188,1.1426761794917761
1.5668271393144753,-1.7551523348161608,1.1352965349542299
1.570964496930634,-0.5093788395989274,1.1274762457503504
1.5688626056193289,-1.1444811735308653,0.9878499518935124
1.5735071349056247,0.04280486444036737,1.1618897777975412
1.5790891429768703,1.9227673724826633,1.0350795825395807
1.5762517871994195,0.8621949459496184,1.02107642872226
1.5722109285766246,-0.12159095348748572,1.1409213412501535
1.5670663347309166,-1.6100743085162668,1.0147123160314195
1.5683760019022366,-1.2560823421664022,1.054890051152938
1.5764059707450626,1.0120274673610292,1.1546630124796915
1.5741015727444083,0.4212525095706675,1.0738617952450311
1.5768659847545587,1.2075660639128905,1.102289588539315
1.5692150285933237,-1.158822432312504,1.0123026280207863
1.5740850146599163,0.37543890021370635,1.1697881506214385
1.5706354579543158,-0.9377408754237611,1.2153136989021642
1.5725524351377886,-0.06368395256590563,1.136185427417242
1.5740914824753118,0.5892946256926457,1.0624227945812483
1.5747394180846452,0.2385798157523272,1.1444612048910412
1.575360216855122,0.5958707273488413,1.046622566013186
1.5678625791424932,-1.5668697324977023,1.1327461107823842
1.5695500739794188,-0.6837474968081276,1.0642282804964271
1.5707097071138767,-0.56832482208638,1.0815808986059436
1.5702889035161098,-0.8765187000761868,1.166844467395489
1.5733017228045494,-0.16027984451088265,1.1075183567088436
1.5801671545302098,2.2108414843258104,1.0763899738522675
1.5770860189111533,0.995364798643845,1.1262279153434982
1.5762356781450375,0.9050174235785716,1.1288772328361973
1.5799166457347378,1.9963334189402877,1.1144965781684535
1.5718197480164384,-0.3251554889777731,1.1770259082517331
1.572260802005489,-0.22991919036115463,1.1160129777760301
1.5690994056825254,-0.907042456769879,1.085225812294451
1.5757277403115408,0.8624878303811057,1.0923191555694343
1.5769825433157905,1.2964887798272253,1.0200887476167761
1.567873663490361,-1.5255302114853293,1.1186219696259032
1.5729410309920424,-0.02970675719255346,1.0496881596645762
1.5769634795409038,1.1738745943373061,1.1309758301407193
1.5701495097825107,-0.816730529737019,1.057777519555053
1.5750435059290424,0.8565578439818297,1.12565589085916
1.5721630272559812,-0.15340524511153505,1.0615551946620032
1.5743161917310167,0.38443390296678853,1.046705975156807
1.5733671783699104,-0.04794353864935014,1.1058758855491357
1.573576976393069,-0.08255168207631222,1.1458638732346023
1.5739301203964609,0.09816486519749847,1.1269386824930245
1.57628589737522,1.029168139025303,1.1198935418894205
1.5737040585779407,-0.11851688139125227,1.1488274070069942
1.5721119892605295,-0.06295167400062886,1.1011613872537167
1.572571998939899,-0.04687160741533383,1.1105903094018896
1.5772099912895798,1.1920829537699347,1.1496823060288055
1.5733079413491105,0.029048955464492994,1.1639284498728644
1.5806834479666296,2.2233151139362324,1.1565148747626384
1.567925025180526,-1.3409081612171057,1.1816761203949937
1.5745918218827375,0.5394182482760651,1.1370872221724235
1.5713495459464564,-0.2875521079771782,1.0558264531049586
1.5754300060180522,0.7084716496237037,1.1003075977314962
1.5696352706835008,-0.7679922315725662,1.0534994775759552
1.5766231203161292,1.0227111764633603,1.1478698167212307
1.5748710780627473,0.4905393773100201,1.171192960602068
1.5813178644942965,2.246413196518323,1.1035875196218696
1.574876297167929,0.6157467549941605,1.0082740697667638
1.568982183458843,-1.0385415671358822,1.153435158038662
1.5706270554615913,-0.4049382057521065,1.042694284514004
1.571579468470212,-0.19905035950432484,1.022230099606984
1.5715194566329025,-0.33490426182504834,1.1319351649162417
1.5736179971850965,0.04015907698136096,1.1549341856043038
1.5724919045416408,-0.052370383829984636,0.993284000042265
1.5704733556583987,-0.6099739904950962,0.9512509597286158
1.5656197699933954,-2.1282869135571345,1.0460686365654095
1.5724649836490967,-0.16948667859306082,1.1350188746042058
1.575153390752431,0.7080360034813457,1.1348820730035665
1.5776146130731437,1.3175679325119412,1.1448873842492422
1.5716977376288677,-0.32036997793152344,1.0669764931338506
1.5726603472392173,-0.28696104593661786,1.1317731876029182
1.5688646139688298,-1.1828453109620285,1.1618589456671797
1.5751161120300046,0.7786781569135677,1.0495947435500916
1.573267470227714,0.12333172399975902,1.1046875405783758
1.5733290349753588,0.1662642119993285,0.9971966014053446
1.5776727339392538,1.4231123920643738,1.0632176715900024
1.5717897668262553,-0.3390617950943862,1.0172361416970557
1.5785300039048933,1.777505301472272,1.1160943360478286
1.5658899424227704,-1.9895490947355359,1.1835970028136718
1.5721378079120072,-0.2253527045823318,1.0271019921682067
1.5757171860363017,0.7417042466572811,1.1065872309663052
1.5711999453110124,-0.6608729159371688,1.1695985714333355
1.5721590940714354,-0.45564367074188417,1.1162487677298376
1.5743477510218469,0.5053850326835692,1.0331913516341342
1.5746378145551114,0.4376331209761019,1.0805304685939416
1.568793848859272,-1.406049477589799,1.0960060172124781
1.5756675621557235,0.9035536720235317,1.0653614390727826
1.5772134165567793,1.2815291862953484,1.1306205417192876
1.5685253724035695,-1.0656593209078786,1.1135371121676576
1.5739724662284191,0.4126474499560142,1.0645580528042549
1.5769991673666988,1.349970900537433,1.0412818659001082
1.5810031818835388,2.194998686777379,1.1435773793026285
1.5710952796230362,-0.5651455019045867,1.0891537612997162
1.5690907739441207,-1.1615175852520805,1.0641704289880258
1.5737978513554483,0.10018368870228636,1.054327139266663
1.5724221557902758,-0.15339351287249042,1.116803576402847
1.5754433065330125,0.7790079667312092,1.1340743429664404
1.5760941600502543,0.9578537607278765,1.1191951239255007
1.5768282618115108,1.1557459367948784,1.1339217908080395
1.576646928416048,0.8648255599978988,1.1284521455394176
1.5694688142529107,-0.797917243361735,1.0908866409815274
1.5780406840131784,1.4421226153785685,1.1536390983928362
1.5671137444878067,-1.847963530611331,1.1508000352741155
1.5744288013828847,0.6682581841685928,1.0873007528951049
1.5713897190723796,-0.37853943010273255,0.9901701215414476
1.576510861146274,0.9382048673327191,1.1106343900636633
1.574042269074765,0.4895241247333519,1.084079507875964
1.572702636738245,-0.15243784198670346,1.1399724593138927
1.576608313940363,0.9223840591265234,1.1179504126822768
1.5692650200620666,-0.9101558664525221,1.0182653878693773
1.5667302118494688,-1.7340387732443892,1.0487219534909415
1.5712759266850764,-0.3618330514131144,1.090311479973286
1.571255286181576,-0.5823157462533046,1.1202492469861896
1.5747184219790564,0.4891746343531081,1.0822168865731054
1.5684696008870622,-1.320808493880556,1.201072612663872
1.5783976812960112,1.6706059330823027,1.060684331327452
1.5715494759352537,-0.5516542034221092,1.186999401672783
1.5772341625399833,1.1733450751106205,1.0923233566122235
1.5739805294714,0.06365638617363584,1.1453190094922643
1.575293914609072,0.46831441028806364,1.1558227616758634
1.5693555384526858,-0.8722725872051837,1.045509622914111
1.5737020937539163,0.5164968163324485,1.048650712845534
1.5790249046214873,1.4902817475225576,1.1586554680234087
1.5711014647889021,-0.6599779317913386,1.092652248888774
1.5731736342217983,-0.17046037231925895,1.0901987436106442
1.5729462605057374,-0.0874292973902249,1.088456877761029
1.574365445049982,0.5633214783818578,1.1092758790109214
1.5738710598226497,0.2948202038370727,1.1136273159755472
1.5677810633910818,-1.2864644053155938,1.1367802471743147
1.5725179292177058,-0.05626459226528012,1.1198334384471238
1.571582468348122,-0.3259362752059889,1.0138356155222497
1.5694412739605554,-0.9066941576221769,1.0404441726049134
1.5665066378538315,-1.6418073549857972,1.067306683853324
1.5669360787244841,-1.8236494152154177,1.0667108172290922
1.5730790441258435,0.056688712136256,1.103346176764149
1.5672503732722816,-1.6669084025328895,0.9848181853095623
1.57319106899837,-0.13854041400083106,1.0603011320154256
1.571996545361795,-0.24101709205729702,1.137778790995927
1.5759452995721657,1.0834423963488231,1.109150571815354
1.5729345822329674,-0.05049597471461251,1.1389023133676417
1.5708947382118135,-0.6686274150654918,1.1225909963573502
1.5691202897080514,-1.123018607095878,1.1401804782021345
1.5738260451905595,0.18804183611638944,1.1054943158738313
1.571039222940649,-0.4681144398010751,1.1431080916838494
1.5687418199226713,-0.9480593421261937,1.1343401102025699
1.5689197019352876,-0.8248301209028323,1.1021799439691262
1.571855123608896,-0.18958734179425232,1.1063923440104206
1.5694018202941538,-0.8042531438165921,1.0330473834070746
1.5692471478820142,-0.9068337376269932,1.0700042376471923
1.5749930894955204,0.21955999418227493,1.1712773019513798
1.5686175559550926,-1.2053917345767842,1.1684318963947202
1.5704870109644933,-1.0344302880458176,1.1450884745519065
1.5738470794021902,0.36402331727049514,1.0123598683396702
1.575772068763976,0.5610779371942477,1.1415624517475174
1.5728635923906178,0.07911182479268393,1.0896477352563612
1.5679166650504621,-1.300810664730161,1.0244412732261825
1.571177526645837,-0.369044803351361,1.0923241249049938
1.5698063714261854,-0.8225770220020154,1.1153585877319592
1.5693369329722504,-0.9116274300460768,1.0142389413144692
1.5723744574797973,-0.30426218688913304,1.0512087563199835
1.568114067559164,-1.6785255779297352,1.1378103210952133
1.5730012550390564,-0.0726260773998165,1.1634907056415311
1.5758830835565283,0.9743031564798257,1.1008046972582808
1.5755468366220413,0.7787115870907839,1.0714604229639275
1.5744719945187848,0.3147427095009304,1.1159359944397997
1.5739405343675839,0.22044893056629042,1.1289111974130486
1.5794895737832517,1.9769009946447595,1.0658732407066434
1.5724869952847287,-0.07156683550441965,1.0604379929009002
1.571564633323409,-0.6821749843970282,1.0508008461761171
1.5729442995079217,0.023049104245435114,1.1414377282543295
1.574714938251225,0.523057371078645,1.18852819987057
1.5690837999815668,-1.1046161243018533,1.1846077933557786
1.5681017396484769,-1.247825927049424,1.0176023202222058
1.5705173511340398,-0.5698106249859229,0.981924279209469
1.5730140844089993,-0.008648050530341463,1.1123436318923623
1.5781847116837973,1.4965503842595054,1.1473899601673105
1.5790270491489395,1.5988038169847254,1.1333985038777665
1.5774007442629627,1.4567199170642513,0.9937837450448811
1.5709835095523303,-0.733976759461236,1.0449964472893856
1.5688023754530664,-1.1715956807918988,1.1701947711243312
1.5788049156880077,1.5680066053957447,1.132108055969179
1.5684281664256086,-1.2740801297723288,0.9875959210033184
1.566233315936607,-2.0005723924973005,1.1330589519928247
1.5754257599058417,0.7038680828018056,0.9886830993955229
1.5705530578784765,-1.1124515842415565,1.2670756174003317
1.5766703534943103,0.6671877467228914,1.152767244378915
1.5699504209538722,-0.9926142751361917,1.1638642621609376
1.5767757961226148,1.0610876479089522,1.1512469857141678
1.5698572666336903,-0.8193363121411381,1.177238023769533
1.5750366438515806,0.4929918779106079,1.1339309800922701
1.569266632127059,-1.071640492628759,1.055208364484338
1.573285563354162,0.11626255305452453,1.1589216741817436
1.5725777439652904,-0.07144528954536926,1.0494071795087818
1.5752617959748823,0.5840520829739004,1.1834767869766043
1.5751087284740615,0.8290670823765827,0.9793896902005502
1.574348648212541,0.38123180053980277,1.126805516768236
1.5754583263985915,0.8632070148353016,1.042620118439858
1.5747670509552876,0.4390158257371253,1.1302312049762615
1.573650269968288,0.11262764795323282,1.0306412421226006
1.5695087808455017,-1.1983948607107373,1.1216071735170263
1.567817659649162,-1.4172312403615945,0.977867064017815
1.5718153421042078,-0.23001324282742303,1.1672881361132093
1.5657309406160265,-2.073428978143096,1.0131626639868976
1.5751101137900714,0.8293905468538624,1.008417085862954
1.5763044670734596,1.0814255470590635,1.0017236819820248
1.5666175424047613,-1.6369760170572185,1.1794480854345395
1.578300029313954,1.4768067297756617,1.0713753659237635
1.5716281693731715,-0.21575275680798794,1.0949857861056025
1.5805464615359288,2.103147480530932,1.1137319366784644
1.5702019248540813,-0.8562972025878469,1.1108273468115095
1.5742534836829118,0.4329887319430334,1.1089574717211585
1.5747734864851974,0.6682251341955513,0.9785770061980883
1.5764679939944182,1.1895103864742873,1.0667767628736176
1.5686411791347252,-1.3052537580250998,1.00050617612859
1.5737998187208975,-0.08047415074925704,1.1667797482203495
1.574885552617973,0.37616772876677634,1.1234907572006707
1.5671577171376476,-1.598463486931085,1.1795436251418954
1.5755782835608863,0.6882498855461454,1.094260585946173
1.5694820186194613,-0.9121851095660849,1.1310517718914765
1.5709364601665168,-0.5535269907390413,1.1102630891184788
1.5727586770621351,-0.4806437984986483,1.097045364289246
1.5704714692120079,-0.7480335688886534,1.0948541963462344
1.575198121743486,0.7074506814790676,1.084326339249653
1.5733869641622464,0.20169313952082718,1.0450296779583612
1.5764513017525115,1.0238433054299223,1.093891947701138
1.5709565098809795,-0.45962318782693223,1.0909032552579225
1.571882993780312,-0.2686180469516025,1.0626074150503673
1.5697502568640118,-0.786072099454595,1.051513339243371
1.5742214757925541,0.3768942543443948,1.0083711070309602
1.5739085470453658,0.4964622318999421,1.0815051623081722
1.5743982368556944,0.3434947279439802,1.010204195578577
1.5806701309157276,2.21061918568845,1.1311010632120044
1.5725672584451487,-0.09830068582189401,1.1066928752909193
1.5758252605344147,0.5111407101797002,1.08514206669175
1.5735982058376694,0.22139025519604844,1.1063226635773857
1.570444330200886,-0.8148304091619208,1.0671946738969151
1.5714535700207706,-0.35105736593929776,1.1163697677504534
1.5769042097369967,1.098951496926533,1.0822948043538494
1.575006496201262,0.42040497238657765,1.1080056728288548
1.5720049243251393,-0.19388805992823224,1.1323668948084307
1.5708797491012503,-0.3685951151955984,1.065958509820973
1.5705087901414005,-0.5828757833612244,1.122632014983945
1.5727429888758375,-0.08778447357039355,1.036355800986974
1.5715069040586735,-0.21464486530145277,1.069586742896289
1.5666053070977575,-1.5731591911434415,1.0851209593430797
1.570178387165106,-0.9792350143494297,1.1319082654036225
1.5735286460882623,0.15017989344638635,1.0913067737278745
1.5742555302300845,0.49030125436619243,1.0477891825645622
1.5719868739150733,-0.10155109694905723,1.0238285444377202
1.5698957158180535,-0.9094310464101916,1.05534842007372
1.574961370559204,0.5989658845727424,1.1031016878192346
1.57010631468832,-0.9175586067638956,0.9732008880337341
1.5709244673391798,-0.3013001636966757,1.0360126456553456
1.5674152983446565,-1.8167556895307935,1.1136605590788888
1.5784336139020114,1.24082957518958,1.105281958587531
1.5701034652686017,-0.867082577589163,1.1423119428048008
1.5772492761610106,1.2630255218850732,1.077876360264006
1.5698377859991959,-0.7271450071576389,1.0772862335695033
1.5710000831577862,-0.49493275334755055,1.0130211241807172
1.567175596682305,-1.328216960493264,1.0462907312254512
1.5763569730563165,0.9583484204700452,1.1244755525961672
1.5687825052062225,-1.209638340777597,1.042091477120514
1.5778942522999133,1.4236380459134153,1.1283256446733516
1.5732998705021353,0.29504828019843166,1.0835588313984128
1.5707902786673562,-0.5125293866099402,1.106030434895114
1.5730747822654116,0.02653061497661037,1.064157705946362
1.5694093135180387,-1.100845713234757,1.1565807462727526
1.5696918186178,-0.86669278293576,1.0220375488099425
1.566655481265342,-1.7308159837173631,0.9973737154095267
1.5668383269991735,-1.6655868950198434,1.0512046571576632
1.5696803626248748,-0.8602054966448284,1.011106205290699
1.5672596604587488,-1.556302403320861,1.0148508863060621
1.56979907361519,-1.1063816974930927,1.1054141950151457
1.571838946220002,-0.3382459578129737,1.0420298384784508
1.5708849065564958,-0.6783302506225867,1.1161410451427092
1.5744431292672423,0.45313435607835933,1.0995102245862105
1.5739811888803434,0.38176345042234267,1.1110857933960658
1.573675679505865,0.2576404768253628,1.092006598736719
1.5768546155050454,0.7419321649823838,1.1185169044933114
1.5738654322673338,0.3121719028846094,1.1145278860801573
1.5705054908052318,-0.6393808175162862,1.0613432383897214
1.572367906100211,-0.1365319095827963,1.0795333996840444
1.5677316409747606,-1.5528633427210807,1.15238161641282
1.5722636659045544,-0.13110175424154336,1.1088887707827197
1.572769559699281,-0.011586931963872168,1.0411233669467168
1.5782771032918528,1.5671504387838373,1.1368068124031248
1.5805515430121055,2.1038472362010237,1.1061242077593056
1.569326112820857,-0.9860296950307007,1.22117202296582
1.5675302762787302,-1.6890939022710416,1.173369602834127
1.565262451370844,-2.147128051762054,1.0008796550590762
1.5708658966212294,-0.689009294764174,1.164753695948676
1.5720576371876986,-0.42971421850721153,1.0151711115379582
1.5753425083215438,0.5279687481392799,1.107368542364276
1.5691186458843749,-0.9070849122832304,1.1187406643188595
1.5790414080948099,1.9052101951539133,1.061109542754428
1.576508579662714,0.9217059337348493,1.093229796454742
1.5705165777038748,-0.7797400972515701,1.208717010710958
1.5759047390725587,0.9199808858181721,1.0161573073013057
1.5732133846418301,-0.2870298215499499,1.1353838286562292
1.5716491750548767,-0.3170890322442475,0.9764507061702496
1.574617246246056,0.41603414299197555,1.1057820145525576
1.5732679662088855,0.07418211843751847,1.1220147768526914
1.568689990977721,-1.0247654024378645,1.0874399943644106
1.5647481061806032,-2.092818107645061,1.0532460254027147
1.576520136695353,1.1141092472621505,1.0343940636540938
1.5741884555643402,0.22634287139053835,1.1748963326537853
1.568803923609949,-1.150400879618608,1.0273361343167073
1.5734704048088568,0.11596855899056613,1.0906922235526149
1.566055039811209,-1.8770439847845757,1.0511889154542902
1.5755954060418365,0.7364824427156188,1.083832875566302
1.5719653029339893,-0.37835147570536265,1.1735905510081759
1.5699961608449327,-0.8141601551080965,1.1768032403340083
1.579593435776488,1.8354492197538248,1.1184945934304376
1.570421358091774,-0.7720850679231811,1.0572142210422468
1.5735235265218055,0.36422334798623685,1.0279111835610475
1.5701948652096458,-0.8995601404706605,1.0646280214599977
1.5774986441783643,1.2986803063088381,1.1189561559468713
1.5721853422561662,0.046894200606287774,1.1240710216104555
1.573946549729455,0.2232745575973907,1.1230822331680408
1.5789651418960235,1.6575277314834533,1.1553603867047109
1.568059635623442,-1.4502587322694442,1.0592426628769553
1.5718004098739975,-0.29350972485776783,1.1410198033091992
1.5790592010506375,1.832817175959466,1.0972546807777968
1.5708850478884375,-0.6920053321227388,1.0627452490044595
1.5721225539158756,-0.37072302616707414,1.1527072332905375
1.5709023154406687,-0.7301411047995533,1.2403343312593011
1.5720659813063285,-0.5304693546894729,1.1384501911156404
1.5746336205662763,0.420450765732785,1.125058514618412
1.5668694394253557,-1.4932247989872471,1.1390173793590945
1.5728731165782348,-0.15276110764950054,1.0985466964370318
1.5723815423197114,-0.38453961301607537,1.1593026237835609
1.5664344018706469,-2.0360998896147127,1.1859536238511685
1.5674458142985872,-1.469749813499714,1.1710065272460544
1.5787585697853732,1.5838862561683145,1.105078186102215
1.5728346046231163,0.16427887926528623,1.0942462050871162
1.5767874602427783,1.0594086813494665,1.0450582470566632
1.5718192047436024,-0.20743906214370567,1.1216116252834878
1.5700444965975424,-0.7682733641856769,1.1092281286512362
1.5705997350722407,-0.5900443222158192,1.191520392703111
1.566959378041018,-1.6765458314485189,1.009190603127618
1.566228893005743,-1.8023761987769145,0.9945554124287677
1.5702158049863988,-0.4818081062122356,1.059354441343751
1.5690600147344764,-1.1416596501619614,1.1749592841251981
1.5803206716102636,2.2987025153677507,1.0703135180490437
1.5802416034048985,2.140144711354092,1.1227536340199813
1.570445529564036,-0.8577439371049546,1.0624652115606672
1.568571726484342,-1.1989122462260182,1.020754962405641
1.5767039945862529,1.1188012950734882,1.131007584328905
1.5673595196638692,-1.9168746986526704,1.095199647615106
1.5655695971301833,-2.1485269975090326,1.0605403865011835
1.5712935943000106,-0.4979254587563338,1.1199015567361463
1.5775545450722943,1.5462661605778425,1.0565045185723554
1.5690944193143164,-0.8588067442155104,1.134577926158396
1.571829423871992,-0.21178262381364865,1.0863555369791993
1.5804718033339198,2.085967100878837,1.1412427326392023
1.575311390706157,0.761222759831514,1.1268351852369265
1.5694443579861135,-0.9612070845072775,1.0596943096979945
1.5690998275118027,-0.8880113240715652,1.0500036262007786
1.5674459145943753,-1.5420677046343672,0.9965409797282645
1.5747831347506398,0.33176288356096073,1.0991253447378306
1.5761811415247062,0.9694467198882217,1.0988021380583906
1.5668091024014001,-1.683540312691369,1.0021558722755755
1.5793964852131843,1.936131555998458,1.0765266976488677
1.5787126799659712,1.583052210309571,1.0770653546142097
1.574485259047268,0.4026893270137679,1.0683412883663965
1.5752647355105829,0.4559761487754626,1.072320619619391
1.5715832007925088,-0.16045369336827317,1.0833902008601426
1.5748624882707727,0.6871541369838704,1.1104948329353825
1.5656007123711202,-1.9475692575664953,1.0899830397337176
1.5694762844181893,-0.8549916502337198,0.9941741102188769
1.5765440188259152,1.1547379553125856,1.044482094341322
1.5800582623798518,2.120917640430347,1.1135707475436947
1.573467501301514,0.2507854084598117,1.1443688492062398
1.5724050839903323,-0.028836186570719978,1.0427097259480866
1.5728238849671055,-0.2595185703488824,1.1220250394830873
1.5696633894283232,-0.7902088957368277,1.1524921044119847
1.567946552196776,-1.2179137884500986,1.0818239097222566
1.5745131246129993,0.3995776908245212,1.0838442679451652
1.568554962734011,-1.0595307021271962,1.0562854449594834
1.5765116812319646,1.171113051993718,1.106227269229584
1.565260765780651,-2.0589012297057594,1.0063279718500078
1.5681169201627545,-1.1989460531982283,1.1020084923391835
1.5728165510186471,-0.43844359448455894,1.1197982552546832
1.5733380076073855,0.20431967003701723,1.1224848560383234
1.5705559979743255,-0.7239567186984026,1.130236040559712
1.5708687667786048,-0.6000679797693145,1.089495007856368
1.5786835280434837,1.7274828494081085,1.0928266047041135
1.5722418894395427,-0.30004260419750944,1.0663227954730545
1.5694312862244557,-1.0369474215429362,1.121015427741446
1.5665969000268434,-1.6150116600108682,1.1259961551407258
1.5660687745328137,-1.9209879149431657,1.038131474208591
1.5660668151399433,-1.9288650696147418,1.0506221102900513
1.5672001614220732,-1.5740011632538164,1.175764359597571
1.5735909927115226,0.21511234866087253,1.0448400648544958
1.5743092891783783,0.40241819153090286,1.0602398579975179
1.5726768864541825,0.019494196854465344,1.1255475541405697
1.5676802481354297,-1.428767314113655,0.999771043194836
1.5723104317375758,-0.10639120564922103,1.0334673989096075
1.5773651711089471,1.28175448303911,1.1499530817079553
1.571678566068534,-0.26032396573136696,1.1056193877691913
1.5681423730716681,-1.1588080284736193,1.1062088636134566
1.5699205046799045,-0.7306802466046224,0.971194336201764
1.574859671717369,0.6292942065587825,1.0674878951968145
1.5703998481505586,-0.6768523108436201,1.1362960761721461
1.5718892554201684,-0.23677064696284061,1.1689408848087148
1.5703680853713005,-0.6014650268079579,1.0876320691687635
1.5702847097996873,-0.6955825198269427,1.1048719473835615
1.5724573699121849,-0.35306991825443773,1.2073084397453209
1.5732143824010967,-0.21817157624297906,1.220855206339792
1.5774825481568444,1.333866375385926,1.1016276016320024
1.5786038770192228,1.6915913744910411,1.1242158044960067
1.571722460251465,-0.19439417464487208,1.10928551769265
1.5725527867783662,-0.24445851851992034,1.0602940590975836
1.5772219649116415,1.2056755073592258,1.070996091376306
1.5725202992989107,0.14193434798672508,1.0649503373261784
1.5692544261958845,-1.1195198207566581,1.1027186686907553
1.5720905644539653,-0.4750156966552341,1.1146620782020187
1.5724514638579283,-0.08774014115697838,1.0027609138045537
1.5727137189514058,0.23340347280462945,1.0320287322764676
1.5759351438600904,1.0094053933989848,1.0554285208751266
1.5719775095431694,-0.2644677185030448,1.0878649752533804
1.567771270821131,-1.3197720819162557,1.0967806815218897
1.575039622898777,0.41985890522778335,1.059122062275595
1.5705009249604327,-0.6388616342823105,1.1728196710921281
1.5695377074450463,-1.2141218607086546,1.0682732009748934
1.5801756271913787,2.068701443602152,1.102917180761876
1.578016858489796,1.5647162898376454,1.0608792019997846
1.5764801934663353,0.9198982687431853,1.1118940439938227
1.5712142987861601,-0.4089392726647625,1.0807640755583097
1.5688730097695116,-1.0638733124111928,1.1596631377518507
1.575570811503962,0.7948371006926161,1.1423149662070675
1.5659925502457157,-1.830638027737826,1.043851112150934
1.5703457682437907,-0.5936456777890774,1.0713113089218582
1.572211746474037,-0.20766602441151738,1.124229022324852
1.5741994909932435,0.49627482306246296,1.0858390617195195
1.5756051252581704,0.5475682406167011,1.1760279163115874
1.577537834240323,1.1195833756910187,1.1094524409445092
1.5710394996809942,-0.8480889204511451,1.1625419202875074
1.5726791816366028,-0.013292017356721308,0.9615181664273351
1.5705991942176964,-0.6653265899315419,1.075043548208741
1.5715902278778033,-0.296457327054141,1.1114886061645615
1.574636297475344,0.6124578107966926,1.032932063355279
1.578002880260403,1.1720112586989184,1.1524910163532869
1.5762115772841656,0.8682681878529033,1.1006999550115386
1.5761642771302895,0.5264188177123114,1.112600470381674
1.569756002747962,-0.7133345218917583,1.0748986790390862
1.5757636474106744,0.8336655077572499,1.1594682474921736
1.5767831984321652,1.1549456967477372,1.1378617310060322
1.5800278848532223,2.11956675832975,1.0917147676785584
1.571723723803539,-0.6412236373169051,1.1344835835988816
1.5799174946854784,2.029923121813368,1.0422995846467864
1.5716526646933586,-0.2375597098602393,1.0351955247222777
1.579066478234899,1.9589736260393518,1.0311487095800578
1.569555811046144,-0.9936144592301718,1.0852837923910237
1.5779865577996204,1.370615378875852,1.166371713343061
1.5742175944234247,0.27733705283538235,1.1730154203209289
1.5744527310781629,0.4397498413777669,1.110553990259778
1.576199701086204,1.1353924203934167,1.0486675481053869
1.5755049520855564,0.4741569184487534,1.0746504734190252
1.5710962499237071,-0.40968285127039933,1.0134316268069545
1.5693101944303918,-0.9295013506070167,0.9787949428293262
1.579966739830412,2.1559589936272214,1.0854302120768986
1.5769981377853544,0.9057092992478617,1.0849261150989045
1.5749981984073569,0.7348323020430092,1.060053241680354
1.5772834301456788,1.2254882592532836,1.1079108668511284
1.5706895265111207,-0.6245060632017814,1.1520503417851577
1.5780395311145927,1.4767439295968514,1.0813932775406578
1.5690292563980988,-1.2501555350132076,1.263809922572537
1.5781774207260575,1.2788788958498667,1.0820275431155408
1.5749750889851442,0.486564033129959,1.0827430993463907
1.5739950150233883,0.205518835413407,1.0956735775255764
1.5669665429168893,-1.5213567907602135,1.0829822931004025
1.5728094372640564,-0.03765005696604021,1.1656305480190312
1.5728849477877205,0.09337965517656173,1.1014640083929232
1.5709010089266924,-0.5120213662587805,1.0755562699817045
1.572712486763425,0.019244120722085065,1.1161400024539885
1.5703813022666997,-0.9933575330561494,1.1509919540054996
1.574633421244063,0.6349734049007488,1.0898786644542813
1.5759721872245973,1.03960905366866,1.0349683070021936
1.5724821900464838,-0.014212963251739874,1.0889107944777179
1.5661609747481093,-2.051119999340676,1.051442865771328
1.5722445111554593,-0.17712915685431246,1.1007167847378414
1.5704536652699113,-0.628545208386093,1.1527817199300086
1.570347288649181,-0.7717017555870069,1.1813890473082265
1.5670682693295588,-1.6272909392247412,1.1290978843233648
1.5802412601674036,2.066894561573307,1.0660296681059243
1.5730791158848656,-0.10547281977918399,1.1404371425070312
1.5783235912066398,1.4948391250543578,1.1487090708950018
1.5742326123304622,0.45635635780711387,1.12163703894287
1.5758320054353114,0.87584278388747,1.042655005112399
1.5728710777528154,0.27425994181737456,1.0290942039259168
1.5699269117939294,-1.2477611819213072,1.0591413986924527
1.5690769876223931,-1.0413078031407752,1.1073534523058575
1.5718789946185183,-0.35217546456858884,1.1817464301566971
1.5788068453539739,1.619332609807259,1.1055419158687825
1.5711372131298968,-0.4724536015390361,1.111648108579182
1.5673831230164759,-1.6479918962650588,1.0722201146424235
1.5758974804526502,0.7738230977727126,1.1403001223536458
1.5692482006612332,-1.2501053638344135,1.1042230910133095
1.5812959723874649,2.2815638945972547,1.115470173069043
1.5712153830652091,-0.45721788199166175,1.0671388209012742
1.5724151562059716,-0.25144958158830005,1.1287593806012586
1.575783006824967,1.0529356178336802,1.0647842451373766
1.5687053624976977,-1.1194544985798707,1.1441838522354546
1.5680096513348023,-1.2568522099101251,1.0939003289899432
1.573717546792879,0.15004968830427817,1.029441632852203
1.5792885760340698,1.9242731361419267,1.0554126296920336
1.5727450897944522,-0.027928734190899092,1.1039682104666095
1.5711189050465932,-0.43984704996562435,1.0825780595940204
1.5731633492902315,0.14422559371794982,1.0498137882936518
1.5801693559136665,2.0484164687729187,1.0918327398458587
1.5714935392616736,-0.7810655265046978,1.1476706229638312
1.5729518973997636,0.07366611670899414,1.0916191264571042
1.5778920868866846,1.5455127255857244,1.0466797741379095
1.572130333218006,-0.3695705025428613,1.1052662179658141
1.5728214492590653,0.021271648355954333,1.1045018067548158
1.5706327232304753,-0.536781706947183,0.980640602928162
1.5691308189369166,-0.9801178476777067,1.0826232965424945
1.5704005286396223,-0.5897518089413012,1.117142041037596
1.5694266028470554,-0.841063583781978,1.0806343545806256
1.5763658311422988,1.0805227929554146,1.0125166286701668
1.5762374745364,1.130589859382998,1.0477092119189746
1.5767628146539776,1.1850260038541875,1.0736894207872996
1.5663996938890283,-1.7880554029165936,1.091478588303038
1.5696670256916554,-0.7097942076106326,1.0778467986943938
1.5673611267086498,-1.5922339525306044,1.0175738254953628
1.5659706525104389,-1.950042357910832,1.0284618877077027
1.5744114755569119,0.38172836375167196,1.0510092080563394
1.5766623131321025,1.0679649095357096,1.1286921373002634
1.5681556663051657,-1.4821754359040251,1.1185658875557731
1.5750773142780523,0.6885446020923196,1.1114456721956218
1.5720106219941035,-0.1991460374205219,1.1181401896627852
1.570875985576889,-0.47575891356547456,1.1246838925278775
1.5721487602354267,-0.23034282762702016,1.0806688278375836
1.5655091417519258,-2.1453606048150715,1.0993380222843987
1.5684328806729066,-1.1919057172799032,1.1028170718110617
1.5727094279839824,0.061628288580867954,1.105711799174283
1.570337050579744,-0.6966075532192164,1.0302031944166257
1.569533845705436,-0.8269495797957358,1.20370331638913
1.5795907815017145,1.9770981794966107,1.0675077274769325
1.5711427190928615,-0.4564570208433175,1.0809278917931782
1.5795217392104708,1.9402289406859712,1.0387103080158997
1.5710064697027646,-0.475662391802552,1.1152306295860335
1.5788905128419644,1.905512884916869,1.064231983848005
1.5771357802135864,1.1327313218664556,1.1664906874007335
1.5657310636640607,-1.9703932841094167,0.9445143953831863
1.5755288814113797,0.5025042331610742,1.1068388734680545
1.576176314071276,0.9749128031136143,1.0783831811553262
1.5784491540979395,1.6739026336992844,1.1002967946365514
1.5667587882910072,-1.9493353250543397,1.0673544637004264
1.5741566115183987,0.41860283529910725,1.0562233640361536
1.5747664131539059,0.38490545581638347,1.1029155029834854
1.569020175976665,-0.861997001203923,1.1241496774702735
1.5762878282572825,0.9763972078067208,1.1261099225451743
1.5724247143340795,-0.01207763705399979,1.0426087560709647
1.5708285510090079,-0.4466701560705736,1.0746413575966807
1.5694756220846464,-0.8844030049969532,1.1254976929931506
1.5701118107204188,-0.7325270612371491,1.0788583162744938
1.5756407364992184,0.7977686731777851,1.0773650418816192
1.5737918420934298,0.3796910019058115,1.010844961279162
1.5726309225513202,-0.13576116290512916,1.101312409822584
1.5718782220746836,-0.21242518932394375,1.0482520676701372
1.5712134668272664,-0.4261972045652657,1.1391787047136996
1.566564144226361,-1.8328554128598151,1.0485934272591357
1.5788698390280733,1.8864637944280145,0.9915670267805109
1.5707836704741378,-0.6439377357233358,1.0265977587756454
1.5726874589195634,-0.031391294406501354,1.0365255656884325
1.5691325777731309,-0.9597154462071178,1.1124946657129595
1.5712306450676439,-0.47423235131976976,1.135274444729123
1.5739868652093083,0.40731164090256056,1.0038974175540492
1.5724009430240293,-0.2439165919500776,1.0729316408590752
1.5667418660009769,-1.7769670737419172,0.9770448029788692
1.5661357880661626,-1.6835995842891998,1.1129028598524116
1.575760430959145,0.43195905803575974,1.0707230806341002
1.5655401277502634,-2.021414682878756,1.047921756483289
1.5734757483605242,-0.10337143955732361,1.124666947984246
1.5730789411243706,-0.1178064204292832,1.1474358801801114
1.575448909708831,0.8871606224053693,1.121338807673598
1.5752899992548126,0.7919308421461873,0.9849211587774224
1.5778097713747383,1.0289589938835975,1.1054101970717525
1.5689123260631246,-1.0628316201329135,1.1851209701622047
1.5734886083291653,0.3374304576047096,1.1395075266685943
1.5771784860311944,1.1316294323584335,1.1324668399146371
1.5801620629972712,2.136508331663938,1.1012215910875383
1.5725336964211278,-0.18956225013919678,1.0218941635317025
1.575357267085876,0.6854423174008683,1.007825184943566
1.5721170057004414,-0.009993012907993645,1.1111218606588527
1.5717575216019821,-0.3681493204314185,1.1177747545026957
1.5761278805017287,0.9581888687982025,1.1244108810177333
1.5690922457389413,-1.0881864151282645,1.0400115160833097
1.5760061576963134,0.8774890602935503,0.9546765640494759
1.570021057866388,-0.7516253542523854,1.1321664592153569
1.5721518918127464,-0.33082590454703437,1.1130912536114104
1.5708099964619417,-0.4585253569443122,1.0593296065695006
1.5723032585478995,-0.05472409838121054,1.0862391086445253
1.5692411165193572,-0.9981949688601679,1.052066581363318
1.566462078817724,-1.8603857043806469,1.012680549463241
1.5700711555040012,-0.9437958582878735,1.015151903229608
1.5768940197710701,1.2251980552370256,1.0322913376029048
1.5703210111378336,-0.6728805781914694,1.0825558078206916
1.568176348286411,-1.449963922216612,1.0430295719122364
1.576355796551993,1.0665023016770419,1.0969885084744917
1.5786800535890395,1.7806533936008895,1.016240882356979
1.5682949905173278,-1.3397485610672082,1.1365672044463797
1.5732633206225333,0.09976005133150359,1.1516884620587844
1.5748181168311441,0.5457467966179733,1.057497188015157
1.5663642378986449,-1.9531822219732786,1.0607395844133278
1.5715497253904598,-0.4381237824944763,1.0298063970262756
1.5687332906132414,-1.337188999927399,1.198225717642669
1.5789893263953318,1.7632641900321635,1.1054889935576744
1.574552233132547,0.49071045340218866,1.078820491823862
1.5744594517769483,0.2944219301198641,1.098603107149013
1.5761338722186788,0.9595899978454496,1.140791628478792
1.579600352907927,2.049863840432769,1.0565351990871337
1.5699707279064703,-0.6615623906506013,1.0965679483460384
1.5687148393609083,-1.1253293935815978,0.9558780037854775
1.5740212105091458,0.27147500418546305,1.0694042889143145
1.567583250070476,-1.4920453111127419,1.1063561813092129
1.5723412833401493,-0.2590154574946696,1.135720606370967
1.5743879960096154,0.5776987704475468,1.1449684716936168
1.569945220293116,-0.7567424780245225,1.1456467517550206
1.5752363489316914,0.6822409625572043,1.0844019356926469
1.5690799199552876,-1.1100167531372054,1.152500020431317
1.569866863957877,-0.7691728039699495,1.0795812995356595
1.5702821316690434,-0.9848366106156431,1.1059279835329723
1.579797600839793,1.9933806959646445,1.053679280795751
1.5725093475954015,-0.15455216425951954,1.068625280088052
1.5732360498926294,0.15213105877268387,1.1351456531260824
1.5664745423478261,-1.808460114836037,0.9978544621878711
1.5671178467051152,-1.682230248251666,1.1653435343737246
1.5746840234119814,0.50703491731803,1.0696986121145415
1.57840770410786,1.6355282113269776,1.0220355241091996
1.5654520361840865,-2.111455178691904,0.9966253687039425
1.5683891635723086,-1.2623726073914807,1.1427423049507381
1.571611446809254,-0.2279626278861683,1.0316697569283488
1.5756480643085393,1.0271905175041443,1.0145941038336013
1.5678152307772466,-1.5721946117221572,1.0633372781446317
1.5735327319281447,0.06881582311094578,1.1326583353035862
1.5739163864264887,0.27501434689422966,0.9955094302469474
1.572207136492777,-0.2856404199530796,1.1307517984173958
1.5753510384757836,0.7273033110181716,1.1388801913835493
1.5792559148609402,1.8330043531485931,1.1332592131984562
1.5753961443003677,0.8086507711634934,0.9912198829565353
1.5680627758863661,-1.373628465939856,1.0093822964575614
1.5689446276126704,-0.9629742051975109,1.0676743016247234
1.5660412671389947,-1.97308259638585,1.002701903807892
1.5775270534445451,1.3880074426446714,1.1438791792990832
1.5721335216502184,-0.22640335902204278,1.0462037676557339
1.57120596744508,-0.498168683000874,1.0162027722098919
1.5734609161734636,0.1697561826629271,1.0752622155286984
1.5749502789913807,0.591366825216124,1.0533614617164706
1.568272517625092,-1.447541654574095,1.0718485158844107
1.5780175384610433,1.299058843508404,1.1607479210764433
1.5761846097964103,0.8848052223270341,1.0466575931673894
1.5741296540790801,0.43909482669457206,1.08605239082492
1.5738405417428643,0.2680130240687486,0.9921609769319317
1.5791075147486267,1.7637660369249755,1.084893538645377
1.5664676587870514,-1.8460799520050628,0.9692573183785753
1.5710276638168088,-0.4646655790459308,1.152596056301413
1.570300243867419,-0.6034026195702763,1.118086748171953
1.5766149057880428,0.6698833104455161,1.1003161101975003
1.568810278356603,-1.2298639517007386,1.1899320192832141
1.5735851545967028,0.06154494180365654,1.0923505069436612
1.568205905161366,-1.3624364637147295,1.2092688985666664
1.5706880898743503,-0.7494688108177443,1.071174225590415
1.5688263113529197,-1.2494339727724133,1.0863883789990434
1.572412856744484,-0.28143420412563963,1.1974466117283908
1.5764079601982472,1.084966137611447,1.1164955575794129
1.5715110557674585,-0.3699417994683367,1.0508236715027057
1.5680472972397692,-1.1866773313108754,1.1527536622474628
1.5701575683054068,-0.7614073634608484,1.0851594363073205
1.5675760452267535,-1.399738771457156,1.1279117908803518
1.5775250526914304,1.3526249989001666,1.1248054109501866
1.5783621756877089,1.6376008786259726,1.0221816975815974
1.5695739721358017,-1.1061717012755374,1.1800021044652589
1.5787643054585048,1.8001499414355766,1.0953038085927722
1.5683044904217973,-1.6333337181228356,1.1020251603780906
1.5750465638004671,0.6496155747131283,1.1721152811010467
1.5678809958924957,-1.407559432510998,0.9832127805771083
1.570854954692948,-0.44146698362687975,1.0235900282414678
1.5702178409028065,-0.8146719503711524,1.0965179622768315
1.5699639702400219,-0.8274441330139525,1.1524692148539286
1.5696354303605282,-1.0318827153684391,1.0264652936473273
1.5675312099666368,-1.3590389949233,1.1592414190028084
1.5723654743787487,-0.22367130049049488,1.033876033640187
1.5702561995233522,-0.8236399881666495,1.0540029733030458
1.5726147471462202,-0.15933511906418432,1.017027053647002
1.5774944373680917,1.4239471074405872,1.114846911326909
1.5750201945105329,0.4578252208249088,1.1091910406145806
1.5802240181652312,2.174605669665753,1.0965284555259596
1.5705787396427762,-0.5210082858154594,1.0624919190179962
1.5691255327765443,-0.925868185054541,1.0112751162413094
1.5721984455877338,-0.3018834843119451,1.109065829485388
1.5716752595203385,-0.37216336665496563,1.121737652775156
1.5686473500564342,-1.2094558999374123,1.1128676017200179
1.572839717483525,-0.010117797637385332,1.0939828870840898
1.5704205255002754,-0.7646876305407633,1.1054964437002617
1.5718314156690534,-0.22319367084439837,1.1195920336251686
1.5740656627094605,0.22410204643510495,1.1364167046879745
1.5668042454769362,-1.8738213257721177,1.2194312761669426
1.5688304879772075,-1.3366150414845333,1.1924729231487081
1.576883570910062,1.1547735987101013,1.0636461541279822
1.5733910508109803,0.3041911734767859,0.9882306427533274
1.5803140416866468,2.2635728494500675,1.053943759853417
1.5717354833625885,-0.17902633440000337,1.0097323523240203
1.5672668041799196,-1.6431503647758907,0.9950549831075871
1.5746758371381588,0.3948128781623943,1.149828007252282
1.5746199267183936,0.40542661987111706,1.184702679016164
1.5784639742036808,1.564681968544209,1.0718122344226229
1.5739465337233378,0.22195441575215272,1.0982964661439467
1.5703377095538245,-0.8931222661782628,1.1476845466741952
1.570501006033807,-0.7435707212355678,1.0740539788801728
1.57223143511549,-0.169839386296095,1.1133188681340498
1.5705236048997975,-0.5752436120289933,1.0955053515647935
1.5759339994478785,0.9356585119302168,1.040332641600965
1.5652720427202396,-1.961855553167123,1.0756309652371372
1.5692156772409152,-0.9174271426162871,1.1157701678206366
1.5756067237410063,0.6370694966895254,1.112685918751785
1.5698450372763209,-0.7083523470006517,1.1328960676306088
1.577463004664919,0.9393144904256655,1.0986071679694744
1.5725125676018672,-0.04735978404640982,1.1794670718263744
1.5781378117556941,1.5302472363256003,1.097093806561337
1.5764720764230604,0.7032740823052589,1.1241319633985807
1.5780056701974012,1.3842904439542492,1.0400013642557122
1.5769520563995245,0.8324102896092405,1.120251412375559
1.574030520737878,0.3627306620336902,1.118759305810645
1.5708196831733747,-0.781099086819551,1.0871285234789643
1.5687417910066594,-1.196719097049301,1.1261797820947004
1.570219942714052,-0.7343341157324855,1.0074833695778476
1.5767087150375922,1.0465508887301453,1.1009701412213462
1.5784087974371934,1.548631650093227,1.1414793039898596
1.5702623305892562,-0.6801822882120124,1.0790073511094473
1.5772920839571385,1.0136215405164755,1.1485110651644483
1.5713379820789426,-0.5571366828176785,1.1676841965168507
1.572614395797635,0.02350745668674403,1.128634760981242
1.5753058248779368,0.7611398747545906,1.1058334478058016
1.579618205663563,1.7983624459903347,1.081539763355335
1.5720542983541892,0.07078381661385506,1.0301557663167005
1.5718786394263846,-0.29621579380957597,1.0194317466084057
1.5751040308098674,0.5569983694407917,1.0951960232853328
1.575165202869195,0.6347506208255939,1.096300517568565
1.5696232476856777,-0.8724755278915034,1.12991430467729
1.5687910824441986,-1.2989566196397182,1.0492148061806967
1.5795911754680825,2.0138931251076624,1.0734399495982454
1.5724712273294927,-0.18957002773998397,1.0382788821562374
1.574795219478022,0.616633757416075,1.0546725020947616
1.5768690012535842,0.9196115320862759,1.1005153018337928
1.5731003123335179,0.3473043034889039,1.0648107741075559
1.5708103857354068,-0.4828716322459703,1.1077913255531617
1.5672772196945939,-1.606793100326216,1.0608080014634915
1.5795502300411746,1.9225412244312827,1.0695300509473988
1.578209081994381,1.637377401217955,1.0783714798685735
1.577806266478887,1.5651752367965663,1.0686599866199422
1.573115645279868,-0.061812782559006595,1.091244081548584
1.571657873697578,-0.2809930954646131,1.1267234003173168
1.569109154105104,-1.0693552376288575,1.0005673870561789
1.5789949939023673,1.814749992434403,1.0638336283490233
1.5689420550021413,-0.8432252302630883,1.0179846679214242
1.5723689284400253,-0.005297894137602947,0.9708579190136992
1.5714433161902701,-0.6391720262045311,1.0440050637384797
1.572930166015311,0.1321163780874353,1.0078025907016555
1.5786121516545752,1.6194560781273275,1.0880050282146052
1.5782191009688404,1.4597859796440278,1.0852446009837053
1.5687993854724582,-1.2299097252499518,1.0277982762313824
1.5756634555884887,0.5797152962943487,1.0884881356448384
1.5731325300255723,0.06015030846859912,1.0231255598622757
1.5725378776727341,-0.06760516561348469,1.1650850990334123
1.5675925266588402,-1.4306367066752972,1.150501930252005
1.5750540343927002,0.5605377491757713,1.1875222407920005
1.5713476452927033,-0.30540494880448255,1.1544721308644952
1.5761136519398995,0.601649436888159,1.1195736110345083
1.5698452363541264,-0.8043650789754434,1.0400062687668912
1.5696621972767757,-0.643534834445227,1.070803282743124
1.5716550453086564,-0.1445371051143826,1.1605412563027528
1.5699159331001133,-0.9612580056165955,1.0056515536901234
1.5771650550493064,1.2981326738623737,1.1160408309730177
1.569152495686564,-1.0609997745664772,0.9995936398328364
1.566209382724954,-1.7148450335507457,0.9897116319977622
1.5679316001689527,-1.4958184349981403,1.2357406574287118
1.5742678524073386,0.2674365542410861,1.0058229197740112
1.5738386633106465,0.38216076571930424,1.0581883062504647
1.5661848387498873,-2.03985775593835,1.0763858957354155
1.5692613482858355,-1.247095342487613,1.2005603883881613
1.5781834218169895,1.5990172417347015,1.0338543487639325
1.5698197879328664,-1.124708048675474,1.059046677205825
1.5684746237401952,-1.234723026360564,0.9737548681342616
1.5651856386285559,-2.0744740998299087,1.0791084703372595
1.5761465303706583,1.0217678669809476,1.0386428838189778
1.5734968032232886,0.11556021815262493,1.0968024055832108
1.573724088277958,0.2954109674997776,1.1052559109004352
1.5709366350229674,-0.758349885820733,1.2128940220317872
1.5689046696110147,-1.070025093789586,1.0077789653973852
1.577246598068469,1.1551951510098328,1.084975923759444
1.5757993045813274,0.5624550947215531,1.1099485583093218
1.5740556725075077,0.25363961033279503,1.1166434410116934
1.580435429933698,2.153801229239115,1.0821357222226524
1.5720446078117685,-0.40520918057576744,1.0156113562139402
1.571911142858775,-0.19161624739969266,1.0554920887997306
1.5612031550475292,-0.011381725945356566,-3.150418819669373
1.5719909803306942,-0.3490060564620735,1.0432479607476104
1.569983034070629,-1.0509811350934428,1.227980706803602
1.5685113104809927,-1.1233275540752936,1.072411753703023
1.5701643275264556,-0.7991840144865097,1.038900174666805
1.5728500982833646,0.0024043427822012325,1.0990293675439045
1.5710578536321014,-0.3357509517344202,1.112241683121698
1.566273177765421,-1.9345763304169186,1.0660179480408096
1.5738471979935447,0.39517519779409066,1.1157485670697112
1.5762103834663703,1.115946019351052,1.0247430637948576
1.5712438739928702,-0.4475957636904092,1.038648751679319
1.57447988367604,0.3097982841325922,1.171503847998948
1.5755270838830033,0.6814183003310115,1.0788711651657765
1.5661593139352605,-1.8958714087013808,1.0086122184191328
1.5711857426690663,-0.4071865985083786,1.0755973393992684
1.575733407877238,0.7793405006479235,1.112493241554103
1.5722592442469607,-0.17369833106180207,0.9791729332559815
1.5790514740087145,1.775736328812595,1.0356341951162484
1.578890801049518,1.8697818536645432,1.0668890330152494
1.569272738115804,-0.9392021474279667,1.0227641680262365
1.5715473452326696,-0.4040572500697897,1.1694291851196368
1.5714017153827957,-0.2971289659419023,1.0730471875437688
1.568471889350931,-1.2681995702447215,0.9980966844540583
1.568097976782434,-1.4689101321774587,1.080052950915961
1.575905892140348,0.9380245641351275,1.0620917278800945
1.5771851270354815,0.9589184106762969,1.1201909314581284
1.5716762863019604,-0.28750256924762857,1.143026764647485
1.5695578083837995,-0.9681300071795323,1.2070405411959455
1.5698945320496382,-0.806900863099528,1.1747951296654289
1.569042109317871,-1.117246159846294,1.1150040516548188
1.5775625845634416,1.2631867070594591,1.1519762891300074
1.5683820665841177,-1.239146736556345,1.1959188399840606
1.5700112106738724,-0.8433403842204957,1.1616082885670103
1.5687735792770572,-1.0097904884645847,1.092092703742249
1.5740121585247906,0.431844727180901,1.0301319857268278
1.5737823700442288,0.08037241881749482,1.117651989762723
1.5765522525639377,0.901082688230488,1.0905530940344008
1.5772188358162036,1.2615283281999639,1.0681588038857135
1.5745966955057622,0.6613254580012535,0.9665889283861359
1.5707683646740611,-0.5189410895548247,1.0329125022127186
1.5698145669500636,-0.9420099915154042,1.0409453320506892
1.8233422669163473,-0.07247369019010581,0.43502983431588377
1.8227309327391823,-0.7316385677576562,0.583522360322979
1.831302054111116,1.990699673700516,0.5640465430514812
1.8256292035039157,0.5942455188696993,0.550830790112328
1.831827392269347,2.4200000349802533,0.49212062144766183
1.8177264952928551,-1.8032170440236406,0.647781474883832
1.8305342315344342,1.9373214816245496,0.4930668884962476
1.8257764917006838,0.08541387376764888,0.6212705762159776
1.820881615681966,-0.8842034006081505,0.6138638175222949
1.8277803876001104,1.059645721277336,0.5009770033298628
1.8237938410771368,-0.41842251678904185,0.6038185484787264
1.8206082655302842,-0.7749500240287011,0.5302682015483263
1.8310923208077354,2.1708315156608906,0.5403003050440527
1.8284569769508117,1.4011396525507112,0.5324227767575804
1.8234397633936232,-0.141583219927517,0.6190885030442893
1.81820537319048,-1.5214337822402795,0.5554777561268408
1.8232026603318416,-0.2656714580814794,0.5389967228166663
1.8221912272955456,-0.47985220011759366,0.5741656537679636
1.8221749415377837,-0.42915549337960807,0.5165741079385069
1.8232527244906276,-0.03144465459742922,0.5123296910792156
1.829544061699756,1.7049748856936813,0.5180941661863799
1.8293674119390557,1.3989710294247426,0.5299781537985273
1.8193241989675029,-1.4357713281109103,0.5868873155395055
1.8279660178030772,1.3115298062155212,0.5283785908231257
1.8183883548085669,-1.6371162131955888,0.5251321338528259
1.822901200312315,-0.3540536733282156,0.546092143897393
1.8257848568577622,0.648051492798507,0.5042256480312504
1.8277873286478796,0.8829584250299257,0.586061678035423
1.8180818778615193,-1.9050331707114028,0.48765019734097487
1.8218242097388517,-0.610912361507678,0.5052691637346631
1.826510899894536,0.589076843433559,0.48081226462852833
1.8228423658317061,-0.04353747647547203,0.5567313510797047
1.8333979516318952,2.399571604994315,0.6192361654714572
1.8215715948035123,-1.0403451000769814,0.5876022850137658
1.8214773855470474,-0.824129708921658,0.6715703150954486
1.831188789567079,2.1882216559845817,0.5365622162713088
1.8267923771921228,0.6101338505804836,0.5828295752664133
1.822516121412358,-0.4821495326472961,0.5500238506938551
1.8246323982559312,0.05985590999016175,0.5977452403646153
1.823958065734738,-0.01363011126758248,0.5687126068647747
1.8197187416490557,-1.3010072289746106,0.6077052879669875
1.8184036757062199,-1.575995293812394,0.6194589162612703
1.8236498336981584,0.01960679792785248,0.5551648756152546
1.8200971682919813,-0.9871408313080763,0.6034024217869394
1.8285163193069878,1.3458173404177287,0.5033840346559775
1.8218001760036273,-0.42794166691651,0.469403324889482
1.8235218666252206,-0.1406026891244574,0.5367124637482503
1.8283628344480651,1.2387272785429913,0.5357403362832625
1.8253543921076438,0.4645856518513395,0.4396911241727045
1.8214792439178291,-0.6610778495141696,0.5822425813952025
1.8226135599562072,-0.41754250553901234,0.48492474220262966
1.8264448067997319,0.6676209250291287,0.5668917575229642
1.8269952196077253,0.791880255923423,0.47906266653276874
1.8261993293983916,0.7905573560875403,0.5058337169105454
1.8200521051802059,-0.9946501221728862,0.5711137334301221
1.8302184961775643,1.7959234111549454,0.5198800825738865
1.8168699798898928,-1.9552453847711362,0.45942940520812153
1.8253288634359701,0.37941532312393467,0.5799148012250598
1.8252071431339305,0.23134285028632967,0.557509454597762
1.826635578077468,0.9146127592222535,0.4645516794838685
1.8286065129329503,1.4634035229588376,0.47763229255251477
1.8252554201213176,0.4112532317886532,0.5392717439511997
1.8189264331414272,-1.5511862042971705,0.5597992054398961
1.8273636250468293,0.8775196914915914,0.5803280865329122
1.8224251525725639,-0.23681451605378281,0.5546226866342019
1.8277852741959728,1.2386060109608028,0.5427610883985428
1.818014024064018,-1.7340275899660589,0.5024684354033453
1.8214786886268928,-0.6225244717625406,0.5678856582619775
1.8254590462354507,0.6785548726771001,0.5219296498391135
1.8264466634903413,0.6284289890835435,0.5377391567255487
1.8233937458639717,-0.05064769485964401,0.4893134191717965
1.8178445651118909,-1.6874248481138534,0.5145580974404574
1.8311819595787515,2.0608652153677824,0.5168471051274941
1.8301673466830484,1.9379974311750765,0.5519455143290155
1.8255608911052321,0.7135317875597618,0.4954846654934799
1.8212908034080213,-0.5763146657125626,0.47066400294694677
1.8224383800912938,-0.5954095694224826,0.5246040767683738
1.8211882606385497,-0.8205868432822162,0.49934124178198835
1.8269471075994317,0.9529032937885296,0.5071445269635337
1.8287959650327095,1.1570734824032336,0.6006476301392606
1.8238758560824158,0.10015862332250795,0.49136932082767565
1.8194623258219145,-1.3936553301468178,0.49320907735871855
1.8173163867153335,-1.8726899754955426,0.39406603347266356
1.828801601397793,1.4369915248884921,0.562791564653969
1.8264920615277498,0.49830816532753214,0.5648568843053698
1.8286237436633153,1.3590240377703542,0.5263572450535197
1.8262580737928824,0.38052095238944744,0.5820458698371674
1.818390689513358,-1.6046170279507919,0.5494577728125754
1.8216064554351585,-0.5376017251818803,0.51481664308493
1.820266558847309,-1.0816813036346578,0.6706288905227031
1.8213142922801344,-0.6838636039721618,0.5956302196664224
1.8203818457018381,-1.057969302476316,0.6104925779541559
1.8194675062528556,-1.4848460454917551,0.48216873044896996
1.8318940688670367,2.457833035448311,0.5216848462100901
1.8229813868222244,-0.09780765759344869,0.5128764648057602
1.8206147479866397,-0.840745536313696,0.6049944466315935
1.8302890523308788,1.5278400655180193,0.5860306326864215
1.8228660137553672,-0.16356213521625243,0.5464234877437071
1.818809816808645,-1.458914110955714,0.4798131789803231
1.823542661421681,-0.16745143622177694,0.5855337077850588
1.8245067861394988,0.19817167618286005,0.5771579400899226
1.827307435148942,1.093987438546089,0.5427795743532189
1.829067699083234,1.5101299002085706,0.5942249859657055
1.8181303233133286,-1.4705239754867485,0.6086656835287144
1.8220984541194216,-0.4812119560598806,0.5914538348113024
1.8218049230042712,-0.40950019376885805,0.5220152498180617
1.8239882959158522,-0.014508069425773146,0.48047012993770505
1.8193308712799967,-1.3418403877765404,0.646448931069717
1.8206451452151156,-0.9811012173583203,0.5412524638253389
1.8247464030193603,0.19822680968968664,0.5738949728573108
1.8223050658674464,-0.6195177201353844,0.478873117348512
1.8319704241011598,2.385870348201596,0.5480994813422853
1.8216171047670955,-0.6976372381789684,0.4260247606701061
1.8202390126832955,-1.0253686387151202,0.5309449406928306
1.8171027471652952,-2.0090871578240677,0.526310842734499
1.8263653582393313,0.4872296955990061,0.5536922994402217
1.8236157883584594,-0.26371551101180063,0.6310401535170469
1.826039340747456,0.6790581302707791,0.5043197698785962
1.8312197765655425,1.9721104910561786,0.5264511728403927
1.8223489120534577,-0.3837021463922794,0.4665849763506678
1.82450094140133,0.23345620881223614,0.43733051480501506
1.8283863148931352,1.32777553567231,0.5258489919382524
1.8296906095186707,1.4533331491066142,0.5932539195511344
1.8186188817476914,-1.7970320114085452,0.48446316384809723
1.8242547804318214,0.19757357074900112,0.5147919479777184
1.822168038921428,-0.46499176034429157,0.4937478643268439
1.8192343243127818,-1.2909551430999529,0.4521678795825976
1.8262501667009539,0.559004447272077,0.5099527524927029
1.8231943796857975,-0.10947081297136393,0.5298212289846599
1.8207853103876084,-1.0221239994891882,0.4456648685757048
1.8231578535743738,-0.18320352353647598,0.45951042947176846
1.8256079300679677,0.21960398929519212,0.5669768949351355
1.8259081386315812,0.5055396672241828,0.5763730219437939
1.8212588169135882,-0.8206944158355595,0.510640702031168
1.820906420754567,-0.9845590782735636,0.47340550595262904
1.8212103262415158,-0.6229297055589827,0.5410616020335748
1.818213619504719,-1.6550374569180364,0.4638352633822443
1.824780070669147,0.4606193289543498,0.5106731554797077
1.8184890203943527,-1.3469899985071532,0.6238839047725183
1.828666214734286,1.1466695966650517,0.6254984073793973
1.826429995931876,0.7891689712980214,0.5199128371335882
1.8299190287468996,1.6155726086629532,0.5943409649636339
1.8208919618935862,-0.82383412124648,0.48611571463837056
1.8221187388773985,-0.2716096237320291,0.40741350972306317
1.8170780494326406,-1.993623024867921,0.4908812272330974
1.8319591722634943,2.176673320706921,0.4796678420970491
1.8216205622285,-0.47178548007252025,0.5452345220490651
1.8319847601091899,2.116684064796115,0.5314171103642292
1.8231293764932108,-0.16636719940821518,0.5749686826786355
1.8218128812819625,-0.6108449920807314,0.4585128213401896
1.8259516669588653,0.5937821578243614,0.5808478010289496
1.829383197398064,1.634521533342819,0.5947799110838404
1.8296248140663245,1.8118479700378645,0.5437768089154447
1.8188010660127645,-1.5365464414404744,0.6932929313556774
1.8257390496018708,0.16487158647751995,0.66181199821375
1.8296721858569405,1.7414675298195093,0.5291707857449949
1.8308389627003685,2.0099787846018566,0.5168916231755215
1.8252099022304895,0.24976269360040168,0.49446478154963824
1.8259322348790474,0.39808896987352105,0.512814619443258
1.82513580887285,-0.20038586498980035,0.5487036751001809
1.8273548015770222,1.0085538964301977,0.5782381356422689
1.8249793052599235,0.0858154405001989,0.5406534267866901
1.8240866842385552,0.03207273184126975,0.5838415153294161
1.8212055441508281,-0.7830899720285929,0.6191334978311442
1.8278150201446894,1.0001149635538105,0.47773800107043896
1.8237812542318768,-0.12679241262186855,0.4801285687483281
1.822117237378009,-0.6106851325128461,0.5144012301453028
1.824006974960735,-0.06290558028076915,0.5590260710134791
1.8232700437637577,-0.13889781625535558,0.5808031382103758
1.8220410067554174,-0.6856945860721789,0.6514089801682549
1.817292981010121,-2.0608859129479704,0.5842750967877836
1.8177118800858092,-1.8482210181371435,0.5086610717835329
1.8194788581571808,-1.1076850313946005,0.5042293969617864
1.824193362455124,0.03366338907411377,0.5491740062807939
1.8225986402765735,-0.36045304611462137,0.5323303085205401
1.826726816933637,0.5051220363162102,0.49663331730477595
1.8236937597224725,0.10137257949677611,0.5657087893256451
1.8248721636893874,0.25451448809781335,0.5433900781636241
1.8233172420524597,-0.056354436035283985,0.5292502813853153
1.8206201833701527,-1.0235803199037552,0.48523224341423826
1.8265879235425098,0.7568074482246859,0.5629982318050527
1.8184310022600885,-1.7017236195710925,0.5703704214293062
1.8239189540869263,-0.06702819924263756,0.4918017663920912
1.8300664134380937,1.8117537844304197,0.5016396622599344
1.8247971929844449,0.31912465683684804,0.4806309510500596
1.8213106178669103,-0.8910975914409648,0.6373925029176618
1.8177723511182695,-1.700515427365125,0.5874989748692048
1.8213408252173815,-0.7854494916741537,0.6698952240939312
1.8290841851775073,1.5802656145539846,0.5580362357910441
1.8190539748226833,-1.2603155072188257,0.5621549716270883
1.825241457943489,0.32535586606560424,0.48737190907927624
1.8296016610932242,1.7264824379878334,0.5618756215584968
1.8208214866835752,-1.1457375575673527,0.5571751178968414
1.8210544910880375,-0.9801312757183874,0.5354253207487539
1.8165097049475971,-2.0260925530887026,0.5044104286533442
1.8223438497721265,-0.359434327078972,0.5293240985123939
1.8245026507003457,-0.08268152542466378,0.60947529534707
1.8170549947471002,-2.0290589000177923,0.4554686416175812
1.8232984484743564,-0.1992873457682363,0.4755451452095441
1.821368202131092,-0.6971830714829889,0.4258882381602759
1.8231974792575996,-0.26633048108247703,0.5030787300816735
1.8227606601442314,-0.414399576215158,0.5034060273903483
1.828851397070324,1.0983417352426021,0.6157819343803765
1.819025083531166,-1.3266890030358975,0.5844178748379223
1.824925565416234,0.32018064239512867,0.5469072233653661
1.8300324513101467,1.8308922672789798,0.5432037589047678
1.827378729760062,0.9286076728577722,0.5653397464142749
1.8272361666480152,0.7386620877387514,0.5850390356115123
1.8263915335667973,0.8094745986508396,0.5573374784345172
1.819446393242422,-1.292017492247356,0.44082575662267764
1.8232866396221084,-0.15018029026050167,0.5873077390281549
1.8192759184614216,-1.342092142977564,0.5192275898118718
1.8293085186657765,1.6154807819170074,0.5178302279772996
1.8183563008262156,-1.397510878880478,0.5576221913303271
1.819339163445893,-1.2557972911502637,0.5117612947639677
1.828876050528798,1.1693116362649105,0.5783896084122598
1.832015234599527,2.3325401107542123,0.5121273967449974
1.8263834021288923,0.5421054112697931,0.511820848710349
1.8244724210669865,-0.07634798643316575,0.5478627185646161
1.827601105937265,1.0969823253339486,0.5735385496529386
1.824012478382698,0.12200970230679793,0.400086095485474
1.8237408605040215,-0.46025109863059815,0.5926773792535043
1.8244753307991592,0.09376556315173615,0.5954317291015394
1.8295961788383421,1.6885159571324653,0.5737120854240783
1.8200174931003457,-1.025773645592969,0.6019749013565475
1.8171475907100458,-1.9716920757514653,0.5075288874035144
1.8240145382348945,0.12425343528303776,0.5746107698978783
1.825505858861779,0.5780142628829207,0.5248302861457486
1.8221255221640351,-0.666718793067661,0.4744607676081979
1.8306772531271143,2.008735482324477,0.47155770163625754
1.8216031014743959,-0.7210834327907366,0.6307856485295649
1.8302061498702358,1.9021543022349154,0.5406885620341916
1.8244521354130996,0.128879011196471,0.5171021890881152
1.8222729181284645,-0.6018893308355903,0.6050183119183821
1.829206837066991,1.2403703385720066,0.5806914938675992
1.8188705475919953,-1.2777438710422548,0.541028130818064
1.8264888498350589,0.7904206862831493,0.49695569035185416
1.8217974460278037,-1.0889092675676124,0.6824306469853382
1.8222205805914198,-0.7280089791682227,0.5818976587991352
1.8231543713905995,-0.014357552784584926,0.5588585473534311
1.8216509567041095,-0.44426860047512734,0.5466689385497945
1.8238358270598838,-0.0921770356629021,0.4945562886477554
1.8196046543451792,-1.1168262106314635,0.5542317813838556
1.8179114308343898,-1.8289779235970454,0.5372706359935835
1.8242601460182764,0.0892153912169943,0.5070889634846435
1.8258632830099097,0.7165748918927022,0.427878678448694
1.826619837708038,0.8339151119453144,0.45299664608734197
1.824071807461151,0.1631817632640764,0.433396177210634
1.819558170693648,-1.0989807896182773,0.5933750716414438
1.8251341094230056,0.30167086480931754,0.581452541481983
1.828952601654221,1.5611596534283338,0.5308867295242115
1.8228247051387618,-0.3743293219934493,0.6211304172338076
1.825977059086662,0.6991317715661345,0.4754191705531777
1.8263572443583351,0.7387700991341559,0.49425285490567944
1.8279060012938322,1.2919860883894305,0.5351201907186937
1.8177687877720918,-1.641688280124336,0.45108844867644166
1.824276282431908,-0.2564688428118131,0.6650487077552624
1.8219367507204056,-0.7196481123383407,0.6766996312633697
1.8223042387169497,-0.4491737174891051,0.46874672228105696
1.8282776566434296,1.0966235327620237,0.594042327203214
1.8310917120535433,2.0457058059615463,0.5218340780162715
1.8198958257458087,-1.060193540348419,0.4339440625493536
1.8243952512072323,0.2768709032876166,0.6125336429564724
1.8257854437113883,0.538356985238039,0.5124319441202444
1.8292133564759545,1.5982186199101889,0.5449531907647953
1.8226646808999976,-0.1589355006382215,0.5049908206598099
1.8300566995404124,1.8309454520421704,0.5257440473448725
1.8261347913629222,0.8070539980488856,0.44454598013602786
1.819335575353171,-1.180063266432238,0.5561432605721682
1.826064753548763,0.7201465216933463,0.5086123370488362
1.8196155912470153,-1.2939247334977544,0.5346583151972437
1.8242657749766364,0.037361854729546215,0.5644965712959154
1.826013462661688,0.7709808662965648,0.4670729445032907
1.8230416976100896,-0.2806336619691379,0.6039123975044294
1.8197574704144754,-1.167411987864235,0.6040562450462637
1.8223748269278865,-0.42543669487396213,0.561695442021429
1.825546927297689,0.14084044479829144,0.5429233194830378
1.822427402331644,-0.5881860998951777,0.4860173375333208
1.829192429589997,1.1853307625999987,0.535733541792557
1.8292217479355166,1.2584445814735916,0.5720193730245722
1.8191042047863875,-1.4004053792243751,0.5249987841014436
1.8249344026402647,0.28936895198285745,0.5079227090715506
1.8282805212243165,1.3810971507670335,0.5711867312133913
1.8323005521076807,2.2962353025878866,0.5498318546800222
1.8295719714271117,1.6518792482735398,0.557646196355505
1.8244906336904796,0.09474337814503758,0.5689463368446052
1.8300878337175805,1.8648769413995658,0.4882178724913087
1.8248312094994525,0.2358270980670176,0.48075346764801313
1.8289362132308817,1.5250573386899735,0.5016263031241243
1.8271165209396036,0.8249209530606291,0.5413551475917494
1.8257733173788233,0.6832950074785062,0.5522808130382055
1.8265905069369246,0.6853159856431843,0.5234356994048718
1.8207228204500328,-0.7900998721116526,0.5491601574709946
1.8256636006537112,0.4498147178184762,0.4417298261418681
1.82587757535995,0.5899808395776069,0.48526471258775394
1.8203430350732204,-0.9810203821348525,0.5670897167566206
1.8263799951110047,0.6468451510714539,0.5421343803761336
1.829522033490482,1.5245074697971146,0.5067525582178876
1.8191466815403803,-1.4541085157303273,0.6073867263594093
1.8216270920194249,-0.8635558255585777,0.6311276371350696
1.8220740463011167,-0.6782469221908525,0.5167589139292673
1.8229441400800308,-0.38867933077158495,0.5073784154384278
1.8181132131735651,-1.807168349998823,0.560126548792711
1.8269190029934894,0.8987125794290679,0.5124444069969105
1.8213536673744601,-0.7383440994598217,0.4358172501407433
1.8278575133336876,0.915352732704245,0.43798128862695135
1.832447098284154,2.27944232121645,0.5860932934020804
1.8224428566725643,-0.5337923860148054,0.5024567573133806
1.8195548608409409,-1.3947038320356773,0.6605202306377806
1.8288516326393864,1.3999183571881444,0.5365139634852337
1.8293226792056683,1.7744166120547045,0.4565266783075939
1.8275718371395737,0.7953962431707331,0.6017919618278956
1.8199759420291342,-1.2045290801111168,0.5412102300952751
1.8281575339349072,1.3476951228240241,0.539419033488106
1.8218671940611422,-0.7724735591750692,0.5422176518303656
1.8263858592369762,0.6141016098804927,0.5437355150649988
1.8262946913942752,0.6464816753101325,0.5114649048856614
1.8253184357840568,0.41566478818014424,0.5314496664688503
1.8284649279878316,1.4894617181826253,0.5095537383935898
1.8260403894084964,0.4862147448443497,0.510797298604768
1.823528768111544,-0.05576977610531229,0.5867916393550016
1.8245074121771268,0.07460502238781991,0.5101643184136371
1.820659332469457,-1.001631695501076,0.5176763825959714
1.8306681076886004,2.0789529022502644,0.4423442495575795
1.819290825611802,-1.161490411364176,0.5429679268305201
1.820755180268084,-1.0011554682663246,0.5377751399195916
1.8272147351819137,0.9832449404951056,0.5283408346236174
1.8294790852947365,1.7045646446946299,0.5169502417450892
1.823572624708286,0.07531224936151297,0.5315976665276698
1.8239366279530114,0.03395909260476936,0.5332533536898272
1.8213078508253908,-0.6651370640605323,0.48441065158170715
1.8312836692468275,1.9586199925447247,0.586339624876442
1.8255666140775673,0.4624339859989935,0.5638616517755526
1.82052527788474,-1.0571720257648214,0.5824897527018355
1.8296563589742747,1.3251717727939512,0.568943473412707
1.8245365064073003,0.21864039619213757,0.5931646058491048
1.8262133088534336,0.7133885270213868,0.5710472346616408
1.8166857510396888,-2.079350195323111,0.4707304838841629
1.817783192269998,-1.6890455777063742,0.5177713578213682
1.828942843204401,1.1346285610946338,0.5888131639389846
1.8194764823509948,-1.4866619323641102,0.5665535228586082
1.8318500661559012,2.3485333703691906,0.5099370546771825
1.824712408783348,-0.023867946536059427,0.6067074983625421
1.823677586382529,0.06956041938489783,0.44737718598434056
1.818862013760109,-1.381810344394239,0.6141462949494384
1.8214625952945687,-0.8048552652546009,0.5046384769244674
1.8217620892080297,-0.5755396468385404,0.46504895904128213
1.8257906052853563,0.6665832894656785,0.5120625259133349
1.82123234843285,-0.7093393204236393,0.563684604130661
1.832412744311525,2.4401425472653426,0.5901043124275579
1.8170952783187293,-1.8790086950125693,0.5631249572121918
1.8295398152905218,1.6679966806815234,0.49326062508106466
1.821048422751225,-0.9028105375344722,0.4118832559719925
1.8281977584706102,1.1482449037206903,0.561906167885554
1.8302596136247093,1.88484354111757,0.5034223665969914
1.8221680460988183,-0.41396936465246725,0.4839094543285304
1.8262985961341185,0.64850597283063,0.5901919740981377
1.819581352081765,-1.4801900639949859,0.6620033393060936
1.8166526885869079,-2.098063792794605,0.4494164323970852
1.8187351824792921,-1.6378912833071562,0.4801763794975203
1.823612539750413,-0.05564533813555479,0.5051564101891708
1.8236001939578952,-0.3005299307720675,0.4986003885970227
1.8304224884155762,1.919214709386664,0.5604311069306778
1.826279749208263,0.6297087231195294,0.5664500880552876
1.8226927729521079,-0.25196519415338403,0.5281161929334302
1.818964533851999,-1.2377473797835725,0.5849289130206857
1.8197373778743777,-1.4158619957976162,0.5162591047722221
1.8222624511923637,-0.6302532107930314,0.5266578951350996
1.8298423413232967,1.3107679709963405,0.5652841010840223
1.8263352519785219,0.7152739717728384,0.573657568818633
1.825887644574539,0.46755885312311063,0.5027900051893692
1.824533558445136,0.253655656484315,0.4793416062046549
1.8299965234800324,1.4172242726401318,0.593443951849869
1.8179229552254832,-1.7504188752359575,0.5794347251107345
1.8244321236323364,0.0729666567232527,0.6336382353944575
1.8264950818040429,0.9647983922804694,0.4703925550729013
1.8261458225789613,0.6123409682948039,0.5420818957215842
1.8187433827219015,-1.671261553608737,0.49701126047576494
1.824479436464805,0.12842012364818103,0.6027784795543737
1.8196660230782804,-1.295803231186702,0.5224295554928648
1.8247704512886727,0.36145180314239717,0.5735114286620405
1.8255636364323666,0.6073112390017836,0.6027177974788439
1.8202454815122413,-1.0219292246172842,0.43472765362705934
1.8211105515992994,-0.5689241709429622,0.5147214685854203
1.821689405806283,-0.7101650742947422,0.5949069496100863
1.828634101702422,1.4355061965471265,0.4962617326338999
1.8231826975584688,-0.03178087694054766,0.5916752112245567
1.8294961453442724,1.6512904655387428,0.526436539392794
1.8265488622659178,0.917172525497364,0.5071696593629328
1.8188623978080107,-1.41138127615932,0.5474208214013925
1.8287259953532533,1.4552594663265557,0.5918626489347877
1.81922148385589,-1.2334865584715593,0.5197586003725402
1.8247386219516606,0.16376597001414553,0.5260520056702819
1.8166443504132352,-2.0284684628495144,0.421380959406856
1.8244941488482718,0.18324001315200603,0.5073495718593553
1.8222314024914366,-0.6450073718627618,0.5898458337217818
1.8224121553634318,-0.6594827735187458,0.6034448404354155
1.8303635118596073,1.650548727713134,0.5623853512873526
1.825117099081477,0.3584526636885726,0.4778804727680781
1.827539421985885,0.8203518152138444,0.5296846616574562
1.8246437413283623,0.35399784478495844,0.515871598632328
1.8312225553055814,2.0816923677785204,0.595285094780989
1.819308529188269,-1.185311328211591,0.5489978117376274
1.8216921056795423,-0.8233946509219737,0.5776634774994202
1.8169910657123742,-1.971332875786383,0.46651348502424006
1.8229039625295904,-0.15881062741648144,0.4708206885421887
1.8256392845560907,0.48942604664568695,0.5828509509760208
1.8293017740750064,1.741157260294102,0.5161555894134913
1.8231118194739437,-0.2268679041222339,0.5679012705734685
1.8217388341300622,-0.6268607920056579,0.5916273478378598
1.824177808789184,-0.10973659530616738,0.549857530262181
1.8277122726718031,0.7912985362902903,0.5719634549381094
1.823793477343758,-0.372330186771054,0.6189104382959424
1.824468748324626,-0.07256271344549713,0.48565533355387003
1.8241011332607677,0.14460387245430703,0.589059244695473
1.8274464459978825,0.8640547920145728,0.49331303207653576
1.8237438813213238,0.12402262273660625,0.4753525823836638
1.8321939037352934,2.403886806524414,0.570845659437384
1.825889778051259,0.44698965015222053,0.5242900412449111
1.8189853992136737,-1.380511389977231,0.6022158462139278
1.820307452807891,-1.1295751177329643,0.7113854528439033
1.820630495807754,-0.8809706995316741,0.4527966009696618
1.8284062282284361,1.340847605710332,0.543570044069514
1.8206495597421046,-0.879733212173065,0.4218052012870448
1.825247125087384,0.053937996791663466,0.6516754464530053
1.8310522161992586,2.0449170999205015,0.5449795179357193
1.8212035218253575,-0.6998805514236771,0.5672114649593382
1.822153039094179,-0.3380377265838234,0.4772976135015699
1.8251201418009049,0.3940311416869929,0.5871972648040186
1.8273027804003095,0.8236560254688552,0.5910404447534924
1.8285919180578867,1.1500549567952822,0.5715445855113314
1.8213781968271359,-0.6645254649070159,0.5744762054268305
1.8256008856662644,0.6840156228050881,0.49315533872668643
1.8229395365221948,-0.2874681056674402,0.5911993921571217
1.8196616331335427,-1.169781162889339,0.5464836723321421
1.8275418261870016,1.1311027108640328,0.5588072297611975
1.832007987651906,2.3140457679059763,0.5896850001129498
1.82533958717982,0.16661074299109357,0.5726634718732636
1.8271634196131759,0.9008219707448224,0.5709435878983911
1.8241577898354462,-0.14070449675939065,0.5443504365887862
1.8237103608030396,-0.24939456974535654,0.5876060935359502
1.8192704559607356,-1.14825669631422,0.5427919243082246
1.82578267029989,0.2016672165575387,0.5393626446576265
1.8301213107058856,1.7579442786487547,0.5099332481926243
1.8282065246888326,1.2936782005573788,0.5208238049447155
1.8270066241754426,0.9716207657129746,0.5239377824013499
1.826335953980777,0.775024801282807,0.5616584922427484
1.8294675196436336,1.6529802808664145,0.5656180510543761
1.8229062756255636,-0.1792400375814245,0.5005446640051694
1.8230885174418214,-0.4241123170594508,0.5753642431399385
1.8222562098626756,-0.5190689350845462,0.5606314352420934
1.8212236969389224,-0.7771586423316795,0.43818773864846594
1.8197192849654806,-1.1119309650710565,0.5142990618741182
1.8238628992212274,-0.10997303801138375,0.5586317276398161
1.8265245664242395,0.5895653820340135,0.5748846027591291
1.8264695645605256,0.8452024987216327,0.4991710732440883
1.827123486660066,0.4867232013614712,0.5965806714788985
1.8248507875033821,0.37939800744282576,0.5664404944915589
1.8257768479345269,0.7016510162208927,0.5411097279725243
1.818178246654843,-1.4450785109788278,0.6083654934747222
1.8185817860142188,-1.3039367707003815,0.49871397622408087
1.8235355131762911,-0.17525182382537288,0.4980173532207201
1.8264044240779642,0.8165414482746651,0.5903733519898007
1.823443963060915,-0.2373300709103214,0.4571900615008131
1.8206020358532122,-0.7858242510197664,0.5308995018404773
1.823438189557715,-0.09142518155867126,0.573997120347079
1.8243115029508628,-0.012430681908070418,0.6020439357653969
1.8213006259798952,-0.6629813568535914,0.4994939046339851
1.8223525661382338,-0.28712648493301635,0.57586186209343
1.8225849557199916,-0.40177448563675716,0.6036435125692556
1.828080168550675,1.0428847880586016,0.5285862207932224
1.8241682687215333,0.21279700368417065,0.5291758813708662
1.8296900035869947,1.6532821165595346,0.5345055167674715
1.8247406159533843,0.2037572908237995,0.5892162615040303
1.8178061396090277,-1.7158634114882223,0.4662352714486109
1.822724242498272,-0.5748249140113745,0.6199265910730395
1.8250898586583373,0.00426018908506676,0.6065591329901044
1.8206676244133235,-1.1770147600381973,0.5677556917428475
1.8261697885175983,0.6800337065449779,0.5670240877773653
1.8194548687481817,-1.238375115999127,0.45263535484541484
1.8279810663298954,1.2040956377623606,0.5208440419463454
1.825967333686996,0.5365214447462267,0.5364844723491553
1.8262409489499944,0.4534390828496064,0.61498852978982
1.8212708032831282,-0.9137501777865228,0.5625876264674561
1.8216022438506736,-0.7350587489393768,0.599965184340915
1.8220381434972148,-0.4354568007185721,0.6220945383944373
1.8205104315005909,-0.952320150743473,0.5166396020349493
1.8271506658960566,0.6799679598174682,0.6207235154414114
1.819491142317262,-1.1604765172576035,0.5361036337588924
1.8289335087918468,1.4908970957365952,0.541347886160024
1.8278023720549574,0.8056946563149029,0.5721668347916176
1.8212077902065404,-0.9144355995925829,0.5957259914455408
1.8223707937482923,-0.2362590379075815,0.4982888887085352
1.8201727928442235,-1.055176019611396,0.5163332442663217
1.8204093887888135,-1.2375245510602524,0.6463464831659432
1.8205023976424717,-0.8375636346802913,0.5566787294438537
1.8213531581278826,-0.6778006380623061,0.421652571067002
1.8202702776396043,-0.8671843177644943,0.60530642082607
1.820488575181048,-0.7695708774264602,0.5009308835257432
1.8309768782852278,2.081834022799649,0.5092911726395452
1.8231440274439779,-0.27662510299143267,0.5895896627126066
1.823627399156161,-0.27058946951405904,0.5063640231956692
1.8213637790553971,-0.6306034582501729,0.620842521284824
1.8259910568252926,0.5065385248548011,0.5862572857722871
1.8308698615205434,1.919429488067354,0.5027012030142507
1.8256427781866846,0.21949497895873568,0.5738535886716069
1.825713080130488,0.21542490780230986,0.6586465195868483
1.8211219644388446,-0.8366436543006446,0.533604982687365
1.8195101251341879,-1.1139715632157146,0.530826675507987
1.828256294353154,0.7702106835038448,0.5382538485039507
1.824493380939374,-0.08622026931635186,0.5164598393950571
1.8248738219333218,0.16449760479343273,0.5148413807520373
1.8203458543302342,-1.003759240191277,0.47139604855576334
1.8304586744844653,1.956066490989925,0.5235408494277229
1.829330532482033,1.5443866137254887,0.5200752807431418
1.8293144818640403,1.3848092425148233,0.5418387338718983
1.8213658761356748,-0.5407032386151785,0.5893843424852142
1.8245561181203593,0.2544435016193209,0.5264080828483677
1.8223161028094552,-0.24979242972523527,0.5599897984427172
1.8254184852365776,0.4881056926124376,0.5425479997871191
1.8164397194889315,-2.1152189171002806,0.4772009260161917
1.8238772188435022,-0.048797804861662984,0.5242949486655564
1.8129464589372144,-0.015053383989043372,-3.320334334529328
1.8174746763990595,-1.9519129922510494,0.5287797155367807
1.8287157322471423,0.89715850693118,0.6426605720206943
1.8190419322507003,-1.502993816113669,0.5840100684925413
1.8275532443554485,1.097277492726049,0.5638484941099744
1.8231502960178523,-0.21376740406961744,0.4942964991575608
1.8198927501281688,-1.0553289481816086,0.5849128471405388
1.8318729786873167,2.2248912551544255,0.5175418865367493
1.8188245552503752,-1.443944304525701,0.60846259629933
1.8248680301678177,0.3614858278315655,0.5226806384061197
1.8267617124917097,0.5770817660290858,0.584013300413654
1.8188865698296004,-1.36060812733511,0.5872707163868216
1.8232834906219362,-0.1960465151423064,0.4377566459318941
1.829405935370809,1.5809380827851995,0.5887276238191668
1.8223797085256828,-0.3419734603825678,0.49745169929227206
1.8276243734285431,1.0775272764228732,0.5321797618144771
1.826777827241284,0.7512581138059288,0.5798769433570272
1.8219154684087138,-0.7854770243512414,0.6245810198430308
1.8328581086446738,2.3667726953085584,0.5572646769049303
1.8243215694968982,0.10368474384033756,0.4266484617134755
1.818103272691289,-1.4625166862745795,0.5499745134092484
1.8204056018274388,-1.0934231661160487,0.5194038725788225
1.822431365065128,-0.3755199674849286,0.5820093657735759
1.827974920468627,1.238169917961547,0.5091403048936449
1.81829860134622,-1.5607194300839171,0.5008021346765559
1.8284557037334646,1.1870881615896625,0.5608156352664151
1.8250083203748437,0.17783495668770746,0.6621855479666553
1.8202835173091447,-0.9169141977820706,0.5448174023369317
1.8263004578269462,0.6785809400355758,0.5353375978331052
1.8285380105453057,1.4730892728460017,0.5316865673174946
1.8257566812193575,0.4670128574939297,0.5471403954900074
1.829601779585699,1.2880300141488266,0.6227684514225335
1.8205213645474834,-0.992497803334324,0.4434049820371682
1.8251249139550936,0.39855742160892493,0.5451708595458256
1.821144087021001,-0.6099820803106357,0.5306041935592379
1.8267299062917435,0.8023341071592047,0.4718423985529023
1.8237863867883812,-0.33377019659232615,0.6321050026307957
1.8266429029135742,0.7918721509443407,0.5798773429864041
1.821088044785085,-0.7000423548969815,0.4551499847990903
1.8277083915953938,1.218803554584207,0.5467393594975247
1.8313044971195587,2.24078230521569,0.5222528873506173
1.8265865494358438,0.7501068729510935,0.4054276633339755
1.8231393328016368,-0.1985174286118748,0.5176019013307636
1.827969327258308,1.0593718589156864,0.5448667293800618
1.8263901044070043,0.5956270653875532,0.553735756529913
1.8239129367051505,-0.1273445099984794,0.6164741961681596
1.825339734513471,0.0008398381314066321,0.5800194293964768
1.8289228498165149,1.5440047142898237,0.4859829086597935
1.8211934087688624,-0.7811412336317343,0.621110177723076
1.8210363404932937,-0.7373676395810891,0.6334529556856582
1.821949985888485,-0.5282581273675498,0.6307546528333934
1.8265534550027716,0.4866973588937164,0.6071947758143894
1.820435907052656,-0.8418984556631769,0.5791714262527414
1.8309326995180772,2.1344788430787807,0.5182798988847075
1.8248946318626307,0.014853686197904113,0.6122435616922374
1.823936941893943,0.23024858521170513,0.5583229640514752
1.8323449680698416,2.475249219014541,0.5343831454263375
1.8296554733660972,1.5400052154850474,0.5425032581104445
1.8313061592737132,1.972120615887305,0.5286181622183274
1.8241472167992268,0.18388723793320522,0.5435656070859723
1.8262351802135326,0.797676105458288,0.5104434641970451
1.8237805168470322,-0.07267980622499944,0.528905751395451
1.8262908842622314,0.558412517872045,0.5158119146955913
1.8242245135701833,-0.26510391015136175,0.6060160141764968
1.8308307192461106,2.151595351114068,0.5067803034966926
1.8221374163737494,-0.5430374448075879,0.45743119649388875
1.825430117591479,0.6280984356261263,0.4859542381789921
1.8288837885633291,1.579337453562675,0.5320182714344621
1.821256924550796,-0.8549337293798351,0.5658618265265117
1.8202457739351035,-0.9139208079785585,0.6192204064713855
1.8247575105702263,0.19905251133407506,0.5620324111437293
1.8236123092286853,0.05054216390845727,0.4892378091246721
1.817764380088442,-1.7737567748530414,0.5274834833641091
1.8244271060491775,0.21395011573282469,0.5116149546648618
1.8268049671791498,0.9332775424002082,0.4815226677614647
1.8238431342305792,-0.10794141458636283,0.5707020828164932
1.8174740594309235,-2.096531753115993,0.7024578489570699
1.827708287784033,1.187206418442953,0.5385411078244556
1.821230009191359,-0.7181116317733416,0.5705232654746067
1.8281308712115238,1.0693035498095635,0.46974489861785373
1.8224727015504256,-0.21170129032282867,0.5110419947224119
1.8276404689255152,1.167546878904938,0.5061407231134311
1.818724449176829,-1.4582885037419293,0.595851010348692
1.8205834368388432,-0.918900811046492,0.6359490126797758
1.8206134631630457,-0.9103822817031819,0.46882489771425273
1.823734234581582,-0.30057255706020725,0.5738068832662673
1.8220824059037035,-0.3604872923274992,0.5013999273890313
1.8202555664689786,-0.9889615968798252,0.4347736755530668
1.8278933438676477,1.293683574042901,0.5131345723590667
1.8271393560271638,1.1398927501766174,0.4674281637087267
1.824202319336017,0.020194278152575868,0.5582292962926317
1.8266577686702403,0.682923466044291,0.5978336989803024
1.8193782878966889,-1.2556919659465942,0.46332455719928545
1.827205618709215,0.9656616561521715,0.5764102896877107
1.8276187623659004,1.1099317808975406,0.5943939578337276
1.832394138020056,2.1862199013225707,0.5427027123161628
1.8227772927942871,-0.06862767800672208,0.5086206844882777
1.8312543412137652,2.1888427049805266,0.5573667221337525
1.8239059025167443,0.14848033006984934,0.6045533700117409
1.8227921098395918,-0.599804279587623,0.7011395762093614
1.8215060640343428,-0.7728341652611956,0.6464536943161975
1.8240296392986168,0.09282465272985137,0.5430920922923724
1.8188067704423923,-1.4789050869758185,0.5048769489737395
1.820264349490081,-1.053890786711028,0.5089539172852189
1.8276844541988018,1.1160767044339286,0.5478141664368257
1.8206694857765078,-0.8283726170446273,0.5278750541446361
1.820725694880382,-0.8716515548029677,0.6040201722089844
1.8205709532793695,-0.8619202655213652,0.46935018904568754
1.8195170129016096,-1.2582812462964823,0.4419150468503724
1.8244391779721862,0.2843845972335216,0.5309736494360594
1.8310280410705975,2.1711299504266837,0.5462014212483904
1.828403638573206,1.4020405511473693,0.5335140637914486
1.8214478277842177,-0.5889108879414382,0.5561798531336514
1.8211235698704635,-0.7013078006607888,0.4392808750511325
1.8256349810479853,0.21665256040941386,0.5196316893429129
1.8198392948736144,-1.0693538622634462,0.5679117569902654
1.823303496085975,-0.08651139331629303,0.4997385345185381
1.8273307984598126,0.7931858034510841,0.565952808632776
1.8321800207381802,2.188972479832601,0.6154140229300978
1.822992824951547,-0.1958764520403775,0.5542656296696526
1.821397643202811,-0.6126089279703538,0.4712627885097184
1.8233067300970922,-0.06311126222776856,0.5645021223224126
1.8222226163977384,-0.49080019543445713,0.6388739309759942
1.8225120172566187,-0.6559526674389677,0.5983192573334903
1.826058500432945,0.7892982759412261,0.4461651040933737
1.8196438867130822,-1.3024750690504587,0.5415392036089536
1.8234597202160217,-0.3383074032312613,0.5430525457386894
1.8174292341203009,-1.7617301424106766,0.6403715609201145
1.8217089751895894,-0.506824677785452,0.47117929641175976
1.8311109954628688,2.100006671556402,0.5433488240608438
1.8183215519639488,-1.4562773336833739,0.5189737961387725
1.8264401720477863,0.8248996072561229,0.48653698022094377
1.820237216287461,-1.1468205860225333,0.5380302673808629
1.8213415342233596,-0.7962444818052685,0.4474768425416103
1.8272115640745383,1.061094308672449,0.5319176773674623
1.8257181141117158,0.5045926897736676,0.5327038183549869
1.8227345356948648,-0.5833383486023703,0.5667312686597019
1.8294959539444822,1.5564702394281325,0.5438528299070962
1.8280160652726951,0.8811526777752529,0.5708784609207322
1.8260753453142609,0.6604883194882187,0.5381784354716227
1.82447301450659,0.2149256299206853,0.5343633914372367
1.821013360163945,-0.8963987967538809,0.6367663957134961
1.8226065240233114,-0.279331899058653,0.5319728007003368
1.8265665233188153,0.7174376438502728,0.47532675745174013
1.8204781902297147,-1.0950864988658593,0.47887136484297216
1.8203939050166738,-0.9262262099018163,0.5302417680464749
1.828880933357593,1.4377518604046615,0.6164046748260433
1.8195387497111648,-1.342623484951456,0.5295445920295182
1.8204691253354492,-0.8382991207566052,0.5286674846867149
1.8273193972992325,1.0975137163452204,0.5861382379381119
1.8267580782599269,0.8610260847257281,0.5435393785444546
1.8215699449940101,-0.8773518224064089,0.5823519573662782
1.8248796722006069,0.0004001747291395765,0.6296808825020362
1.827114553143288,0.5175897926192168,0.5430181109621
1.8236834987994177,-0.1590273350442448,0.5603267819879165
1.8217268023778312,-0.5890998623905122,0.4802687612274443
1.8276493305713188,0.8350558621317271,0.5651200158265399
1.8205452677094043,-0.9333675192249016,0.4795943970815911
1.8251623163279551,0.44551586863021275,0.5515009182056219
1.8199294638097758,-1.2525516657296598,0.5096962095338888
1.82742941465924,0.8102102609732261,0.5625503142322957
1.823555457543654,-0.282767739417626,0.5588198773677507
1.8208778701719586,-0.9863631848076778,0.5922174439853591
1.822921902585272,-0.3417751714170712,0.5811861805628271
1.8201755034621312,-0.9829170596538518,0.46661576822383893
1.8227558835410826,-0.44513759284410037,0.5048012550434637
1.81968986793948,-1.461750720942517,0.5773074973948226
1.8230619780862594,-0.30242898755535924,0.4682602563438932
1.8241247038418715,-0.01836205155239888,0.5491379811020761
1.8198227362450807,-1.1386575306548277,0.6174480003938049
1.8257567832804342,0.14816573120497492,0.550698222280972
1.8223650850388513,-0.44596693963941864,0.5057385301257449
1.8307624137316894,2.1694865918918005,0.5166748622337115
1.820649927517253,-1.1265095381068435,0.5720565061265841
1.8270127103892788,0.9702217816991963,0.4906735975183529
1.8227276512657555,-0.3413278982682386,0.5461437307889323
1.824946362109054,0.2671381725357431,0.525734605657869
1.824988384813152,0.022136927542739982,0.5850746603564208
1.829336331558216,1.6136573305014466,0.5093408406868926
1.8274355559560742,1.0162131992669183,0.38710279526626173
1.827670905792307,1.0549573382541388,0.5536461027337559
1.8260627194105945,0.6600440592619458,0.5484099995198672
1.8215904766284943,-0.5028274461731165,0.5950996113941168
1.8215276873388806,-0.5015001595024078,0.5308212487532249
1.8257889270879974,0.21833525995638578,0.6398451015642719
1.832397298877786,2.3487212625597755,0.5493181584444056
1.818572570134611,-1.6655446579767317,0.6512200847528804
1.8208264390113746,-0.8016508192795296,0.573290386060445
1.8278486676140036,0.6843215432478601,0.5917975505910176
1.8264886474432753,0.5902703974846564,0.5490531896704717
1.8236328899697603,-0.0779432829591027,0.4871466895180488
1.819349562273333,-1.408905389026929,0.5943377648263264
1.8304311164167761,1.9563056625070825,0.5347780706045366
1.819380548456168,-1.310141469122123,0.49754193262450774
1.8286836880033865,1.3495873663873885,0.596062098492916
1.8232837839656044,-0.2353522656434373,0.5967975659090132
1.8262091842001946,0.6850456513209263,0.584979255137832
1.8241512784532334,0.015366302292874775,0.5036338856004845
1.820899161909253,-0.9988530859518178,0.49497584032953845
1.8269924913070235,0.5403111215882291,0.5685423923003895
1.8212381963961206,-0.6303698482703302,0.5721852247568315
1.8298345078634772,1.3825669926779616,0.538597214585638
1.8284716616524468,1.0258775437212524,0.5877349058400151
1.81981379996033,-0.9952615517934507,0.5718380291286778
1.8279138103867691,1.2202764877707297,0.5094489346859788
1.8216029834318754,-0.6716685240182239,0.490780450826153
1.8249797102986387,0.202399312577467,0.5440547171214775
1.8313017179152649,2.0809902776474454,0.4981489957154692
1.8230061259156436,-0.46520796927267316,0.5486404297803713
1.8206354218225902,-1.2774612349432874,0.7172463923993473
1.8257481836205116,0.4883706377501377,0.585502696405921
1.8314392462107691,2.153288308311266,0.5300093321360088
1.8263915569239226,0.5936696650940327,0.44596388873245263
1.8237881406230965,-0.06975124099280283,0.5020117442997484
1.821473395882917,-0.5338566387699951,0.5382021934602942
1.8196259601366909,-1.1993842197896318,0.43746422707807453
1.8320287839705558,2.330956921731293,0.5216265631978062
1.8266244518626484,0.825021414583045,0.42851722124990993
1.8193220987744163,-1.358448867406197,0.5842722979774869
1.8232317483924874,-0.08816571628604436,0.5512963061207042
1.81906539212664,-1.3404183810171668,0.6105713480535572
1.824180130840476,-0.21357775542923765,0.4966647737775165
1.83039872954567,1.6663003235688794,0.5756957959995652
1.8206402719005055,-0.9123773510274553,0.512594944617527
1.8280552241074217,1.2202755865007082,0.47712090871032287
1.8232081237944509,-0.1269482739952361,0.5944845654357864
1.8270735570225811,0.968260669568695,0.5556129127569841
1.8229573030187818,-0.19313918913284275,0.5034300305399267
1.8255928015471379,0.5220976263871543,0.5330842200471063
1.8306796535956718,1.9918663274802806,0.5757432213740487
1.8243587122795348,0.3011969987262561,0.5046744339867564
1.8198403975691042,-1.2316916728000535,0.5791043756221168
1.8220413515258351,-0.32686821295170854,0.5543935826749715
1.8270194036840604,0.6281760283059528,0.5423275761586208
1.828174594318613,1.293965628194419,0.5850567074122337
1.8231255351950002,-0.5705344871934447,0.6189491820772162
1.8178471570311383,-1.689456283461495,0.5638193743014569
1.8295011955096634,1.4195037249941298,0.5544296866054159
1.8270802095208478,0.8254385752876685,0.42291053866649614
1.819151764802778,-1.3619205318310827,0.6264320448786191
1.8178276505003013,-1.914710517682227,0.6196039486358926
1.8303500478853536,1.8489373580777348,0.5283979911304105
1.8277176100704664,1.0792927181244132,0.5301765716047427
1.8223855094572006,-0.3085781225474117,0.5183528829722794
1.8177636346597086,-1.7199854561510728,0.5413596912678033
1.8237112711893504,-0.13826827937619413,0.5671481219323816
1.820875136880381,-0.8782219636707482,0.5658199756440792
1.820228422963076,-0.9476605869481468,0.46297506652584464
1.827584585990872,0.757515526415643,0.6129720338293824
1.8269780128348576,0.9292386473964375,0.6059539860164551
1.826111371930062,0.5376042094023695,0.48895832721649574
1.829912003552499,1.4129974735403048,0.5704570739832773
1.830940094318312,1.9396133558630162,0.5646013152235144
1.8174149855091617,-1.9592556027703762,0.5274750523302922
1.8212746051917466,-0.7391261562546638,0.5979298632429423
1.8228950201155267,-0.1925019357298327,0.5333244477858152
1.8272574490149236,0.7479147088574803,0.5957663667208588
1.8248634680198244,0.1727999732593746,0.6070697366662485
1.8179398921955183,-1.7094634373058033,0.41873810448191096
1.8189397568305379,-1.3088876546925592,0.5874138347014853
1.8192450724973843,-1.4201542255986002,0.6861967609461488
1.825628129103585,0.25135522262036747,0.623327321852087
1.8210417868508892,-0.9140919755605654,0.580351614206552
1.8293610380552596,1.7048717080603804,0.541139247749127
1.8320899905025556,2.1524345532333644,0.5489161075448545
1.8249952708969386,0.3570880795947772,0.4862323949327025
1.8198105570617893,-1.303965830713469,0.6588435328434105
1.830924017834042,2.1002803262292487,0.5731218301117766
1.8286703820374737,1.0790345572912359,0.5766712017856277
1.8254479776281478,0.29196581791890003,0.5598077821292022
1.8219191048828343,-0.5050964167286317,0.4751054502389872
1.8233393881557702,-0.22883725348569092,0.5666392985517227
1.821218267369161,-0.6232913036477271,0.5129745904533907
1.8233011852402388,-0.2180660536585102,0.4981945854015999
1.8239688838204677,-0.12317688975081256,0.5135467214790562
1.8219070538491586,-0.457095325204679,0.5814486257948607
1.8233283984996098,-0.34095855558631083,0.5714282491066862
1.8204210778121421,-1.2651772772765824,0.5922720367394736
1.8184982007855008,-1.3958224827063757,0.5769328547927312
1.8260239821370432,0.2756306674122056,0.6173478662250056
1.8247092641868565,0.31852871169307967,0.555720587034757
1.8297121384219002,1.7933712973162226,0.5463724488326005
1.8243130486781547,0.05755701653582953,0.4962180283623483
1.8198035385045999,-1.3574726083904896,0.5378863477882557
1.8207080456337832,-0.8995709072125122,0.583495984141686
1.8249526152052915,0.28983488940462504,0.5206017456717376
1.831483317116354,1.9515301132122809,0.5409915137918476
1.8204449441368906,-0.9288790441153361,0.4634718958688524
1.81850923996547,-1.4576495792494357,0.6391742911694286
1.8271260731481926,0.7206967002656339,0.5909300769189259
1.8254626160575023,0.12844862592378628,0.5506362481553451
1.8210577984404146,-1.0740323498930007,0.5657151553685297
1.8176039992999493,-2.0936831278895314,0.5352779740871454
1.8261628720981031,0.5528649947721979,0.42950043916914377
1.8164110370211963,-2.0477400669240837,0.488881348117395
1.8239550015824983,-0.12396144413842156,0.5901597557827399
1.8245402993826072,0.1990607960478282,0.48791803413340235
1.8224886744001279,-0.3222362876216778,0.5975960700099271
1.8209648157301017,-0.6853026032433626,0.5547990455899668
1.819689229099056,-1.1659650114930735,0.5822312240831694
1.8289452346376418,1.5262922904548906,0.5608296086229823
1.8243886453138136,-0.03703780087639904,0.5193094332495778
1.8219612786534913,-0.32780852094157376,0.5385310173817488
1.8271491709651242,1.024400625536636,0.519995985692704
1.8302422804383984,2.044864904419828,0.5041329383395394
1.8218456497996687,-0.4554883378010845,0.6140956288739354
1.8279191147860294,1.1139698530482878,0.5498828675806455
1.8211105320802463,-0.7635079167491587,0.6113023076977442
1.8158851368525346,-2.010878959491654,0.5156013333747996
1.830690872082203,1.9924774601230597,0.5509903251174496
1.8213135651929664,-0.8027252494527104,0.5168345432333513
1.8317616742655107,2.1321353011340993,0.542125473028239
1.8271655623415628,1.0430479262798737,0.5397327047031938
1.8264193581718215,0.8449618745441062,0.4937130600855424
1.820161626845293,-0.9354403341344842,0.4860288767343851
1.8246803508958802,0.29130250881163816,0.5454426376122686
1.8228559338529071,-0.16759356287084287,0.52904297980591
1.821655991892378,-0.7877215222916738,0.6198284711521569
1.8188164442559196,-1.5080812209369885,0.5725230688070688
1.823526566175832,-0.0019873490633400873,0.5055904870327615
1.8206562372439836,-0.7555448185809988,0.526734039098644
1.8266437538518598,0.8070412283679452,0.5498012724198859
1.830646931466671,1.653552614592277,0.6135678371812845
1.8268627077643982,0.7741100001335898,0.5660522374261233
1.8279837413934925,1.0592225781266642,0.4991942882810208
1.8276469316255508,0.9538015948441959,0.5615408806748774
1.822275215723225,-0.3107855822515216,0.4952035190195883
1.8303890207679434,1.5996357324954413,0.6214421184920531
1.825721414739169,0.19851147673810352,0.6899268880440244
1.8237090600220742,0.128508536796067,0.5575947594431644
1.8301450045889183,1.4538659659743016,0.5646527852153026
1.819142251730342,-1.39350986105212,0.5043511300770307
1.8223021364424297,-0.7114132989784244,0.5731404084975332
1.83117161891066,2.151948024563758,0.498235970044577
1.8204716493518451,-0.8338537199642303,0.5782447311714952
1.8196226891121712,-0.9738108004381153,0.5909842577698613
1.8216380201916655,-0.5909669531994389,0.49965925072716905
1.819223735709192,-1.3595295931407045,0.6367553917917208
1.825031288503914,0.0019351873071958602,0.5657949860787643
1.8265125378330989,0.6648068681688737,0.5476619677739137
1.821201438559399,-0.658593144538004,0.5733649270083634
1.8191409440634456,-1.2562048381036148,0.5054331066256381
1.819534694469477,-1.1619615971102975,0.4804930607309532
1.8211484152830701,-0.6141972434755333,0.5648402695883712
1.8217690447453192,-0.538784821475722,0.44073417663779624
1.8201975466171205,-1.2756990348391268,0.5147664717381466
1.827450889174651,0.7220366085592437,0.5613151043494805
1.8220635388208086,-0.3063305050964279,0.5042646463467819
1.8217249497378039,-0.5141158015536683,0.5868718244281156
1.8256631018486105,0.7484230539753454,0.4574770131181006
1.82694267916093,0.971016376508841,0.5560468367754003
1.8263783059703527,0.680953885621053,0.6266956496025442
1.8260924185324645,0.8206675781492808,0.49173882765682986
1.82811361928816,1.219659217637406,0.48429091830925103
1.8263851625868506,0.7534839709138568,0.5415137913522591
1.8311979578905857,2.153470520896248,0.48406897416461914
1.820065552827751,-1.268050461635298,0.6412499052610384
1.8265815842292303,0.5041153325768655,0.5276254210823026
1.8172615533170056,-1.629043720774039,0.47943533663375554
1.8243722975997108,-0.014345290439773426,0.553072290080016
1.8303923315572808,1.9557524920632552,0.5682446756124673
1.8202546908846349,-1.1305768353432666,0.491152830586202
1.8215752739416242,-0.5739401739911036,0.631823428159887
1.8241109132381235,0.14159051516757842,0.58560944049099
1.8241897754043237,0.12727877982266741,0.5595285628699818
1.8217915571145318,-0.48502822381722077,0.4742221257349746
1.8260088803083607,0.5009431686369877,0.5088152216165566
1.8201549976320432,-1.0593130759060034,0.44826911203834585
1.8286845001162793,1.6323566911943115,0.45868058823257424
1.827235620432347,1.0609414603750176,0.5213120214460657
1.817422625831959,-1.842683955624872,0.4737299736047601
1.8210438223350238,-0.7201107366860983,0.5294874026823332
1.820653303773946,-0.7817699731903119,0.5436091781074583
1.8245930241181705,0.32152017471603483,0.5346723739282094
1.8283173812079752,1.0608081276002097,0.5526491764401794
1.826759281568443,0.5224667999458773,0.5670336780506874
1.8274228172972908,0.9999433656169379,0.5417639436085406
1.8267832044678582,0.8084394410819459,0.5747876458852504
1.8191587357070784,-1.4399637967078074,0.5427158238973651
1.8263277352280125,0.828775934604078,0.5571833274838742
1.8256134158967043,0.36086367112843676,0.5661260777231875
1.8283387171908971,1.1866810039499422,0.577942640445313
1.8226871321817197,-0.35906709594104974,0.478763035399708
1.8310659365481203,2.222789873359272,0.5058144719980162
1.8253376683840037,0.3448442206875761,0.5770035293872698
1.8319061463619828,2.278454604651444,0.5295666115442028
1.8282296207195257,1.3637904161549583,0.4597282507685047
1.8238139341548045,0.05898209590397386,0.5694325406092129
1.827398273016456,0.7225403375457782,0.6604237694382791
1.8186267951725639,-1.5225729978076314,0.4815509255340495
1.821401004291357,-0.6624232954939926,0.596724752344146
1.821967236706445,-0.5250773712028276,0.36494714536181444
1.8200448139544934,-1.0610561818434,0.4190110631593804
1.8264389402582286,0.5786692481508888,0.5701061153552418
1.8314847953565168,2.0289745874123177,0.605975428607244
1.832343099672043,2.2574720930015904,0.58293906486257
1.830668813400308,2.0805069958308975,0.5192404358522873
1.8235410857406826,-0.3184961558406725,0.5537056813896598
1.821741550735792,-0.5929830474405857,0.5247205621548949
1.8217290494414142,-0.6220635584638794,0.570938912887846
1.8270110740948762,0.8984972870338783,0.5427066781625515
1.8252090956148799,0.47977669771786224,0.49529844804915346
1.8280695229853219,1.2762760861772549,0.5390961430206395
1.8229028831678369,-0.41241678265382214,0.6022344033576478
1.831568660752111,1.7355158132619875,0.5863416732904163
1.8271512647699661,0.6080971019285539,0.6128835897877739
1.8272528486955952,1.132249831425544,0.5074855577772732
1.826251274235444,0.702082960353481,0.5623105172760451
1.8233346169690154,-0.02103114712373356,0.5300100316079245
1.8315132462672705,2.2063362495163132,0.5109184280592932
1.8269970140238598,0.7312639174391238,0.5144734589019787
1.8162178280899866,-2.13101835001642,0.4465060079794804
1.8219337836330938,-0.4261571583016656,0.5507443642869609
1.8278857191998281,1.1627550021250441,0.57647834476456
1.8238248309735425,0.18100735088653921,0.5242652800521936
1.8246328769692213,-0.12889993778947323,0.512922103532972
1.8222359356542357,-0.4257951637920029,0.6100676748386161
1.8214829535284074,-0.5693738276027877,0.5788752085695201
1.8304146391964287,1.9565065481641717,0.5456435291098901
1.8224356908611095,-0.30104475810103126,0.5721383242718032
1.8285671114411868,1.4176228883093436,0.5066416847609866
1.8265191868607717,0.9677612474855605,0.47249032444616423
1.8275166444439968,1.1258915851515894,0.5460521372246084
1.8280509121316184,1.3638524034465422,0.5164597928095636
1.8244363823810232,0.12595122406292525,0.4676031886111158
1.8201408862021642,-0.8903756558980351,0.5256596415328152
1.8266904524954988,0.8802611577713998,0.5265612050707509
1.827664452756027,1.2924594698150376,0.4876118004400254
1.8181951828645713,-1.6507476972081396,0.4740061609654884
1.8301936235248006,1.6645830722829984,0.5302375800910483
1.820077368803801,-1.2149412302447913,0.5517325421137367
1.8188444564611597,-1.3952698590489734,0.42967260063810214
1.8220539811588494,-0.7588499938996275,0.6409566451168042
1.828446374136882,1.4195432712684721,0.5279337788702528
1.8233301281136376,0.012820338291081914,0.5465956481587451
1.8199308006949004,-1.3078458184236732,0.627544648139302
1.8208355742771507,-0.8972854793268531,0.49188060430728664
1.8217435094533012,-0.6220435550883738,0.4843946591417502
1.8258984485380119,0.3601739846386529,0.6040722054558278
1.8201597193229704,-1.0389428555117866,0.40364000126931227
1.8194272745435127,-1.3228759309803444,0.5602735528536212
1.8259831786048306,0.6130474094707145,0.583023704037803
1.8271083963636405,0.952216314144639,0.46249952435617514
1.8259392955690372,0.6683596283996515,0.5617108712411917
1.8328916929550843,2.331503703420014,0.5283623230591608
1.824638204570605,0.43253522173373204,0.5466144270869733
1.8201509899716541,-1.0973490016498184,0.4770672911698174
1.826945915873992,0.59681337694732,0.5497460697419867
1.825843878183887,0.4348307355103824,0.5881644280288079
1.8256271089298524,0.4928739441645972,0.5116698820208792
1.8236508838554928,0.05254419118619993,0.5559606189689671
1.820641979755398,-0.8794914327867905,0.5548413657226189
1.8239737691225473,0.14484686574346461,0.49561336587160404
1.8249505212291441,0.23067297485223653,0.5058995137632673
1.8222008219063437,-0.6390083488273767,0.5880950920975457
1.8189882204312828,-1.4056821215571478,0.5022609020351583
1.8228764346974975,-0.24121213048579876,0.6087658174367114
1.8291102853007029,1.6320530040655383,0.4637852495047972
1.8213865360230472,-0.589562120892635,0.5438301468327023
1.8186495738334667,-1.7101842315882392,0.5863436030580469
1.823240856879698,0.020862222840752346,0.5610413649155783
1.8180334993965745,-1.7251720903767358,0.6567931606259804
1.8223422102441293,-0.36000238842890675,0.4464810817898251
1.8211250401354,-0.8120149805551016,0.5673897725332956
1.8239988037551769,0.14564687040021002,0.5762468562537966
1.8235978487471174,-0.04187199901890443,0.6126797588278128
1.8277078450921072,1.0386946707731313,0.5324722759741203
1.8293816195630541,1.5820935391152238,0.5594130810047765
1.8230412409504362,-0.5520439064144312,0.506790995129266
1.8235798242532155,-0.06990939810262078,0.534638364976608
1.8261603268092943,0.8626126577924338,0.5078107649917633
1.8234324910728335,-0.4849589360165497,0.5619782809321123
1.8248820864720958,0.21740006676551105,0.5296449406779278
1.8312298226992898,2.0273056581102606,0.5479087522734749
1.8284363609624132,1.3255173300995615,0.545442385062083
1.8204069869620572,-1.023172083134688,0.583131329650503
1.8202317452482828,-1.179397077879722,0.48178217133275425
1.822022524782052,-0.45256404416584345,0.49961806127482317
1.8165991593644504,-2.159228540351725,0.48143408550325817
1.821234135070192,-0.9590392801397486,0.6608543465430743
1.824684774054793,0.2729487920292965,0.5195263693654123
1.8203358659097064,-1.1057909166106756,0.6465297423418657
1.8220423714774086,-0.4080008826446984,0.5411695346470351
1.8288702592121073,1.4014372927441874,0.5150517196314205
1.8284936661357762,1.4666591253584749,0.5695604671278225
1.818989287249809,-1.6185484142519855,0.6195851110481387
1.8285614135221209,1.291070693071497,0.5175038738833416
1.8226433448703512,-0.3994570103781136,0.6847154212815412
1.8203268444660787,-0.7538738783837359,0.5348782218895126
1.831217921696819,1.9011219076246029,0.5831165779953471
1.8246766167477868,0.03623824798152489,0.5710406187587275
1.828090123514704,1.3124072750869094,0.5361260771126116
1.8280548221816628,1.0968510145730188,0.5551052379336437
1.8215035624517,-0.713974720845323,0.548568111169251
1.818834480803718,-1.1747890666954985,0.4233658563201511
1.82488145417596,0.16525753851643377,0.579618106138413
1.8278896699446892,1.1493545634223874,0.521728242128889
1.8252677557412404,0.3055577625205993,0.4781582522307019
1.8199123724885171,-1.059219474393302,0.5056424660355322
1.8294924986356846,1.2584418185900872,0.5579201696563479
1.8273949350374477,0.9187670475217508,0.5836735543899245
1.8213976746075777,-0.7525046172742997,0.47278498639933914
1.8301826736354525,1.668652201099916,0.5946029302194039
1.826613433526788,0.9143129339783611,0.43122953000982545
1.8266628949668342,0.6655905040101557,0.5040638041493237
1.8233923939264047,-0.08702920363936244,0.48235964319870217
1.8246366691055174,0.2539633051033297,0.5166309956746026
1.8272982319803726,0.7208967820407565,0.5731609784985808
1.8291788285983894,1.5629378477960705,0.5850036590332753
1.828956180530894,1.4544623062935023,0.49404876157458205
1.8230688895202665,-0.1948752872548789,0.435336969259761
1.81731149557648,-1.8822155376865894,0.47692960463786527
1.8252514999419074,0.5740272195944489,0.4593308369954481
1.825348152682418,0.25291690028215097,0.5457794311060086
1.825593497660601,0.4830435140715302,0.5308180344008833
1.8225160732244137,-0.3250223194831965,0.5774337300003788
1.8241972049507258,-0.3097065324945617,0.6123312666183648
1.823793799902493,-0.059354992750341555,0.4397672280274509
1.8178751091854926,-1.7040885385697027,0.46516995236773806
1.82646206667229,0.7916593754703729,0.5008306955281479
1.8205954784626628,-0.866316351254866,0.6103612112417152
1.8301307767799615,1.4558909274042555,0.5750839835054762
1.8197997068000245,-1.2121406475705605,0.5969720012449165
1.8219924735172992,-0.6405239598696592,0.5655013147400514
1.8265513121404713,0.9883635054508196,0.5445918972892697
1.8227571929306905,-0.3089597074967347,0.41413099693122934
1.8273401953280954,0.7206902954567258,0.46745684606927684
1.817781035319724,-1.8550897040910168,0.5113551551134442
1.820754711533207,-0.786826573002004,0.5317684692635951
1.82483610921063,-0.1239157339331723,0.5599114431991515
1.827152193641195,0.7737726940949334,0.5316078169891231
1.818270585116278,-1.462302718512803,0.6141602268642294
1.8246558185588075,0.21230847978678616,0.5100444654402465
1.8214633270019471,-0.7223654844932225,0.5141793443985789
1.828527447840275,1.3443989592790935,0.5782809834983573
1.8210272163118346,-0.6483140614825207,0.5502444220097642
1.8306662480538871,2.0282666582512148,0.5341765909691443
1.8216377787622753,-0.8020987033425558,0.6564537442251132
1.8257681566060058,0.4355101364509351,0.5623150437276746
1.819322469699411,-1.4091354457857839,0.5027810195806213
1.8204326644300333,-0.808551606469683,0.5589297096150524
1.8277368434233776,0.8656601509460333,0.5819931656845422
1.822146813937913,-0.6046667585747691,0.5721074260659056
1.8178444668592022,-1.9996786834439824,0.5281140694286035
1.8243494926414054,0.08522765360834293,0.5251000317540204
1.8204870632788912,-1.0384551908651887,0.5918824757467449
1.8206908600867284,-0.7704576510771286,0.6174439687858795
1.8234151855084237,0.06998623260380434,0.5212413982737473
1.8184636873855977,-1.518135275746532,0.552509614195095
1.8221444328217637,-0.6462010142728177,0.6538481127990493
1.8212707437176847,-0.5942415743574826,0.549518715299225
1.8207720543031387,-0.9902577612295012,0.5289401598867515
1.8261888309943752,0.5678378543612621,0.5878968538717382
1.8264624475534308,0.5031146835376975,0.5340615058571222
1.8254734420668588,0.3271636719059632,0.5450664200315123
1.8260222276117986,0.34664635031229635,0.6057408689355888
1.8213019403039037,-0.7417344750965371,0.6515769815046032
1.8222065091542967,-0.5170452625078877,0.5434105091141422
1.8176241702334612,-1.7162624389841932,0.5204337923664557
1.8279551282682418,0.8985409251026444,0.4712185100810993
1.8224504235430015,-0.7461370935477272,0.580166449898566
1.8220694802496007,-0.5597510923364759,0.5833312587263821
1.8266623510106925,0.7547419813886704,0.4784965148232734
1.8196363696824425,-1.5641560344721335,0.5948372697161318
1.8268303313611256,0.8756075300339149,0.5371038757846526
1.8260769952618472,0.42540822284934865,0.5838563825453089
1.8285448752552715,1.3854203965511438,0.5203349470848612
1.8274468210681125,1.1087281804982319,0.5334255587682726
1.8333364071338,2.328065347834207,0.6162073220860974
1.821386368084637,-1.1255372394940715,0.5169342366859332
1.8216602871244736,-0.7161215323508306,0.6026319582723524
1.8256927408156913,0.5879290530230312,0.519819221130302
1.8249058120425645,0.029747359117149055,0.5718748736350039
1.8228525275549627,-0.23702940850126022,0.5244284458267511
1.8270969756072066,0.6099571433590834,0.6001360112817355
1.8241122979408209,-0.32041333936023736,0.57764555788721
1.8171476195969296,-1.9362882455982517,0.515681682625077
1.826159980972882,0.6807556122822859,0.5794634324429876
1.8180364758756775,-1.6291912147607623,0.4781917759390215
1.8282160754437222,1.2225797395474858,0.5637420139192947
1.8301400261663754,1.5805247189614675,0.5510416169783046
1.8288174871226823,1.1334564886016925,0.5582666217176576
1.8224915199761937,-0.2570586233445463,0.570269117922026
1.8261655792491545,0.6035599767099763,0.575917678818441
1.8325758836189012,2.368104697695424,0.5517850986863289
2.067655987010435,-0.3760773063278763,0.4295858160836479
2.073665687776312,1.609148652830217,0.40320221930562533
2.069804822727322,0.6585932860326739,0.416172310786952
2.0636435524639274,-1.0440737049266442,0.4100090951242252
2.060173377740552,-2.1629270846002093,0.32715923009272657
2.064335231883455,-0.7528973294260638,0.3546945856051061
2.068743593948377,0.28767718947202814,0.46744222717166467
2.0626805552068768,-1.7390160906676841,0.46628379217956994
2.062891830832706,-1.3823286906318906,0.3184926150857618
2.0735238839940937,1.5070432706635484,0.45823267475169305
2.064006166330931,-1.0859128174840023,0.5207460148623345
2.0665396804229332,-0.23483997744799517,0.32835714624775036
2.069175378184541,0.6031384026825768,0.392399108132696
2.071567656655122,1.0766686607931244,0.45202004380128524
2.0729664233352203,1.6456678019770765,0.3638715456292735
2.070277715392209,0.8256318735711046,0.4090894069840963
2.069230018316558,0.4799438969045171,0.4523083020424373
2.0664019355128826,-0.45915205498889117,0.3730335345188483
2.0608404818373027,-1.8249198388120313,0.29632564739338735
2.0665142979639493,-0.30754861948797774,0.362617032745459
2.060908277824284,-1.756442035050593,0.36484227620659276
2.0680044305652494,-0.07220811705595664,0.43057529424872437
2.0612162374074248,-1.915251541561364,0.426640647205355
2.066782547263225,-0.28872786129684197,0.302637522163968
2.070541521009652,0.4971609260777852,0.47722748273121035
2.0681844355129373,-0.14681482187603498,0.41844867119059825
2.070248004525444,0.7095802926153395,0.38832322979222267
2.0689991660058396,0.6215361728053125,0.3646418421195002
2.0663982201327777,-0.6796899799985456,0.48300453628568246
2.0650179957018464,-0.509144439511824,0.2882358874705532
2.067811352987996,0.04911505071591164,0.43510157629430124
2.067072500904788,-0.25659542279612685,0.36871899986343987
2.0628346317947073,-1.5823087349938696,0.389401222153775
2.0756008894481344,2.111605346484097,0.4500658199579754
2.0647399669793876,-0.9569335773445051,0.47814938232647
2.07504337792226,2.182643119051692,0.2831407492332381
2.0620752141647296,-1.5438259771205378,0.30550175305828137
2.061704317138483,-1.669542124283538,0.30567489215428956
2.0663373161935894,-0.2913327415125904,0.2863845082046356
2.067447077817594,-0.005695218586897082,0.4039016408743668
2.066905657041573,-0.424202084709899,0.4748815900742409
2.0670817845638187,-0.1860198621956863,0.44067834282117135
2.069355453279381,0.607303680487369,0.38891142968490316
2.0636024604804883,-1.0041563553834822,0.34384606049544086
2.065826180229117,-0.46816098353221425,0.2799396129529736
2.062367601640956,-1.4571689439850075,0.4400560212671303
2.064088449652838,-1.0984171514952945,0.32131370745791826
2.0654043326228813,-0.6622949330243976,0.41746465209024286
2.064320781447117,-0.971268085125264,0.2999646995992101
2.068091064618936,-0.16880338029807568,0.4900848664240012
2.0728565150427807,1.5044626573118123,0.32320628081701214
2.0630757347761848,-1.2464785126923341,0.3419559921013191
2.073128442816265,1.7366675862395882,0.38379210344839104
2.064570166330091,-0.8210495454813524,0.4433443420369749
2.0729321876800304,1.645506926808249,0.33071689885426586
2.0609555624019915,-1.8771840403200046,0.31383086018561435
2.064250978210734,-0.9367808330898783,0.39590485091353694
2.0728715076647832,1.6108357524519985,0.37439636695965145
2.06596744164098,-0.5366726549098625,0.3708433472316001
2.0681276384826957,0.07162216751881423,0.40869125277292584
2.0741926643566524,1.7033802550403347,0.4504245327258994
2.063633225868611,-1.1173905983662724,0.31596031338791064
2.0669979746270317,-0.2887334256265395,0.37426355353922763
2.0663231510994517,-0.32185014172091275,0.4087204880702682
2.0685215256545884,0.23992116894929325,0.40169578242785126
2.068496156782544,0.40710735663279574,0.41122065180196105
2.066128426373864,-0.27162825120397444,0.3175071882913774
2.0624139537867454,-1.3698907236465974,0.4016173815899635
2.067742791541002,-0.05967757360167057,0.35620067898538776
2.067240611934745,0.03199373627934868,0.3129603073450624
2.062379393045834,-1.5149093530183522,0.345537919972855
2.07266966812746,1.198703977647626,0.40414654577478476
2.0624888727109774,-1.4795595849798424,0.3245258703902732
2.069147692842696,0.35230025671122533,0.43721957796661315
2.0624081560531384,-1.5253819722318724,0.3530208054664836
2.0673619667350907,-0.4554675148376129,0.5471869183182821
2.067163932323388,-0.14609405673223566,0.2973956325439713
2.0660125062178087,-0.5820341545328931,0.5428660561698578
2.067987697950473,0.22836034413558942,0.3471334184166725
2.0654279277888707,-0.8612225315556666,0.4662710939366277
2.0729610086061574,1.530532806689795,0.35532333754409473
2.070549644252158,0.7012743186759829,0.44223489578099057
2.064767179954645,-0.6554344425074264,0.3344738618736577
2.068814372457437,0.4135869757004481,0.41172931819259007
2.0663751593971145,-0.4740169943270429,0.5143200689503934
2.0627922844502233,-1.2272535609733168,0.40441471878747576
2.063875485902205,-1.1892888118980112,0.3574121521889404
2.0635027104835593,-1.2926164000153588,0.492740257506556
2.067985552944873,0.15844756037853933,0.40564883657224066
2.0717629131816158,0.9994103643482445,0.4143312921531113
2.0717481559618642,0.9836043868921834,0.3945902640225808
2.0722462130613297,1.336862193941217,0.3415451607641877
2.062404650790009,-1.4401738402216304,0.4064535216414999
2.0725646106953866,1.4514164929596352,0.42889169916412456
2.073410359250954,1.772523362357816,0.4049369071657304
2.069179736947286,0.37352626047410376,0.37069849824489093
2.067379630552383,-0.080714686631943,0.4676387353055734
2.06400122640296,-1.0302787966430644,0.4776541850580799
2.0625718455312416,-1.3943843622329841,0.37269542382831944
2.0699525358211144,0.3589355035375846,0.416041337609329
2.0658717562418816,-0.416558217125429,0.42599445288382626
2.064827749785753,-0.9731703775596822,0.3552449122070895
2.06466641434234,-0.9132526226256105,0.3750990634630059
2.065580450471513,-0.5287023120240993,0.3867155733879363
2.0735652781290383,1.7908823145815644,0.35831716373576117
2.0731693044082657,1.522039129958731,0.3271731903068263
2.0715812008497276,0.8247651776686923,0.4645056665956797
2.0703614136985338,0.4602772836202522,0.4275886139956679
2.0666171187326485,-0.3651980442764177,0.3742860842271113
2.067018635339273,-0.21703514351387804,0.3867954708925217
2.0657891770349184,-0.4810319936617406,0.46136997627806847
2.0639535155049473,-1.183569067186154,0.53419506767748
2.0725745956552597,1.3072444897078221,0.39271582885696266
2.067017007591073,-0.3658688957733622,0.35757940847426867
2.0653166304777413,-0.5500972535563788,0.4633293656781858
2.070569351085722,0.6620566629103245,0.4207054632900266
2.0701444428232993,0.6109721818634977,0.49056469026699556
2.0634428842030537,-1.268705551161981,0.3850769390023105
2.0673953646221435,-0.2926987813565792,0.41575894790557827
2.07109353601027,1.0745430275410823,0.3818058874654132
2.0656599490980514,-0.8138941181476763,0.4276478882514707
2.0708259137679175,0.6811038650857101,0.4236892261111526
2.071960079251967,1.4141028920765082,0.3545525411486117
2.0700659910829375,0.6814407489449283,0.40327243230802007
2.0715482349567256,1.0754400777190136,0.43083984807204867
2.0690158846543043,0.14540408971427685,0.3788790405128982
2.0722855279043886,1.0755181051958074,0.41767725881625434
2.0697051644488047,0.5378830620677796,0.3641611088235786
2.0671299468399336,-0.10789033811605746,0.36665719998345037
2.060472338322035,-2.0681967147038685,0.32526150634018797
2.0653614511843914,-0.9518869113659074,0.4781783208568833
2.063173354189283,-1.2572155892584542,0.29635736774484783
2.0650947898762424,-1.059046416432695,0.4056224834117338
2.071064430612501,1.004485798030358,0.3890601447856266
2.0670988262110632,-0.3429554870612964,0.3692965653609503
2.0701533668332037,0.6120895714856218,0.4229907408151456
2.06554394873509,-0.6461681670852,0.3173106264327812
2.068968917205458,0.4068667308683225,0.3583467501110277
2.0713673690584993,0.9459167631839898,0.47590032440978525
2.072779445262443,1.5219855786166219,0.38094759422412905
2.061228184897627,-1.8663903740297338,0.3567363722266176
2.068220920977324,0.10553928768822013,0.313525873808351
2.0667909390259145,-0.15967158762528252,0.4277147385126114
2.0706834031364587,1.0562450431501462,0.3987919595899061
2.0719344226950054,1.291338258013123,0.44382061850170357
2.068437164847168,0.3003326067359892,0.43088609118857235
2.066585094348057,-0.1177427527112197,0.3674366637049198
2.0698995799571818,0.6536475773346663,0.34826473702035887
2.06307744915004,-1.2422798637702754,0.2963971288008061
2.0632805907163037,-1.3986783252142674,0.49336045733989403
2.0626893833643547,-1.3004222876088278,0.3770376636975152
2.072052903346692,1.1458319942835535,0.38599047667493636
2.0630818825975066,-1.4209388151840041,0.3656266939782327
2.0670717037168536,-0.310437068421686,0.3999646979418507
2.0625901889433775,-1.5734186348318648,0.3911083710775063
2.0675578014228093,0.10793499547895004,0.39698614028628526
2.0694565838246377,0.4134087048100362,0.4471892254528617
2.0727468942471714,1.5221447686255363,0.3738489999184075
2.065088371281466,-0.5791451804415803,0.38006274209563273
2.07237549477081,1.3599325046737096,0.3337319499579361
2.0719866049307942,1.3973807465271018,0.38659337975599267
2.0723490099939017,1.3598625922060106,0.3476508610303929
2.064538955144158,-0.9899874481231566,0.4818130502755237
2.0708349232909478,0.5735269294353275,0.4172093326071303
2.063266343096125,-1.2390401459912115,0.3642763292286508
2.06714213527454,0.045159876841418506,0.4388617378596168
2.0709955603987766,0.5924422726573292,0.44708866356231064
2.0630297147490326,-1.2988595271487064,0.4850932913294104
2.0691070587809355,0.16134074241024085,0.429070281449382
2.070604070424768,0.786708505072376,0.33768015336130003
2.0705349936244195,0.8056863973205843,0.3608801318034792
2.067831524247287,-0.09397171257061404,0.48901641032901244
2.0608754132920684,-1.9760786818852474,0.33711034941385976
2.066808712946685,-0.13434859063562646,0.345228510700871
2.068334726948223,0.1619996547656481,0.41154942405985123
2.0711188385048813,1.1985177246943715,0.3555692875748118
2.0664889056594578,-0.25454320308103556,0.41761133055398675
2.070035631745888,0.6620163935965733,0.35589348718495134
2.0666164287370066,-0.11938952370485871,0.4653133530044277
2.067042071989162,-0.46772768846036805,0.3345548243067488
2.0636757758031647,-1.1297809584216667,0.3371491084989461
2.0639299389583665,-1.1801899237050826,0.45964087732591125
2.0689962773557156,0.32093894959749375,0.3651746945558706
2.071689908043361,1.1776090313558112,0.4295253731292493
2.065952013653286,-0.32302971529608726,0.40994965724370985
2.070553060571089,0.7338523643616116,0.42219968528345286
2.069336161308124,0.4468222949432977,0.3443709504556936
2.07382936376102,1.7900666192427257,0.37495676790284593
2.0688495555335344,0.48101193661452524,0.37114234132647395
2.070321038319636,0.6436762531309195,0.3784496471872903
2.072740604861164,1.592861489963514,0.3262536425097075
2.066382865374237,-0.30575211615262,0.3222283080547525
2.0618402266584654,-1.5429831697838088,0.45640524505440017
2.0619526123101557,-1.72164652785479,0.5152002798937138
2.0640542976707836,-1.258618349811481,0.3860539732404371
2.0678864241062365,0.1888273160971836,0.43831544315698784
2.0652072118522726,-0.5997936776058043,0.2849857345361728
2.0738627027628054,1.719822039096072,0.3856368728690622
2.0728150082184613,1.577767818196393,0.3800501661958288
2.070875905398571,0.9827657464577303,0.36210080497170055
2.0656923612751914,-0.4287077536857581,0.4543412432500239
2.0640684568960417,-0.9944960550938031,0.3301298171208331
2.0634596644929313,-1.2278465090950312,0.32171906848017867
2.071688664216168,1.287788385720294,0.300136670671805
2.0658507592463824,-0.5428903800332904,0.35390638111079203
2.071614504624377,1.2373582182366487,0.41044320197714756
2.067299456573806,-0.28913113432068016,0.34525347519706245
2.0733740618168532,1.6118647799211394,0.37431733236759773
2.0654135252774712,-0.5876956988950253,0.48665472766653545
2.064130251940992,-0.8958544361380952,0.4334561392674674
2.0651174128248355,-0.6278952161420988,0.38502851920710823
2.0744443590054917,2.04000037243877,0.3779139079237045
2.0653705497991703,-0.5425949961315167,0.3355072954833997
2.0628711374273903,-1.3657429188372032,0.30677369430865714
2.063223719476082,-1.1309535665164254,0.40084091507972797
2.065523413106979,-0.5991156780224797,0.30518283764838017
2.0644124699838504,-0.8291074909658873,0.43845456793779114
2.0728067482842314,1.145779920925151,0.36060730001663155
2.070460342253723,0.712308068292117,0.39911624833438497
2.0617179956363225,-1.4387800011165466,0.40270958652368744
2.0694686258300967,0.1759830857357841,0.419622265014873
2.063037121578707,-1.3660206233892118,0.47877246606991597
2.0713677252772302,0.9103222129379964,0.4193090105338756
2.0692315606423426,0.5732742375178407,0.42809168739478154
2.0691788739902286,0.2621053546608954,0.39389291510586916
2.0670985777362474,-0.36017166737144485,0.40055486484645264
2.06870762872151,0.28480416488236165,0.5007631910522572
2.068689808597748,0.3883308803691972,0.4102130067261384
2.0624294065433664,-1.580218251665182,0.505733632865624
2.0616719509307946,-1.7227555021211964,0.32886451719616083
2.064874667390015,-0.903996749040075,0.35210322670444744
2.0607427364845505,-1.922059803920688,0.3178096511529102
2.0721932948695962,1.3969902326236836,0.384867304705434
2.0748223290189274,2.0586686527943048,0.3397075749908477
2.0665148824182267,-0.46476385861576547,0.4034930030861145
2.0679783636136984,-0.0002636266862175278,0.35544454183524626
2.062797256439079,-1.4965008219326275,0.35693169503978633
2.0611255539646676,-1.8862311076402423,0.34096330477565806
2.071438224567913,1.2185928480809711,0.44569333876429335
2.073234490715002,1.6473508531777774,0.3520973773124563
2.0694382150742574,0.5337792653609055,0.34255847785855037
2.0639955014842473,-1.0760074531170514,0.37701371677893636
2.066803823255374,-0.19619899617923586,0.4564001734700401
2.071452571196976,1.1064148434152967,0.4560980724349996
2.067117481408363,-0.14603817678692663,0.3079190818076796
2.0641204463480887,-0.8075642631854961,0.33344844985552285
2.0663075193348917,-0.6475612132111284,0.49749899062370717
2.0679449092500195,0.2276499654491364,0.3979920361689274
2.0655220635266818,-0.34299007308036444,0.3185066611624628
2.0708055217379333,0.98593516167905,0.37426147193626486
2.067032191088946,-0.19224077216505425,0.3833512893268351
2.06682034926787,-0.25846199862431957,0.4595242326365572
2.0636514382220477,-1.2940116695048833,0.5769238822798246
2.0645987746256447,-1.0429774447482016,0.494747131197672
2.073572919320913,1.8088586145336325,0.4301088976327042
2.0726219081500297,1.4861616204820165,0.3573311405170441
2.0707633123002545,1.1771102508974822,0.33429557143277916
2.0707703814083285,0.7451495884723673,0.4351670654538929
2.0696542038218078,0.3499827014367107,0.36023486130774485
2.06693687104683,-0.18252197512668014,0.3254929497731513
2.066418686433342,-0.4176779535909598,0.4247193886921162
2.069666930793431,0.5926516658899569,0.42442656069308005
2.0642991283884076,-1.0494116921633527,0.34605091649467734
2.0645494950970935,-0.673359342357175,0.3606368499175855
2.0660585209719495,-0.41509217847721297,0.3035444863651138
2.0635082180356394,-1.0761553287934478,0.3856007312015806
2.0722244661094478,1.3604913536152494,0.36045015658965757
2.0643782610051082,-0.9179902119120938,0.3037934971670772
2.06716098223033,-0.17874149395436084,0.4082033115022943
2.071229863219318,1.1121928620219022,0.4319148354666224
2.0729554428030674,1.5926834376071324,0.3899755746734659
2.0692110123571594,0.5682093419962462,0.3866215963058691
2.060875721109328,-1.9380358681689418,0.278113580589494
2.0730222214224816,1.5415284763133172,0.40498246521245945
2.0680292817138732,0.24771499244809972,0.40970963983451975
2.071888911992623,0.8600231940027757,0.4342442916977315
2.0650262376252506,-0.6774014610646365,0.44181245318353
2.0735808325428797,1.8246547663699613,0.2736708154099086
2.066072292530075,-0.6584665639175987,0.4371220867407014
2.06948453409125,0.713335694959069,0.3487537637593737
2.0686193342910166,0.3591545446650794,0.4020614038998895
2.0714123214341007,1.1821867134186286,0.3812975937910294
2.0688508916864485,0.18178303315367822,0.4354160857100854
2.06566643858253,-0.34230729920788455,0.34565062933770474
2.07356087033981,1.7367334220066701,0.4245344385807503
2.0626251311750976,-1.1882741435827153,0.4175279875785074
2.0624625774212815,-1.386051518306347,0.3007146354283284
2.0660497348330003,-0.3177044343812635,0.3963817528263149
2.0667662756450373,-0.30670543707346726,0.36299261904383767
2.0708638491627096,0.8738748962439697,0.47615522947108013
2.068755095999452,-0.03487632385554275,0.468142842926379
2.068791876124566,0.146575234048964,0.46161306122201795
2.0651020422375006,-0.8382781774937402,0.5053576433675275
2.0654661599181514,-0.41729510580453055,0.4078573167887382
2.073536804169163,1.8081523087377989,0.32240025923211446
2.067081942717057,-0.5131439146661239,0.48218742142920684
2.072183969102685,1.355468436375316,0.40418303029075114
2.0679483487546313,0.17624697563738595,0.3425509046148868
2.075045278242133,2.0054958046065954,0.40269235683583515
2.0656862667532474,-0.8595813058807075,0.3848356116647617
2.0653948947076355,-0.5750797135829255,0.3873109022394124
2.067381949988719,-0.1817697752361945,0.3580501176577995
2.063698938741838,-1.0851150085582424,0.41136834022900104
2.0646350840708414,-0.8018714434719614,0.40316506176458317
2.0668720781265146,-0.2547923511114381,0.47962694930300165
2.066336961972222,-0.2727251118485674,0.3615675010543245
2.0702478806503946,0.48359915853888674,0.36369456263688865
2.068930538376869,0.1419015670814981,0.4015163664581323
2.066296309746454,-0.34929222536139115,0.42481388851385554
2.075280710164109,1.987999403531994,0.4524879171754495
2.072415507823849,1.2210877774766051,0.46098361725055487
2.070330092459171,0.4789367282976272,0.43799620794576466
2.0744370153087184,1.8614223724173171,0.40664421896880587
2.061424494425745,-1.8583135333966752,0.35716005704576664
2.066382884258746,-0.3461705152493713,0.4328411797274462
2.0694604906816094,0.23364022937933906,0.43744087064552517
2.072390342094361,1.3789931973742382,0.4178604458938972
2.07163592953649,1.1656306215604653,0.4113965402934654
2.074108730546856,1.7733786258993938,0.44984015063879607
2.0711909286335373,1.1075761851870296,0.34861886785257606
2.0637762164775544,-1.0990092320678229,0.43569427895153406
2.072693554584778,1.2731368107180632,0.42189540358613953
2.069663250256879,0.5308676524772731,0.3827153193680543
2.0673437506948877,0.10065547153552278,0.36262653856900307
2.061744485140468,-1.7245300620332462,0.3962382684222763
2.0617382290629918,-1.6561818845416443,0.4401825798022499
2.0685568877108635,0.43516550612232047,0.38821477591315445
2.071386446885952,1.2170579616404749,0.36232151083239955
2.072066704441985,1.119445816677028,0.3509034788216972
2.0643183060259007,-0.9013160475977777,0.40518771682476457
2.0656146389665526,-0.49304384498392706,0.5021943176246912
2.068925901220458,0.1439724256243691,0.40879594432051347
2.060694099279883,-1.9247286146052507,0.31579132432142276
2.0661774404465554,-0.4843569075184704,0.4005230932448648
2.068910836921661,0.14166831230598367,0.41608750937563305
2.072374347235335,1.4694527989509174,0.43748166744459027
2.0649739964295195,-0.8820828290719426,0.46118310719850325
2.0679904543445398,0.2505270619860055,0.3956570686506861
2.0568686016836044,-0.018542834241228323,-3.471025220004298
2.0633766654998156,-1.0631852706282847,0.3314073916281712
2.07006631289532,0.4677361186670477,0.37729297922003735
2.0618888948156884,-1.7491726105021568,0.4379555385146694
2.0647964206378044,-0.8212872507501823,0.3691231536900576
2.069699943452479,0.6072627791877019,0.4678470547239359
2.062991123763223,-1.4679979296710288,0.35954112172492875
2.0674820488662995,-0.04757171861722258,0.4574054227138221
2.0671877821898352,-0.12574337293899865,0.39305456622189927
2.0689318971570416,0.46189161725322114,0.3972863644633895
2.067217366522352,-0.2533579812993767,0.47844009545156757
2.0684134575954776,0.3234769837119897,0.3745914589280942
2.0683656735960856,0.3204022190108958,0.3519640406014186
2.061767008380868,-1.742559782086114,0.35485379593647215
2.0688285446880488,0.4090156055440712,0.2945780704320512
2.067982709437202,0.17769721124204077,0.347835069811529
2.0730688056968885,1.2370212137741106,0.4629153782016853
2.0609655966492344,-1.7042090330105482,0.3899173717653693
2.062637164835983,-1.2591349462012458,0.4427521586724841
2.068427558927349,0.0965011573255024,0.35784715519595983
2.0717147205508435,0.9683168088855437,0.46674928112805114
2.065606326630778,-0.5258500176455266,0.37333602176429115
2.0661758043019707,-0.5201698335332254,0.3296420715584347
2.0676179823096685,-0.05297294440640326,0.3625500793598254
2.0655329477324464,-0.415155580333433,0.343118166859371
2.075652776920988,2.0924167102026003,0.39022412030148546
2.069089114558206,0.23422756589651827,0.43825860628476015
2.0654009671929936,-0.5482681688335703,0.31270534963749175
2.068774984352618,0.14453448442575495,0.40852679957408855
2.0677713878920807,0.05413492512870896,0.3931008895643383
2.06458658694772,-0.9234905713775533,0.3220965169008437
2.068992017938929,0.6158011636249905,0.35904142767270575
2.069808571495557,0.5492832356762168,0.37346525694986554
2.066385450516217,-0.3227877452275529,0.4346926219375961
2.069245945691426,0.38834970228783566,0.38689059040531
2.0689321731791015,0.3880752633390758,0.37660841236746256
2.0620527620344946,-1.5747889623022735,0.3589382930802749
2.0638517777262724,-1.1131324513117802,0.3449846282305867
2.0635738941129707,-1.0650592588185837,0.3945242993273375
2.0663778397528323,-0.4322259652465695,0.3873212392317609
2.069046722267069,0.5024281135723406,0.38987564631400873
2.064217976619682,-1.1493812742434886,0.5091071075434805
2.0653444262895038,-0.7040927109903764,0.36184449616896847
2.06690429581286,-0.21736898172018493,0.35832486666041463
2.0678263265256263,-0.05116012121046079,0.4915115876914374
2.0685038442279122,0.2626255328204564,0.29727928643346024
2.0686684581237116,0.16211673956796555,0.43883713544591424
2.063051904499187,-1.36649670419975,0.4680722189611851
2.0725509034219756,1.505477695839197,0.40920533721928365
2.066019655609039,-0.3966420540535046,0.41440635997025643
2.065664338147225,-0.5071315110058906,0.3677267318033663
2.0730058994954006,1.6310509764229655,0.4395719602568362
2.0638046372176353,-1.0643494996839482,0.44856152498245366
2.065666347997594,-0.46202022533909615,0.39580899223511296
2.0697669222575574,0.6668166984822415,0.37616819221858677
2.0737606012212364,1.8791014649028575,0.35899251213578004
2.063731378631479,-1.2205043173740662,0.32199097629679724
2.068245520302368,0.2920429807062016,0.3069400774882858
2.064115391642308,-1.0864703429534173,0.4084363944836196
2.0618756544116525,-1.4286029461243184,0.2997995698844241
2.0698538925231955,0.26908013249913404,0.4167491930913998
2.070362765983558,0.5299669575195848,0.4333572620072601
2.0671166797478984,-0.20398176147556968,0.37077642289323054
2.071483759313542,1.0392428996289271,0.37648497648615825
2.0639204226295296,-1.0593950668297476,0.3589772581443742
2.0709221709649297,0.6808760906635422,0.4214867257962023
2.0735591754207037,1.361135625827473,0.42363842788169587
2.072615504217367,1.0750889002177106,0.41635179583055726
2.0603814218686956,-1.9967512701934593,0.30972189761978514
2.0655683458743814,-0.5757204653188748,0.4568637336982733
2.069183126762614,0.551191258635681,0.33609273020087344
2.0645619275985703,-0.9484056684060728,0.49527606734596535
2.072341393938569,1.4337164950921468,0.4053524849917683
2.0645822474066873,-0.7177530623803369,0.3734722496331739
2.07232055364894,1.163900796723395,0.41751467257013025
2.0710173372692267,1.0210633321962237,0.4085454566424053
2.0679399909397436,-0.17252975182068206,0.46536404155833516
2.068047779895094,-0.017488996916942248,0.4270081375387595
2.0639200682410928,-0.9703243982146197,0.43712916971305815
2.068683247298985,0.4129640059511025,0.34503504071488683
2.069368776268935,0.40636423846872227,0.428374725702534
2.07164518829632,1.3067292243801145,0.352620534355119
2.067428616854498,-0.07060447992956681,0.4018448490453407
2.0734998465204204,1.55504325728479,0.40250712880959527
2.0613520034918325,-1.770086038344825,0.4867702093555175
2.071410223126906,0.7479835763768098,0.3258858232468569
2.0755180473430572,2.0772645262924754,0.4434816159330327
2.0645285163837364,-0.9894939446151517,0.37290806293689216
2.061748361996151,-1.670076921143002,0.36879451011365194
2.0656351540432554,-0.6981403692494624,0.4942624692701678
2.0674544265612216,0.08316397831275182,0.3445925172698256
2.0648903099879,-0.7728122471163061,0.4310295045689974
2.06509274672408,-0.8241478681674557,0.37735200677310676
2.06584373290075,-0.6872381041051754,0.5113294491329097
2.0725671833368478,1.1476850755273549,0.4083479250351048
2.0729857248472086,1.6131119600556512,0.4013277412914719
2.0665398183574193,-0.16926205363654936,0.44494953136579724
2.0657689029798156,-0.4526728747301721,0.41356676131426484
2.0685146856078536,-0.037957720499544205,0.49313875025868187
2.0689212815832345,0.2341741154066843,0.46542926032360227
2.0625461317750737,-1.4414400054291536,0.25981942479907916
2.0705646642986264,0.8977908426281832,0.4053749034726372
2.0735289685852134,1.7565737207905128,0.41445468318606504
2.068127300675553,0.025540474977034454,0.41526636937279326
2.0656712856489112,-0.39538598440804074,0.3811713518752079
2.0659296133741614,-0.29337879253504934,0.35318481046398537
2.069754139010341,0.44882417461214663,0.4013132675617286
2.06566908416626,-0.504889312316598,0.2702750713866329
2.069528496488213,0.4075703588384774,0.4015159956932642
2.072888843982025,1.5411053960340517,0.36537165610893246
2.06824489238585,0.06606205058026665,0.4725108833510952
2.0640964494615446,-0.8167118149471394,0.45054809798483864
2.0691812548055664,0.468128784669324,0.43723292807628844
2.0694742326805233,0.3156857800721611,0.3763742458896831
2.0621820629392333,-1.4607321133089406,0.48216885193674264
2.070213906414515,0.8780587919076172,0.3510873691111259
2.068863979024798,-0.16466458348837126,0.43217727704265346
2.070223832192275,0.5464338232958093,0.4132819095682663
2.062988666294481,-1.1553292555005688,0.4585535074959837
2.072180985789069,1.4456071658859633,0.4348365730149374
2.070962773386428,1.1104620352474883,0.4128537543181774
2.073601583633353,1.8951332441283424,0.27881678265383886
2.073230919703855,1.6117569859442598,0.3439211536504645
2.0716270334847833,0.9992995619516168,0.461220187120519
2.066728888443215,-0.2019710447874771,0.3688579505619831
2.06142604056942,-1.7960123193308024,0.3308751165886645
2.061263541559397,-2.119611557833825,0.47960466928170914
2.067979224116995,0.011189609451734741,0.3402473686184502
2.063789518196022,-0.9725572742192731,0.33242653878897266
2.062268458211776,-1.3446120991917956,0.33169138131023634
2.0694499550629817,0.5553417195307514,0.35995118979275564
2.072685818174421,1.5240728122083491,0.41028787845213804
2.065000466453837,-0.8776412000560961,0.5318487545905121
2.0648729882758445,-0.757375015709999,0.28856070853317406
2.064732554369827,-0.9892101707925804,0.3758196390116104
2.0705489196434934,0.8430497016329919,0.38034539760257685
2.0615728930315615,-1.903343229786752,0.32895592495243586
2.073603823954047,1.7903456206621102,0.42572209735023886
2.056773797975051,-0.026477022952030454,-3.498891744219489
2.065017758777677,-0.8347503294179971,0.43680787658581366
2.072635146169979,1.34165860697283,0.33852315683404777
2.071495306320008,0.9402414194707889,0.4583151991442225
2.0733771263606235,1.6681214251451244,0.43963556818278254
2.060270409991925,-2.0996371098508,0.35902260365946426
2.0680005183696983,0.27712124646087266,0.42568380650129073
2.0658221171315767,-0.4905348705953625,0.35486798976916434
2.0705405327450386,0.8027777128622625,0.3104070112861947
2.0640023776686305,-1.1832196537233783,0.515735741625203
2.072458552423675,1.26914569748469,0.3197030933582544
2.061816698908081,-1.5953629029449168,0.3070071580469136
2.068933719810459,0.4288097045400666,0.407549316413191
2.06614440473513,-0.43548321970219783,0.400460297526368
2.063219432582754,-1.2008675425821818,0.39708708234988616
2.066861477728478,-0.14826574774217344,0.3842798925786128
2.069404513339319,0.6207462737389572,0.39713095971270684
2.0681046182481833,-0.041531256964419234,0.3704796436054309
2.067810930115934,0.2280327922999874,0.3604188069320841
2.068297630131964,0.017534197173925407,0.3650343356057481
2.064392387790315,-1.0487748502731087,0.3268719734214171
2.064023654659793,-0.8639175992302576,0.42653421061585145
2.065288541534753,-0.7021361989294422,0.47207067759897414
2.0695443600170993,0.10480190597358863,0.4645684805552025
2.0652238438086696,-0.9052801121749691,0.4383937236152374
2.0660287091865746,-0.43943770244082386,0.32755559481669955
2.0671818790534497,-0.3623401401897785,0.4380811713063952
2.074488287162919,1.8817790554897564,0.41616679695653525
2.0669278190412443,-0.41789325490945406,0.3156005120361952
2.06582564312976,-0.5897588852254217,0.44474352363158626
2.0715409395641853,0.6059875636573328,0.4799523627639888
2.066593842281509,-0.3618429534301381,0.4720913872091507
2.06567108669627,-0.8522418616598786,0.4315077083244119
2.0744249783422313,1.9160089654736145,0.3772684185880673
2.0678877216514473,0.05319093418576669,0.3888068549224816
2.0724273093585097,1.2713526907125556,0.38549220477522733
2.0686300609379393,0.24444505987670898,0.47845579817024514
2.0701797404444373,0.8588265979613983,0.38198338383306535
2.064311344388749,-0.7531595534659622,0.36018243970401737
2.068947713719788,0.21567330417430786,0.44635088388276734
2.070464721725379,0.8510737722174287,0.3919725684855361
2.0668792809748937,-0.4136896808875886,0.39584034834049137
2.064378816726413,-1.1677985851783677,0.43267548809029616
2.0680471906206206,0.10632571280429885,0.4080116219146246
2.067432823463767,-0.10747720193762125,0.3536601868634855
2.0641445596228056,-1.0293070415544312,0.32594491544604104
2.0687297747452966,0.05084799069920356,0.46492359236629116
2.071029568248052,0.6223050758401583,0.42621802367237527
2.0651912299613464,-0.57460222710791,0.3150062622854133
2.0643299120158782,-0.8978427985889582,0.31924454400932334
2.0710364157343624,0.9147824112541667,0.36974664026865556
2.0652025937244005,-0.8472639870817266,0.4026076782342779
2.0639034323047287,-1.1519398982758482,0.30831186446065334
2.0678914224682337,-0.2740841111339253,0.3934961586224467
2.061981389629963,-1.6520004452928698,0.34751798638642034
2.0700186508926,0.5517554422189433,0.43359532601402506
2.067711555517386,0.09975566435142036,0.4357751971574231
2.0634454040705497,-1.1910325061194709,0.30351561085606144
2.0635339826703776,-1.1920803698332079,0.4833081315332732
2.0643011188949805,-0.9000058319479662,0.37951609254537577
2.065827678018337,-0.2876919294449169,0.37482167952907897
2.0675903250996073,0.14174351704049676,0.37471196070476565
2.0723234587391297,1.4701940236736692,0.39004934528359436
2.065680651447214,-0.49297528577267435,0.3930587107071937
2.0643037141328695,-1.2060399453345982,0.4558642773625142
2.0709665486102224,0.986885531597933,0.3905722247982605
2.0661856133541314,-0.5803731079145448,0.3405289839008289
2.066806245178443,-0.5528394432295114,0.4454027191569498
2.0638810056901193,-1.1619774855166567,0.5147614460286298
2.0683831213518062,0.3200236600169751,0.4234888114023812
2.068304352882115,0.19160319414211993,0.4121737894062477
2.0697616639940604,0.553953461714085,0.3804433186770417
2.0682890799235585,0.35182324966991513,0.3169740845972905
2.065183139973034,-0.9776810303894183,0.4789306045980242
2.0665893407126448,-0.6309643193560243,0.41319395470686215
2.06641944319883,-0.3148203053739612,0.4475909754081029
2.066481147412085,-0.4486481346530197,0.425467228030513
2.0680874810045604,0.31262755363682376,0.3072336186489018
2.071690650062332,1.2528472511266484,0.3560769700322069
2.065719487798056,-0.4999727863039652,0.4110216167359397
2.069611755637801,0.3759213052040427,0.4612320697947243
2.0715337066644586,1.0759322597789764,0.45358968899596697
2.070320932502497,0.444620866890912,0.4597093328925285
2.0617534255772285,-1.78410608725346,0.33597618690327896
2.064825096105407,-0.5774576371744643,0.341045936410268
2.0657061457152377,-0.4916679268321189,0.3111958300658445
2.0692904457430585,0.28993510824845753,0.4729727262623076
2.068652613397074,0.12412530203768775,0.4422355705404464
2.0694859492765807,0.12188536925846744,0.42318200136781636
2.072511506308099,1.106563204260945,0.4957378052403026
2.064044732747938,-1.0569371638241412,0.3537090392243774
2.0667381293967066,-0.2145597048562863,0.4337133345764803
2.071996073247435,1.3937713073029425,0.34457211423351314
2.0659106264750475,-0.39873622477176596,0.4223195577099897
2.070667518334791,0.8551187656750731,0.30913279806804844
2.0711727344890045,1.1281442119597027,0.37507084898149484
2.0673227221157284,-0.07995643929523415,0.3023192121310389
2.067522043655172,0.034925546830014406,0.4409495021918912
2.0632944132531623,-1.2019739766802238,0.4418776528264408
2.0623070172639975,-1.3087294210655245,0.39278819861210124
2.0646571744445117,-1.0575375709535475,0.5085771484487824
2.0663703573184344,-0.6656440026717196,0.45672230534709285
2.062911497730794,-1.3437643020364167,0.30860667365104605
2.070962837306801,1.1093928966210027,0.3970648410726195
2.0702907898063843,0.5352242762271496,0.46844639359538237
2.067483306307297,0.1373655521850182,0.40653092438139343
2.0674296856320447,-0.036429238849113844,0.3795253822915822
2.069101820181005,0.4663720074826025,0.3890804766725302
2.062898710553943,-1.3126114470777526,0.34681524051761714
2.06230361769122,-1.4723661302748396,0.4181587551777427
2.0641985662354108,-0.807641152259073,0.3515182696430638
2.0645137117822143,-0.8673468104536066,0.51634683743922
2.0693714472086713,0.5517410449701745,0.35543577114432584
2.066762423687423,-0.5885894958908278,0.41098740276843476
2.0673193400171366,-0.2136174049796995,0.43704489548184017
2.064041342122882,-1.038221411919298,0.4008867094775464
2.0677715794305875,0.05442728105709623,0.4462798589903673
2.0623009119944364,-1.5118288267060138,0.29938982878621495
2.064563829185983,-0.8741557274465591,0.2709096738331322
2.0676883308835268,-0.05298265908076858,0.40574042669327587
2.070577420585136,0.914452901299572,0.43117081748778
2.067488244766627,0.06972975291128812,0.3731575003868333
2.063662613279223,-1.2402440338867318,0.4300517023246155
2.0653087612668033,-0.9470987468581749,0.4273946115787418
2.0666548426876696,-0.3485556564886206,0.32927537876655355
2.0623002089528373,-1.5112265092156407,0.5385723336939549
2.0653828663584988,-0.50197675811253,0.3710192092791009
2.0729726579375365,1.575627252302824,0.42236747346231374
2.0635098863770507,-1.211701603854509,0.315542322882469
2.067947052203299,-0.07670290875621578,0.3967634246262056
2.0643287288658003,-0.951297033969292,0.29545361610217485
2.0642118583545046,-1.1532922955313212,0.37521100648327094
2.0690945902794957,0.19274117866564136,0.5207873270935743
2.0654792150737125,-0.7572361539967184,0.4817586985639865
2.0704702408331035,0.9317074231554007,0.37956241619183906
2.0682420647230937,0.2937178156546044,0.4067678928000547
2.0711167674958837,1.0920013314388795,0.37497964453271526
2.069627807343422,0.5910429316021264,0.31642928140262444
2.060899708078472,-1.8187606599813715,0.38954697896261326
2.0707961132712014,0.700140575228736,0.43109333800274197
2.0719503601152436,1.0400320055109835,0.423737853239712
2.062838721557198,-1.2765154559961067,0.3576735192884443
2.0696847525131403,0.439234941055766,0.42895116247728404
2.068478231088944,0.32377019761958786,0.4372868195925139
2.0603849144534485,-2.063149750802133,0.32506858620415996
2.0686347872623525,0.28541215197516845,0.40348061992019796
2.0606417435617295,-1.9611550843106478,0.3257960813179631
2.069469307206522,0.26929281378460634,0.41807189461187305
2.067783061868791,0.12194412373678015,0.43166864189583065
2.0649543054468658,-0.8901659877193459,0.42538514280299566
2.073586625639684,1.841050226623838,0.4317020819139532
2.0719991404274314,1.2884530419758597,0.40365843786595224
2.065730339939588,-0.7193960142910072,0.44044938390160693
2.0660091515425467,-0.4281510893090725,0.4256875610036681
2.066278184883782,-0.2580312437895569,0.3642168473556216
2.0685125742451773,-0.025483969906797996,0.4869686670306799
2.0692602050263162,0.6094580916177095,0.4135920288350901
2.0642933113433775,-0.9841278765203393,0.3754800936653285
2.0704961192398064,0.5578361762562886,0.4594082806750093
2.0630385032540794,-1.4187447042931072,0.4458472104404112
2.0705485000258794,0.9493633712622359,0.39219299456864803
2.071831196016885,1.220338567815178,0.42980614172268966
2.06657283358525,-0.2851854254387377,0.4499083286680219
2.067477853302633,0.03547154115245505,0.4219061485652193
2.0714825822221243,1.2699817296221498,0.3485957771825171
2.0658311291212454,-0.38398441404412387,0.38526644360420875
2.0726442920971895,1.5947249793597915,0.40174467409404463
2.0660093971251356,-0.23953219010926646,0.3147571377615158
2.062625081272791,-1.331855052983466,0.29183425833421256
2.0705148704294207,0.8956715533296988,0.3623194411273321
2.062430307719937,-1.5076614820068508,0.4474638840723596
2.0685672428659543,0.08600280169225223,0.43768817065435517
2.0648700672743714,-0.8438982413775263,0.478692878813933
2.0726188057890353,1.5742393094219944,0.3389410195944174
2.065918051057931,-0.39561621620730303,0.3688675522776641
2.065631867203332,-0.5400030580295981,0.4432702617481313
2.0720123132611823,1.1630514607998603,0.3500391823783481
2.065142399048077,-0.625613930793689,0.3775167653124437
2.067851163185775,-0.22405320745622712,0.44373314537243136
2.0678999318572475,0.19497560632283936,0.38154394070998204
2.069411090004227,0.5741802027337586,0.4013750704846064
2.070330020818745,0.6335877122182106,0.4579322083117756
2.075068316866569,2.1664830512975337,0.3927593685976413
2.0637249766645898,-1.048092292572773,0.41503605040270286
2.068363218750345,0.3213831936243829,0.4043186692577827
2.0719389865929956,1.2912366530493478,0.4434107297516091
2.0607591273773855,-1.8869239130000415,0.32832825470675314
2.0715297102787416,1.0202736279827853,0.4344227704315087
2.071065048341892,1.021734213776654,0.4188961498264051
2.067593429126859,-0.0032629379312459957,0.2986950018355221
2.0652191046339876,-1.1290977958853614,0.3716679736136154
2.0626889123841234,-1.4365293182283398,0.29111495294800455
2.0673098754827754,-0.0002744233788199677,0.4033281685252652
2.0723003257987402,1.0382976556070183,0.4630343007055918
2.0684564283808644,0.1621518860537525,0.40063701084992004
2.066445023887568,-0.1492813875818427,0.41562179708163693
2.0702606432135,0.37606004784129676,0.41979330573169965
2.065536179893876,-0.575340919730022,0.3186268062446297
2.0741229923926197,1.8285054279685486,0.3921630496483923
2.0645651849272215,-0.8581773643355439,0.4466777038873795
2.069606514327688,0.6521152446196512,0.36109671614568056
2.063291207026578,-1.2642250200061855,0.35999367812849686
2.0636856565140613,-1.114339532557009,0.3813354456063892
2.0619604407406364,-1.653225190104658,0.33306899712816557
2.0649419025862925,-0.6338707902337413,0.4737938596544071
2.0625384706364747,-1.5278796637614258,0.3662016223945132
2.071502470830149,0.8064864277285695,0.4504287132187487
2.0677199169024156,-0.23441923303223297,0.3987411446352503
2.0654554675405823,-0.8609931808872993,0.45118135711418916
2.0725153639646865,1.4693252096558984,0.4080011366929873
2.0675884930921327,-0.09680915972947049,0.41951319723781755
2.0739310610198194,1.9168132592952423,0.4138031642796284
2.0630888653781607,-1.299198391055385,0.425352155993185
2.06085585224726,-2.015249795757165,0.3558114629873113
2.0717219087499257,1.3084310361436788,0.4063326540452693
2.0702052481136843,0.33907074560686945,0.5115678789737858
2.061327863538705,-1.9433322233317856,0.37320933472788265
2.0744041498561367,1.5719505574069998,0.4810165664819285
2.0659314884587148,-0.6090171588499554,0.3710143368410844
2.067935667850064,0.09974967476178194,0.3486693502777231
2.070513314248067,0.8968421559627532,0.41707874819213686
2.0665775574034613,-0.18119318706807644,0.33351193867297524
2.0697892937432876,0.36030036995618364,0.47975127405050666
2.060089556925629,-2.053454785800803,0.26374474714782853
2.0695620782619444,0.17496427402521283,0.41534184914351563
2.0615208596835863,-1.9172494522025048,0.3781897836882373
2.0656584685895445,-0.4889441791761323,0.43606403865121396
2.074544478638348,1.7562760510725104,0.45791838553421327
2.0646214083194248,-1.0238464913122174,0.3025368786474165
2.071138090323006,0.7729822552248984,0.47374659358711996
2.074935411431645,1.950351564127632,0.3646321309702567
2.0631893894529703,-1.349624250310332,0.3917138361914087
2.069365243057584,0.6348592088807862,0.3513731102218394
2.0642451962193835,-1.0768965248804179,0.3124506058671107
2.06786517261376,0.18978071227379928,0.3747804647216832
2.0697401784226033,0.5717639799463744,0.40205264617235564
2.0715510214788515,1.254587959117667,0.4187258178765298
2.0671482657519102,-0.13739524132811828,0.2782731306801971
2.0745669084409255,2.004779935303183,0.33047494766206925
2.0642351887453354,-0.9879762096323297,0.31094739081431005
2.062998725805435,-1.3310738974812983,0.3315793943121915
2.0681637493348735,0.02065570122522876,0.4263389229644673
2.0631135795137667,-1.2357702552074858,0.4776066173073162
2.0690982464990832,0.33341986316881056,0.30958888356490216
2.0711153394339057,0.8144096989714295,0.33881261016880865
2.062251035431329,-1.2309995192122551,0.30160961346052373
2.063435327854954,-1.0993489796684996,0.28668352341852
2.070289654850202,0.8888288713060061,0.41529264957409184
2.0664898517517636,-0.19042351454726153,0.30480784879640677
2.0629401042148747,-1.4487193412236672,0.45782462574930594
2.0620467679303847,-1.5984231765296835,0.289487142202915
2.0686213301787846,0.17596805183905084,0.3091374234167262
2.068465553768666,0.03319502906319539,0.46434633416452004
2.0645613149677544,-0.8286796349576033,0.4738532772522285
2.0645363118663402,-1.1196491469271417,0.33935581940214077
2.0697488916232447,0.7513114743025863,0.39074416491976166
2.0645209897631323,-1.0901592113120704,0.4694743631840907
2.0641711857997533,-1.1793946200871541,0.5165393380335537
2.0664011332742005,-0.640518149413531,0.4990822209750796
2.0686138973327224,0.08994613548132241,0.3885251348904091
2.0679693642982335,0.24472946254177244,0.36885416513806357
2.0689799556484996,0.37216087562016914,0.3670252570625287
2.071924928162604,1.1798996175984995,0.3153851832666257
2.0709935242124247,1.0511150304395591,0.32263394625388286
2.0659070638279506,-0.7755369427582781,0.3818915898692957
2.0713200705347967,1.234301033402465,0.38646533186980786
2.068936126160057,0.08510797183511126,0.44555311740749404
2.07092557101349,0.895598999909011,0.3787684581623731
2.0673230402692755,-0.11216764262815265,0.35157459196429725
2.0674775982584914,-0.06415080696534652,0.5271514018921453
2.0630637884121197,-1.152274882801613,0.34756596320056365
2.070780051146679,0.9321602135553113,0.44751980641560746
2.0644381810404733,-0.8285713971251925,0.39130197701351815
2.060209667719829,-2.08302818343807,0.28411482106859537
2.061829305325156,-1.6629063695602884,0.3346530148086133
2.0684876119175466,0.2670437929147427,0.41567681678479984
2.073917956216868,1.4124347223259903,0.4414252956442651
2.0706933424554217,0.5905296425892884,0.4300303386891338
2.070660934479846,0.9157438622690255,0.44879662031067113
2.064938129370088,-0.8928415810259316,0.4673821660287249
2.0733046037168847,1.699973575616396,0.3529452022934696
2.070873568993031,1.0700319983493585,0.37267233594905164
2.063952864582418,-0.9379416814216391,0.30789566161380105
2.0685130726990737,0.26784204820042673,0.4138633280382197
2.063120903772045,-1.2560281091564554,0.3019086596438316
2.065062802590487,-0.6508992864026394,0.42757594693225714
2.0717456946903208,1.0398479762246,0.4433683670197547
2.065391616150593,-0.8336439905992427,0.31372938988957794
2.0638522142846214,-0.9911706891383169,0.29245120483436365
2.0618088865248527,-1.6361482064053574,0.34216256133462847
2.061032865253889,-1.7462467876921755,0.47033314518155
2.061235666839352,-1.6963556107008626,0.4717785383495854
2.06637226134095,-0.48273775443243466,0.4329627657408158
2.069426005401179,0.5328757709131241,0.30663967816199483
2.0627796651281782,-1.1181292729829764,0.37262753981674324
2.071507136871689,1.2715656554700585,0.3844059715763986
2.07080664884095,0.8396632297417506,0.37150607427173393
2.069181251805616,0.2798287149206666,0.43987404145770836
2.0604776039937542,-2.0288812367446587,0.3126491324085643
2.0717388858877004,1.2910743099150388,0.38290552057867466
2.071699546804715,0.9321105960559373,0.38981424825159133
2.0633315420067886,-1.126956813656081,0.46589937325978764
2.0654385970483293,-0.41425936176920797,0.37015563558051245
2.0717743053207487,1.271797700642484,0.3839832115067531
2.067240453785426,-0.10971267608030849,0.4426923443793715
2.070392486612124,1.0029063138406342,0.36442574050414556
2.066440328250069,-0.5060588557642611,0.3863622214871503
2.0731901707063547,1.575661200264268,0.36505334751280116
2.069856047215955,0.6609556426378309,0.34583891362209285
2.067200876982899,-0.3298993915170645,0.5249159202656948
2.069233695833914,0.46411648566957237,0.3786838067627802
2.0685710422387906,0.04823493066599786,0.42604818446597753
2.062968965969869,-1.5141950818491685,0.44886463556962225
2.062663597872846,-1.6286793694499049,0.39672843310452127
2.065861063406655,-0.3995253256182135,0.43298370290283644
2.065896993710129,-0.253387620120359,0.372522004812696
2.0707461416531285,0.6053638473748596,0.49491370087160336
2.0723507088710598,1.487389730596301,0.401082448519603
2.0643688300066776,-0.9608187595028332,0.3900938859923546
2.0697839038482706,0.5721413268421541,0.4090179679956504
2.064639911604078,-0.831823461178034,0.4704319585628345
2.0623417544945264,-1.3684730482349177,0.3952481236550619
2.0745582605050936,2.039494234717162,0.3753346699560403
2.0724798855549507,1.4164609009521527,0.4126218153752279
2.0694488631174255,0.5337225470085728,0.41040186147145535
2.062590158331893,-1.4033110578499786,0.37438108437905365
2.066118929323185,-0.44850700933116616,0.41660351882268454
2.0685274393528252,-0.051863398454983306,0.44557158447237705
2.0659375089967265,-0.9317520124505223,0.5355725121530035
2.0627394703313118,-1.2402327743904853,0.3646602589335416
2.056488402247842,-0.024332143738775413,-3.4231756732119383
2.069307158272834,0.2870459138866111,0.4305604272028386
2.071469128129143,1.057028758562473,0.3964405663101734
2.0666059146445854,-0.5937331450571688,0.4975019233602141
2.0662073942969577,-0.26805145361093186,0.38492518777415
2.064490114544942,-0.8789961359653408,0.44485671301954116
2.0642504681628044,-1.198557767597555,0.44892033033384143
2.067555643600175,0.03058725286338596,0.4272524579224401
2.066890631476159,-0.3083107295618181,0.3427940301745511
2.061355831604515,-1.8719164808597926,0.36652168325938517
2.063406855275794,-1.1462968246218153,0.42380446061468435
2.0750479545423315,2.2011027606142526,0.356819648953204
2.0710690171129604,1.086232447245336,0.4249769724238934
2.0655918344332855,-0.43559929662760916,0.45564257845296374
2.0677272079436246,-0.017397656463267,0.43240219854940126
2.0708733004310416,0.9845766477765283,0.4296999607678737
2.0646204194007614,-0.6547520464524758,0.42240246319099006
2.072334907163467,1.1086452028189764,0.3715654262103378
2.064404411343532,-1.024365736472302,0.4272158897615449
2.070935160454971,1.0223938691625158,0.42207604468820575
2.067662299822988,0.033630099682372454,0.2792183962439133
2.0683196804327224,0.2515205721304114,0.40525423025815627
2.075051640257036,2.0792093825582874,0.46598078957760336
2.064293555569306,-0.8521355350199109,0.4198377390366645
2.0712167930654135,0.7155553287953699,0.34661135424182726
2.0683453673192327,0.2629607406227616,0.4311860306879619
2.064754250987101,-0.9213705803201558,0.3997610467211623
2.064740700901328,-0.793063246912496,0.40187776652023477
2.069996029302411,0.7150519340068568,0.3613165380850757
2.070875179781386,0.9322592645172418,0.3730038693094609
2.0696876796983914,0.3745569915908302,0.4135784121713464
2.0619420170095286,-1.7427560837535088,0.39431354268449487
2.071364664875065,0.9660958517275292,0.33968486079853294
2.0664594963720515,-0.3217452014101615,0.3968662564997344
2.0680101232826655,0.01452394914902204,0.4068577304277221
2.0656563469134084,-0.39653390425088053,0.36372585064336505
2.0721291514865587,1.022840336628834,0.4519538595253975
2.0700422625344697,0.46691826952878723,0.38552588292433165
2.070394979909126,0.8970472168679418,0.3692149595719859
2.0636021229063304,-1.0480627122497537,0.4295145703548496
2.068093429399511,-0.07564121628611972,0.4370873633650272
2.0688384690800934,0.32156544059937836,0.4085555325644207
2.0647720313908744,-0.646863711800618,0.3543166142119958
2.068267074098364,0.3593564406346205,0.3692591602362451
2.0736057964990904,1.7571506024313746,0.41912294005996764
2.0633665311306943,-1.2801942756553437,0.3264535867330672
2.074436584467367,1.6846413704826815,0.41351272451289905
2.0638641672763973,-1.2399668891596192,0.3956947722938042
2.0633322601258297,-1.1889414146709405,0.3615815109080781
2.0668263685027535,-0.14679553089623038,0.33219569530208326
2.061970094740471,-1.7139237037405888,0.41414578499699545
2.0704945629511102,0.9335266889356212,0.4189405934669731
2.0684917865170176,0.23317453382842604,0.4231003776812578
2.064715802093836,-0.7778841030568646,0.45300709972700853
2.069297613554091,0.32333513344628256,0.3863178454714853
2.0630571379555214,-1.4177319790674954,0.4863875605542475
2.0628729770977796,-1.3112900385537973,0.3124020929430966
2.064822911684973,-0.7865225424827292,0.47225439206759295
2.065648058920954,-0.6610889811319871,0.4440435017868834
2.067299576844643,0.04652017046158164,0.3223014495744318
2.0655621381306335,-0.6120034380961855,0.4357665013390287
2.062607802286794,-1.423379750173253,0.45453798119598837
2.065638654146909,-0.6094216878930853,0.3751585066462806
2.0638996094582525,-1.0787009271827894,0.4323458101658002
2.0642357970865723,-1.1823511917013736,0.34843701034995544
2.067682352346098,-0.2227013676494711,0.4898733840816794
2.0667721431686035,-0.3658213654391843,0.4513069679601401
2.0726950298812388,1.43380084597945,0.407258194655239
2.070259622855014,0.8524042775902747,0.37197164544532646
2.062604939920772,-1.3883592230122417,0.49647946435252016
2.0700276670569053,0.785944087672559,0.30356914424520953
2.0731872693898126,1.3237377620863324,0.49215868181563893
2.075357959781591,2.078216241378351,0.4260585945417761
2.062381952446207,-1.4395596293481392,0.2801854909098941
2.0718356123984107,1.2312999059321734,0.39775961702001406
2.0692535634309523,0.5301055315870717,0.33141747591359877
2.071183095735142,0.9651995025315442,0.30269773023682306
2.0620002230811614,-1.7273826284294094,0.3759960972056487
2.0626428022669776,-1.4341737741364455,0.4729464400545809
2.068566794004482,0.30174363746449656,0.3426802527241228
2.066893218684578,-0.1904867805939367,0.33737544839302874
2.073824912569122,1.3970618487993471,0.46040284718780966
2.068068428749929,0.053912763143281354,0.4194456161854946
2.071703636217154,0.930745007978958,0.41772665804763703
2.0688095627638714,0.5712803449318831,0.3555533333011707
2.065270113192409,-0.8628106342635589,0.4157112893217301
2.0624836734756187,-1.5131262665487084,0.41065042560109294
2.071207315873126,1.059271649893773,0.44963597867755806
2.065874268367576,-0.48852878638270475,0.41480389681823776
2.0642699719960094,-0.7883026645464745,0.37068718423048347
2.065891540715822,-0.5077616633129319,0.4067517579556071
2.0683125031674106,0.16146610284751123,0.3528792944930346
2.0694187003297855,0.3195758983358665,0.5233661310619132
2.0703951620224603,0.7527804384428809,0.3711779590430098
2.0753051464964116,1.9344443599085837,0.4228028045274949
2.0629731914381546,-1.2757295816826615,0.4673355729884683
2.06523625009749,-0.9917583506335714,0.40702496948065664
2.064226499455848,-1.011493417992853,0.3441761955126645
2.065357358014944,-0.7064795802759339,0.3280040419771438
2.072508818305137,1.1256061921897569,0.3166185123996893
2.0716875413572375,1.1265343858320653,0.4047848126245851
2.068108855058462,0.20717526053995913,0.3514025332396409
2.059707222270158,-2.1365050091540034,0.3048950424494504
2.0640125759565406,-1.0387036690789846,0.41451619333497397
2.063416165107995,-1.0443968817398195,0.3985053116980015
2.07224212838261,1.3427120259517165,0.31949337788804333
2.066758663564257,-0.6315042182238698,0.48760800658777104
2.0658228131898064,-0.6124814391094925,0.43477989585088483
2.0647694271825023,-0.7407939502325595,0.3027297776485914
2.063091672816957,-1.23953963247146,0.3662045938218322
2.075438501644662,2.0250779332910023,0.43771746740205975
2.0746303532849275,1.8261423029389738,0.4116282987517389
2.071962934446778,1.3704270582860316,0.4021016789761219
2.062084856004486,-1.5491764704517377,0.28659587328203884
2.0706736262496643,0.9474116194641133,0.3539668700509435
2.070196373013652,0.4146956178252404,0.38985682639151675
2.0683459712346415,0.10313330582651578,0.3956009669446624
2.074212585195517,1.9631673939055485,0.3980785159380154
2.0701136152035216,0.7083297205468586,0.4418600443934037
2.065620178755443,-0.6814808371971602,0.32457288260363537
2.0758899893426457,2.1498037131080574,0.4218911381316408
2.0672312764197303,-0.16255442092670547,0.41844637417013
2.0676884829284363,-0.0539429998661137,0.41760515837271367
2.067723103530831,0.05338971921387087,0.40432442272974656
2.0696630547181654,0.5024579505717254,0.409329560649608
2.068293960783492,0.15925649532011393,0.3367712691105501
2.0743985798291367,1.9157333927724016,0.3664268135902702
2.073934896514214,1.8638881923962618,0.41841975412057786
2.0632466111955257,-1.3609085179352896,0.3770743752918497
2.0710568422642215,0.7278988041035231,0.36273285319134735
2.0670631015105663,-0.059906865692524534,0.4216486602215814
2.0697918464319502,0.5361848107861614,0.30945483357830794
2.069160095223468,0.5014513671535179,0.42291613170231745
2.07270392153663,1.505816992894317,0.4038829094616585
2.066163814452679,-0.31313207269428645,0.3396879409730763
2.068929666715115,0.501072359967251,0.3477764930983335
2.0686476270145167,0.1093060952905402,0.4085218320671085
2.0632701311951185,-1.618824761956505,0.5644298389846308
2.0696377793434433,0.35547733754665584,0.49239161339070214
2.073029876141788,1.5947977726298463,0.4014008417559773
2.0706701354941317,0.8423315748545684,0.40559636944847444
2.067963861091592,0.034329483211063154,0.34133853376694084
2.0762205409501813,2.126542748386888,0.4488279350568582
2.071343351879782,0.8611037667708233,0.43207888077967643
2.067221149043242,-0.23826050408409138,0.31931971416411364
2.0708648661916,1.0032116212632431,0.3767471264305789
2.067869654138471,0.14362185745450803,0.34880137879104967
2.0637292283137154,-1.1737305742712796,0.35169841510787214
2.0716953419250363,0.9152150503022538,0.44364279796444916
2.0669458976072823,-0.3552790762630247,0.39984693962130174
2.065900817445222,-0.3588772053603742,0.36064633419853337
2.0676943831772805,-0.4342447291353864,0.46085847971667143
2.0663555493268717,-0.2418898695955992,0.30686653970754446
2.0615016420917205,-2.006812734033087,0.5358968994043747
2.069673683291975,0.6067378421808851,0.3707301000686583
2.066823841289373,-0.4625321199068595,0.4631850785882173
2.069571382680677,0.6046876502330244,0.3293270830576073
2.065723364271814,-0.6537813019475407,0.33880269101662913
2.071712055515738,1.2491538959072876,0.3848031421820674
2.060614469337677,-1.9798183894656167,0.3683085556057994
2.0700850210724075,0.6635612926469866,0.3912825028317667
2.062315052028627,-1.473785200989717,0.22898813164125892
2.0681330966068203,0.27955059779468083,0.4013665871080275
2.0725804647983765,1.5398269882074436,0.34267800738090703
2.0660617695999006,-0.5156506434358955,0.3302771593087465
2.06345962687269,-1.1626772134337198,0.4176695571984847
2.0627084197512957,-1.4576916134056521,0.41108477042941355
2.0647056824003536,-0.6674614480157702,0.41127900836696785
2.0723058108291768,1.0358544812435666,0.47768454119403886
2.069112182161516,0.3940312653524334,0.35356910180657414
2.0647034828823374,-0.7266415183003893,0.3654631411866459
2.066172450700874,-0.39317083201520425,0.37826978732226485
2.0707759889527644,0.9320285226599264,0.3748690124791004
2.0615016559956505,-1.8342166540342106,0.3709074973875539
2.071543330893861,1.1129384536124103,0.44624409329035486
2.06815029795132,0.17960264011155888,0.3822618049658685
2.062363955309652,-1.3771789840064195,0.4321994080620268
2.064780721626344,-0.6864239232950614,0.4013719370403973
2.066901214649644,-0.2906516618461382,0.45333961822207747
2.0661866878715736,-0.3397186959230079,0.419210079602725
2.065065999685636,-0.7184577689112721,0.30305504730375854
2.0694237103356867,0.2707841350467953,0.4278704851746497
2.0686827545270488,0.19039495631352427,0.3924733137453331
2.0692582122558774,0.21678058842189496,0.41198828132058285
2.0697090336735937,0.29779390680617235,0.46589579792494934
2.0735756538510777,1.5041532491754839,0.44330544255749293
2.0681491818652598,0.1560482740105615,0.3662746669345596
2.068072310588604,0.21112117999974303,0.38489682697412525
2.064897527207393,-0.6526864861203443,0.29503519160424174
2.066541986933592,-0.15029380351995125,0.3678345408151585
2.11615973403716,0.17967425853294539,17.04086552876273
2.0674463387038364,-0.4308717460290468,0.5650808698050641
2.063773966086101,-1.1872111155150378,0.5044485654898667
2.073692587423268,1.5230281878199885,0.49070512000310135
2.0649779402520854,-0.9529410479878823,0.49392355996583526
2.0617614281179253,-1.5762904534359303,0.42296669956052313
2.068136559768928,0.1245455954787015,0.4068699039320194
2.0723856003912364,1.0046783507203672,0.43709199378455516
2.067859588326776,-0.2238453467062252,0.44752336327223863
2.069646560716729,0.5734631314226747,0.4145992419002393
2.0679579068753347,0.037384280268080654,0.4153580618407088
2.0716941048992674,1.0338111204063352,0.4339436049963857
2.0681235412477785,0.2984026827714113,0.41746096627521617
2.0634562870525603,-1.36285250633741,0.39339886324558015
2.0706332773263965,0.9316202105514355,0.36192311661606236
2.0719545927026877,1.395882275067525,0.3654536818760275
2.068444259920193,0.214561161756134,0.3814268658370471
2.073642973317349,1.2832910934169737,0.36855683324218347
2.065156880975455,-0.572218165561316,0.4141060394142228
2.0733343002418803,1.6854322206681125,0.42640560239886227
2.0735045660865192,1.5053792865406974,0.3524947050690169
2.0627689212727582,-1.4020232651094147,0.3520621769901401
2.0679498298213344,0.06610466451121978,0.41524786499510774
2.064085524749791,-1.1711434265192857,0.5343583083871702
2.0711884921017676,0.9678102771829548,0.39712486607108155
2.0686640712255566,0.37631095039690055,0.38348973232974465
2.073207511495801,1.6312696317424311,0.414306431748601
2.0673055820161306,-0.01960903173738306,0.4206882218266399
2.0727510836232015,1.2702461526199083,0.3857983390345393
2.072419648254357,1.4689025712309567,0.4198038335277456
2.069684204968697,0.7498812749373098,0.3319090587078155
2.071436120430775,1.146643489587603,0.3556816900162405
2.066217048655691,-0.39617661270970755,0.3718670020911317
2.0710017565907286,0.8850463041123674,0.28407858102798783
2.063238297508087,-1.4391944496254188,0.49116143650468475
2.0681202204277365,0.17968173506677257,0.3360160667432512
2.069988707184318,0.7185433568570992,0.4452244785110787
2.069902317629991,0.8393868404495969,0.3393391292560582
2.0719078209023225,1.2895629748366673,0.4132185856069487
2.0723655607798173,1.3985793638245052,0.41112436927255525
2.0662966763413295,-0.6013195903460603,0.39660367920155026
2.0736059702576903,1.7365082314960276,0.3012447564893668
2.0703220603933294,0.858351894202528,0.3158474250722794
2.071290224359582,0.9121303286372929,0.3481180925160361
2.0629289090077405,-1.3091893380505737,0.3070086164998985
2.0671378185870504,-0.11294881680752672,0.34820074318020133
2.0707511400736016,0.660918038523631,0.3603780826756764
2.0694970118818183,0.5729932083842693,0.40507767746158524
2.067988578746663,-0.07476057172107142,0.4560367469953554
2.0618355465352596,-1.659051530551771,0.3684615146693758
2.061646179742306,-1.6746313226596894,0.4442203410783546
2.0669603200925333,-0.003541902178859863,0.35631937747415304
2.07026232662839,0.8535039586660708,0.3955324029222493
2.0698324177492156,0.8201698402198739,0.2707913494624218
2.065585823696579,-0.46396639547582763,0.4257178233019422
2.0691496723372773,0.429813174685287,0.44552359386628354
2.072415155993571,1.2348840401475583,0.36829530953170764
2.0738538164926927,1.7369609364180378,0.40986070162146226
2.065438476885377,-0.7372485708309979,0.3575516241765155
2.062280231357048,-1.4559349531977512,0.44214810890146655
2.072292690968972,1.487245023661121,0.38897828715217286
2.071499318194814,1.0574807780527973,0.39860530438523084
2.0717609049845347,1.2914488020502928,0.4344178111317056
2.0686058446676063,0.3128771532246208,0.4444891117726263
2.0655809422106923,-0.4913319271674811,0.42239101010561075
2.0669102453871457,-0.5380411849363469,0.39519156243555437
2.063711140657542,-1.219295932048815,0.32745898062204754
2.0633737038408317,-1.3195989379659605,0.3767750581706257
2.0718500562878313,1.359846631705534,0.3570457904426148
2.0711712950896985,0.7515975194504646,0.4303661240482238
2.0691392992566437,0.5532763010116083,0.390299662704395
2.0724023611460987,1.1928995845874188,0.38488033655463183
2.072542110678486,1.1031524724926112,0.4752600988405559
2.068334661532321,0.1709623846880101,0.3736134841259408
2.069971067450687,0.5285926444176253,0.3625918675171886
2.0645613533952067,-0.7755906613600332,0.3802686994744163
2.0716905250444344,0.8027862723667561,0.47375906438799537
2.0685716185901657,0.31912130925430476,0.3090049237741946
2.06415212999905,-0.9208298025369427,0.4274473577177163
2.0658764604236293,-0.590881785767942,0.41598471052782793
2.0658449578069176,-0.7610948580143281,0.3706131365533866
2.0732529742121626,1.6663241549254941,0.4017429772316968
2.0657785784047618,-0.486570304250748,0.30067372242607526
2.072079235930716,1.2357465428644956,0.3671359537009396
2.068961770779996,0.35692273469865704,0.41818737412669593
2.0723473888842077,1.337240120783536,0.41556543016557745
2.0631931364701774,-1.5057389246141126,0.41665936114398483
2.063028709947906,-1.204558112444442,0.3797153064557478
2.067108146908097,-0.0911234746062434,0.41215933671032
2.0747728427322927,2.024044868751563,0.3644496845578175
2.069152652811159,0.3532584748113165,0.264921327910819
2.067105885706628,-0.46504140096276847,0.4942945567240712
2.068147739458867,0.21399123069778914,0.38664209878614214
2.0609921652245355,-2.096481411195533,0.3848506984573587
2.06309752481863,-1.1851490761742334,0.36095002695270073
2.0696813931046196,0.5115063981245784,0.3618683437303714
2.063950262056818,-1.5070260985908734,0.42987837852379085
2.0664007650038902,-0.4676498857376319,0.39638485797182277
2.0701457438121107,0.568939501572946,0.44629147304941447
2.0662264122527607,-0.2922813205829077,0.4207424334208037
2.0664178823072956,-0.27249424736207595,0.4494698391840808
2.0697843729457053,0.752815961211953,0.40061965163424407
2.0636267120153193,-1.0270972574134627,0.3009685657914777
2.0646674071503512,-0.9315430358048677,0.3854160198392026
